15 0.225806 0.737569 0.057348 0.060773
15 0.335125 0.715470 0.032258 0.049724
15 0.392473 0.759669 0.039427 0.060773
15 0.431900 0.773481 0.017921 0.033149
15 0.453405 0.817680 0.046595 0.033149
15 0.537634 0.765193 0.057348 0.082873
15 0.426523 0.660221 0.035842 0.060773
15 0.297491 0.596685 0.043011 0.055249
15 0.356631 0.596685 0.032258 0.055249
15 0.324373 0.527624 0.032258 0.049724
15 0.293907 0.516575 0.028674 0.049724
15 0.243728 0.447514 0.028674 0.044199
15 0.252688 0.337017 0.032258 0.055249
15 0.218638 0.218232 0.043011 0.049724
15 0.315412 0.127072 0.028674 0.044199
15 0.363799 0.071823 0.039427 0.044199
15 0.446237 0.107735 0.025090 0.049724
15 0.333333 0.328729 0.028674 0.071823
15 0.419355 0.292818 0.028674 0.055249
15 0.455197 0.237569 0.028674 0.044199
15 0.507168 0.243094 0.025090 0.055249
15 0.571685 0.378453 0.053763 0.093923
15 0.532258 0.425414 0.039427 0.066298
15 0.413978 0.519337 0.039427 0.044199
15 0.469534 0.552486 0.028674 0.066298
15 0.526882 0.563536 0.050179 0.099448
15 0.652330 0.549724 0.043011 0.071823
15 0.707885 0.511050 0.025090 0.060773
15 0.845878 0.588398 0.035842 0.071823
15 0.948029 0.508287 0.032258 0.055249
15 0.750896 0.160221 0.068100 0.088398
15 0.978495 0.132597 0.043011 0.088398
15 0.591398 0.212707 0.057348 0.082873
15 0.603943 0.138122 0.046595 0.055249
15 0.736559 0.041436 0.039427 0.049724
15 0.548387 0.889503 0.071685 0.066298
15 0.808244 0.886740 0.053763 0.082873
