15 0.721591 0.703925 0.040909 0.042662
15 0.834091 0.558874 0.022727 0.025597
15 0.887500 0.607509 0.054545 0.037543
15 0.858523 0.738055 0.028409 0.049488
15 0.807955 0.773038 0.043182 0.034130
15 0.834091 0.815700 0.040909 0.037543
15 0.906250 0.900171 0.035227 0.039249
15 0.948864 0.915529 0.034091 0.035836
15 0.777273 0.886519 0.054545 0.066553
15 0.848864 0.950512 0.043182 0.037543
15 0.696023 0.889932 0.028409 0.052901
15 0.725000 0.608362 0.034091 0.029010
15 0.553409 0.823379 0.025000 0.042662
15 0.718750 0.464164 0.021591 0.030717
15 0.765341 0.449659 0.026136 0.025597
15 0.871591 0.404437 0.040909 0.030717
15 0.783523 0.341297 0.021591 0.030717
15 0.755682 0.351536 0.027273 0.030717
15 0.661932 0.407850 0.030682 0.030717
15 0.693182 0.329352 0.031818 0.034130
15 0.627841 0.298635 0.021591 0.023891
15 0.661364 0.273891 0.022727 0.029010
15 0.702273 0.263652 0.015909 0.025597
15 0.726705 0.259386 0.014773 0.023891
15 0.746591 0.270478 0.018182 0.025597
15 0.780114 0.287543 0.021591 0.029010
15 0.851705 0.280717 0.017045 0.022184
15 0.899432 0.280717 0.021591 0.018771
15 0.918182 0.325939 0.034091 0.027304
15 0.945455 0.319966 0.018182 0.035836
15 0.977273 0.291809 0.025000 0.013652
15 0.990341 0.315700 0.019318 0.023891
15 0.786932 0.255973 0.021591 0.020478
15 0.823864 0.255973 0.038636 0.017065
15 0.855114 0.199659 0.028409 0.020478
15 0.952273 0.438567 0.034091 0.040956
15 0.875000 0.538396 0.054545 0.042662
15 0.131250 0.573379 0.028409 0.027304
15 0.057955 0.656997 0.043182 0.040956
15 0.045455 0.593857 0.027273 0.020478
15 0.203409 0.890785 0.029545 0.034130
15 0.159091 0.967577 0.034091 0.030717
15 0.083523 0.929181 0.046591 0.035836
15 0.011364 0.841297 0.020455 0.023891
15 0.011932 0.795222 0.021591 0.020478
15 0.051705 0.707338 0.037500 0.035836
15 0.159659 0.639932 0.030682 0.030717
15 0.199432 0.640785 0.021591 0.025597
15 0.177841 0.590444 0.032955 0.027304
15 0.209091 0.612628 0.031818 0.017065
15 0.230682 0.575939 0.027273 0.025597
15 0.327841 0.597270 0.046591 0.017065
15 0.296591 0.644198 0.056818 0.049488
15 0.118750 0.805461 0.062500 0.037543
15 0.108523 0.850683 0.028409 0.025597
15 0.177841 0.784130 0.032955 0.042662
15 0.190341 0.829352 0.030682 0.017065
15 0.324432 0.819966 0.028409 0.039249
15 0.355682 0.767065 0.022727 0.032423
15 0.434659 0.815700 0.019318 0.020478
15 0.465341 0.837031 0.019318 0.022184
15 0.570455 0.949659 0.036364 0.066553
15 0.597159 0.436007 0.021591 0.022184
15 0.611364 0.397611 0.013636 0.030717
15 0.377841 0.414676 0.028409 0.013652
15 0.373864 0.441980 0.015909 0.020478
15 0.368182 0.470990 0.034091 0.027304
15 0.255114 0.464164 0.023864 0.017065
15 0.284091 0.491468 0.015909 0.023891
15 0.242614 0.520478 0.046591 0.040956
15 0.168182 0.411263 0.018182 0.027304
15 0.121591 0.418089 0.015909 0.013652
15 0.078409 0.422355 0.018182 0.018771
15 0.080682 0.446246 0.018182 0.018771
15 0.008523 0.534983 0.010227 0.029010
15 0.008523 0.594710 0.014773 0.039249
15 0.024432 0.411263 0.035227 0.027304
15 0.011932 0.337031 0.021591 0.018771
15 0.109091 0.350683 0.025000 0.018771
15 0.122159 0.372014 0.017045 0.010239
15 0.265341 0.410410 0.028409 0.018771
15 0.215341 0.456485 0.028409 0.025597
15 0.299432 0.411263 0.014773 0.017065
15 0.330114 0.401024 0.012500 0.017065
15 0.340909 0.421502 0.011364 0.013652
15 0.378409 0.333618 0.018182 0.018771
15 0.421591 0.389932 0.018182 0.022184
15 0.365341 0.386519 0.028409 0.025597
15 0.321023 0.351536 0.026136 0.023891
15 0.264205 0.337031 0.023864 0.018771
15 0.218750 0.301195 0.012500 0.015358
15 0.237500 0.302048 0.013636 0.013652
15 0.261932 0.288396 0.026136 0.020478
15 0.333523 0.287543 0.021591 0.025597
15 0.286932 0.244881 0.037500 0.018771
15 0.359659 0.231229 0.017045 0.022184
15 0.361364 0.196246 0.011364 0.010239
15 0.392614 0.189420 0.012500 0.013652
15 0.448864 0.196246 0.029545 0.013652
15 0.452273 0.209898 0.015909 0.013652
15 0.443750 0.304608 0.014773 0.022184
15 0.586364 0.242321 0.040909 0.017065
15 0.633523 0.207338 0.028409 0.018771
15 0.574432 0.214164 0.019318 0.011945
15 0.543182 0.203072 0.015909 0.010239
15 0.505682 0.319113 0.015909 0.013652
15 0.537500 0.457338 0.022727 0.020478
15 0.556250 0.587031 0.017045 0.030717
15 0.553409 0.636519 0.022727 0.040956
15 0.449432 0.650171 0.019318 0.027304
15 0.509659 0.787543 0.007955 0.025597
15 0.490341 0.924915 0.014773 0.030717
15 0.565909 0.161263 0.015909 0.011945
15 0.193182 0.224403 0.043182 0.018771
15 0.143750 0.291809 0.014773 0.017065
15 0.040341 0.227816 0.030682 0.025597
15 0.050000 0.277304 0.015909 0.022184
15 0.023864 0.199659 0.025000 0.013652
15 0.146591 0.199659 0.025000 0.017065
15 0.164205 0.164676 0.012500 0.018771
15 0.083523 0.196246 0.021591 0.013652
15 0.931250 0.179181 0.012500 0.020478
15 0.886932 0.192833 0.021591 0.013652
15 0.911932 0.192833 0.021591 0.013652
15 0.890341 0.224403 0.042045 0.018771
15 0.924432 0.224403 0.012500 0.015358
15 0.955682 0.216724 0.025000 0.020478
15 0.984659 0.168942 0.017045 0.027304
15 0.811932 0.154437 0.014773 0.018771
15 0.827841 0.146758 0.019318 0.020478
15 0.806250 0.136519 0.017045 0.013652
15 0.740341 0.153584 0.012500 0.017065
15 0.737500 0.182594 0.013636 0.020478
15 0.707955 0.150171 0.015909 0.013652
15 0.690909 0.143345 0.018182 0.020478
15 0.670455 0.147611 0.013636 0.018771
15 0.640909 0.153584 0.015909 0.013652
15 0.624432 0.174915 0.012500 0.015358
15 0.615341 0.129693 0.012500 0.013652
15 0.642614 0.100683 0.014773 0.020478
15 0.608523 0.104949 0.012500 0.008532
15 0.557955 0.132253 0.009091 0.008532
15 0.564773 0.140785 0.018182 0.015358
15 0.536364 0.133106 0.009091 0.013652
15 0.680682 0.232082 0.015909 0.017065
15 0.697159 0.224403 0.017045 0.018771
15 0.721023 0.227816 0.019318 0.025597
15 0.753409 0.228669 0.018182 0.020478
15 0.811932 0.253413 0.019318 0.022184
15 0.986364 0.608362 0.027273 0.042662
15 0.625000 0.691980 0.011364 0.035836
15 0.649432 0.703072 0.010227 0.027304
15 0.336364 0.527304 0.025000 0.020478
15 0.150000 0.534130 0.029545 0.023891
15 0.192614 0.337031 0.014773 0.015358
15 0.472727 0.469283 0.045455 0.047782
15 0.760795 0.408703 0.023864 0.022184
15 0.688636 0.688567 0.018182 0.029010
15 0.327841 0.736348 0.030682 0.032423
15 0.308523 0.783276 0.030682 0.030717
