15 0.590385 0.370000 0.040385 0.049333
15 0.484615 0.484000 0.032692 0.048000
15 0.481731 0.538000 0.042308 0.028000
15 0.532692 0.605333 0.038462 0.061333
15 0.464423 0.710667 0.040385 0.053333
15 0.516346 0.717333 0.032692 0.040000
15 0.536538 0.774000 0.026923 0.044000
15 0.682212 0.794667 0.033654 0.050667
15 0.750962 0.848667 0.036538 0.049333
15 0.689423 0.856667 0.030769 0.038667
15 0.575000 0.903333 0.032692 0.054667
15 0.456250 0.916000 0.047115 0.048000
15 0.462981 0.848000 0.050962 0.056000
15 0.162981 0.730667 0.035577 0.042667
15 0.197115 0.530667 0.032692 0.045333
15 0.348077 0.278000 0.026923 0.041333
15 0.449519 0.324000 0.029808 0.058667
15 0.379808 0.500000 0.025000 0.066667
15 0.448558 0.448000 0.024038 0.050667
15 0.562500 0.224000 0.032692 0.050667
15 0.584615 0.047333 0.030769 0.038667
15 0.701923 0.126667 0.032692 0.053333
15 0.841827 0.509333 0.016346 0.029333
15 0.942788 0.600667 0.022115 0.046667
15 0.810096 0.495333 0.018269 0.028000
