15 0.238095 0.711480 0.016484 0.024169
15 0.332418 0.687311 0.018315 0.024169
15 0.368590 0.632931 0.013736 0.027190
15 0.330586 0.584592 0.020147 0.030211
15 0.297161 0.551360 0.024725 0.030211
15 0.225275 0.514350 0.020147 0.031722
15 0.147894 0.490937 0.022894 0.024169
15 0.180403 0.407100 0.016484 0.028701
15 0.195513 0.310423 0.019231 0.022659
15 0.364469 0.398036 0.021978 0.034743
15 0.420788 0.247734 0.022894 0.039275
15 0.542582 0.436556 0.019231 0.030211
15 0.563645 0.675982 0.026557 0.022659
15 0.704670 0.725831 0.024725 0.034743
15 0.729396 0.593656 0.013736 0.030211
15 0.809524 0.635952 0.021978 0.039275
15 0.739927 0.432779 0.025641 0.037764
15 0.644231 0.341390 0.030220 0.036254
15 0.617674 0.213746 0.028388 0.013595
15 0.713370 0.265861 0.018315 0.045317
15 0.746337 0.210725 0.021978 0.031722
15 0.792582 0.177492 0.021062 0.025680
15 0.864927 0.329305 0.017399 0.033233
15 0.834707 0.358006 0.015568 0.033233
15 0.766941 0.350453 0.015568 0.024169
15 0.763278 0.322508 0.015568 0.025680
15 0.882784 0.557402 0.014652 0.030211
