15 0.372228 0.520045 0.017951 0.037862
15 0.375924 0.407572 0.016895 0.035635
15 0.357445 0.168151 0.024287 0.073497
15 0.409187 0.101336 0.013728 0.037862
15 0.602957 0.280624 0.014784 0.044543
15 0.653115 0.253898 0.020063 0.044543
15 0.681626 0.173719 0.022175 0.048998
15 0.797254 0.106904 0.010560 0.035635
15 0.782471 0.846325 0.016895 0.040089
15 0.736008 0.717149 0.019007 0.035635
15 0.575502 0.601336 0.019007 0.035635
15 0.635692 0.518931 0.023231 0.053452
15 0.488912 0.636971 0.019007 0.035635
15 0.616156 0.873051 0.015839 0.026726
15 0.285111 0.595768 0.031679 0.046771
15 0.121436 0.629176 0.025343 0.051225
15 0.111932 0.500000 0.025343 0.051225
15 0.138332 0.828508 0.021119 0.044543
