15 0.271250 0.942281 0.030000 0.045897
15 0.421875 0.881085 0.051250 0.043115
15 0.520000 0.850487 0.042500 0.037552
15 0.573125 0.813630 0.033750 0.041725
15 0.436250 0.776078 0.032500 0.033380
15 0.160000 0.795549 0.047500 0.030598
15 0.117500 0.500000 0.037500 0.065369
15 0.233125 0.456189 0.041250 0.036161
15 0.070000 0.378999 0.037500 0.037552
15 0.334375 0.228790 0.056250 0.040334
15 0.571250 0.476356 0.062500 0.054242
15 0.405000 0.585535 0.030000 0.030598
15 0.448750 0.607093 0.035000 0.034771
15 0.575000 0.369958 0.045000 0.038943
15 0.682500 0.384562 0.047500 0.054242
15 0.693125 0.287900 0.033750 0.041725
15 0.754375 0.191238 0.036250 0.043115
15 0.692500 0.156467 0.027500 0.034771
15 0.790000 0.710014 0.032500 0.040334
15 0.738750 0.735744 0.025000 0.027816
15 0.855000 0.598053 0.037500 0.033380
