15 0.251927 0.637363 0.047206 0.032967
15 0.409441 0.434753 0.026975 0.028846
15 0.388728 0.565247 0.022158 0.034341
15 0.443642 0.495879 0.016378 0.024725
15 0.470617 0.444368 0.026012 0.028846
15 0.538054 0.445055 0.018304 0.030220
15 0.597303 0.484203 0.017341 0.034341
15 0.635838 0.452610 0.023121 0.023352
15 0.343449 0.303571 0.026012 0.032967
15 0.484586 0.151099 0.019268 0.021978
15 0.506744 0.138049 0.015414 0.028846
15 0.268786 0.237637 0.023121 0.019231
15 0.217726 0.278846 0.015414 0.030220
15 0.589114 0.731456 0.027938 0.026099
15 0.644509 0.690247 0.030829 0.031593
