15 0.814286 0.766667 0.043810 0.066667
15 0.766667 0.358621 0.043810 0.073563
15 0.263810 0.185057 0.043810 0.039080
16 0.541905 0.731034 0.047619 0.055172
16 0.684762 0.736782 0.040000 0.062069
16 0.480952 0.454023 0.066667 0.057471
16 0.720000 0.459770 0.045714 0.041379
16 0.414286 0.722989 0.059048 0.034483
16 0.290476 0.604598 0.055238 0.055172
16 0.259048 0.701149 0.064762 0.055172
16 0.191429 0.706897 0.062857 0.048276
16 0.083810 0.800000 0.045714 0.064368
16 0.455238 0.904598 0.072381 0.071264
16 0.586667 0.889655 0.053333 0.068966
