15 0.275430 0.589029 0.043818 0.041367
15 0.459311 0.435252 0.039124 0.032374
15 0.598592 0.517986 0.035994 0.032374
15 0.464789 0.682554 0.043818 0.044964
15 0.487480 0.874101 0.042254 0.043165
15 0.640063 0.816547 0.046948 0.053957
16 0.030516 0.633094 0.029734 0.032374
16 0.063380 0.624101 0.035994 0.021583
16 0.054773 0.657374 0.018779 0.034173
16 0.075117 0.802158 0.031299 0.043165
16 0.021909 0.804856 0.015649 0.019784
16 0.094679 0.967626 0.035994 0.032374
16 0.136933 0.914568 0.039124 0.034173
16 0.159624 0.862410 0.021909 0.023381
16 0.771518 0.705036 0.043818 0.046763
16 0.729264 0.700540 0.018779 0.016187
16 0.767606 0.781475 0.020344 0.026978
16 0.785603 0.480216 0.037559 0.039568
16 0.539124 0.308453 0.048513 0.044964
16 0.448357 0.211331 0.048513 0.023381
16 0.196401 0.250899 0.029734 0.026978
