15 0.353621 0.510350 0.044684 0.033439
15 0.193374 0.557325 0.035439 0.035032
15 0.441448 0.718949 0.038521 0.033439
15 0.483821 0.659236 0.046225 0.025478
15 0.593991 0.460191 0.029276 0.031847
15 0.700308 0.530255 0.035439 0.035032
15 0.795069 0.562102 0.033898 0.041401
15 0.843606 0.644108 0.029276 0.039809
15 0.730354 0.726911 0.033898 0.039809
15 0.608629 0.820860 0.055470 0.049363
15 0.680277 0.771497 0.026194 0.020701
15 0.697997 0.828822 0.033898 0.030255
15 0.755008 0.886146 0.043143 0.046178
15 0.551618 0.946656 0.024653 0.023885
15 0.760401 0.945860 0.041602 0.031847
15 0.584746 0.865446 0.023112 0.017516
15 0.412943 0.297771 0.030817 0.028662
15 0.545455 0.345541 0.036980 0.035032
15 0.653313 0.392516 0.033898 0.033439
15 0.815871 0.393312 0.029276 0.044586
15 0.752696 0.287420 0.038521 0.033439
15 0.197997 0.187102 0.047766 0.027070
15 0.318182 0.149682 0.035439 0.025478
15 0.474576 0.082803 0.040062 0.035032
15 0.573190 0.044586 0.036980 0.028662
15 0.631741 0.082803 0.046225 0.041401
