15 0.397260 0.824545 0.027397 0.060000
15 0.128995 0.642727 0.045662 0.052727
15 0.092466 0.424545 0.022831 0.034545
15 0.203767 0.367273 0.026256 0.043636
15 0.263128 0.180000 0.037671 0.036364
15 0.743721 0.442727 0.030822 0.041818
15 0.694064 0.399091 0.029680 0.034545
15 0.602740 0.435455 0.036530 0.041818
15 0.733447 0.186364 0.023973 0.038182
15 0.771689 0.200909 0.020548 0.045455
15 0.410388 0.150000 0.028539 0.041818
15 0.444635 0.199091 0.019406 0.030909
15 0.425799 0.257273 0.027397 0.034545
15 0.470320 0.299091 0.025114 0.038182
15 0.440639 0.359091 0.027397 0.038182
15 0.485160 0.387273 0.020548 0.029091
15 0.530822 0.357273 0.034247 0.049091
15 0.542808 0.160000 0.021689 0.047273
15 0.613014 0.294545 0.022831 0.043636
15 0.648402 0.317273 0.022831 0.034545
15 0.477740 0.615455 0.026256 0.034545
15 0.493151 0.559091 0.029680 0.049091
15 0.840753 0.132727 0.019406 0.029091
