15 0.382500 0.700297 0.015000 0.029674
15 0.416667 0.681009 0.016667 0.020772
15 0.370000 0.611276 0.030000 0.029674
15 0.340000 0.663205 0.020000 0.026706
15 0.362500 0.670623 0.015000 0.023739
15 0.351667 0.691395 0.013333 0.017804
15 0.365000 0.704748 0.010000 0.032641
15 0.434167 0.643917 0.011667 0.029674
15 0.414167 0.574184 0.015000 0.026706
15 0.389167 0.560831 0.011667 0.017804
15 0.406667 0.482196 0.016667 0.026706
15 0.374167 0.504451 0.018333 0.017804
15 0.376667 0.465875 0.010000 0.017804
15 0.321667 0.626113 0.016667 0.023739
15 0.316667 0.583086 0.013333 0.020772
15 0.300000 0.596439 0.010000 0.023739
15 0.274167 0.591988 0.015000 0.020772
15 0.254167 0.599407 0.011667 0.011869
15 0.246667 0.581602 0.013333 0.023739
15 0.231667 0.580119 0.013333 0.014837
15 0.211667 0.556380 0.010000 0.014837
15 0.191667 0.544510 0.013333 0.008902
15 0.179167 0.550445 0.011667 0.014837
15 0.191667 0.568249 0.010000 0.032641
15 0.226667 0.678042 0.016667 0.020772
15 0.244167 0.664688 0.018333 0.023739
15 0.275000 0.661721 0.010000 0.017804
15 0.299167 0.652819 0.011667 0.017804
15 0.274167 0.694362 0.011667 0.029674
15 0.286667 0.682493 0.010000 0.017804
15 0.286667 0.715134 0.006667 0.017804
15 0.299167 0.724036 0.008333 0.017804
15 0.311667 0.738872 0.006667 0.023739
15 0.421667 0.729970 0.013333 0.023739
15 0.189167 0.606825 0.011667 0.014837
15 0.206667 0.611276 0.010000 0.017804
15 0.220000 0.617211 0.010000 0.017804
15 0.176667 0.649852 0.016667 0.029674
15 0.159167 0.624629 0.011667 0.014837
15 0.294167 0.765579 0.018333 0.017804
15 0.276667 0.781899 0.010000 0.008902
15 0.301667 0.808605 0.010000 0.026706
15 0.332500 0.811573 0.015000 0.014837
15 0.324167 0.827893 0.011667 0.023739
15 0.346667 0.833828 0.013333 0.023739
15 0.314167 0.850148 0.011667 0.014837
15 0.339167 0.869436 0.015000 0.023739
15 0.376667 0.872404 0.013333 0.017804
15 0.381667 0.856083 0.010000 0.008902
15 0.284167 0.870920 0.021667 0.026706
15 0.321667 0.896142 0.016667 0.023739
15 0.264167 0.827893 0.018333 0.023739
15 0.231667 0.829377 0.023333 0.026706
15 0.251667 0.780415 0.023333 0.023739
15 0.219167 0.756677 0.011667 0.017804
15 0.219167 0.715134 0.008333 0.017804
15 0.231667 0.712166 0.006667 0.023739
15 0.251667 0.709199 0.013333 0.023739
15 0.194167 0.703264 0.018333 0.023739
15 0.186667 0.718101 0.016667 0.017804
15 0.179167 0.750742 0.011667 0.017804
15 0.124167 0.761128 0.008333 0.014837
15 0.146667 0.718101 0.013333 0.023739
15 0.141667 0.609792 0.013333 0.008902
15 0.139167 0.593472 0.008333 0.017804
15 0.154167 0.575668 0.011667 0.011869
15 0.151667 0.557864 0.013333 0.017804
15 0.122500 0.545994 0.015000 0.017804
15 0.086667 0.577151 0.013333 0.026706
15 0.116667 0.605341 0.010000 0.023739
15 0.086667 0.635015 0.016667 0.017804
15 0.101667 0.692878 0.006667 0.026706
15 0.254167 0.899110 0.008333 0.017804
15 0.286667 0.930267 0.013333 0.020772
15 0.201667 0.967359 0.020000 0.029674
15 0.129167 0.959941 0.015000 0.026706
15 0.079167 0.700297 0.025000 0.029674
15 0.052500 0.661721 0.015000 0.017804
15 0.041667 0.636499 0.010000 0.014837
15 0.054167 0.640950 0.005000 0.023739
15 0.126667 0.489614 0.006667 0.017804
15 0.209167 0.494065 0.021667 0.026706
15 0.221667 0.452522 0.013333 0.032641
15 0.226667 0.415430 0.013333 0.023739
15 0.241667 0.406528 0.010000 0.023739
15 0.289167 0.489614 0.011667 0.023739
15 0.306667 0.482196 0.013333 0.026706
15 0.346667 0.413947 0.013333 0.026706
15 0.366667 0.390208 0.016667 0.026706
15 0.396667 0.367953 0.013333 0.017804
15 0.321667 0.353116 0.010000 0.017804
15 0.364167 0.311573 0.011667 0.029674
15 0.436667 0.356083 0.010000 0.017804
15 0.441667 0.344214 0.013333 0.017804
15 0.464167 0.461424 0.011667 0.014837
15 0.464167 0.406528 0.015000 0.023739
15 0.626667 0.422849 0.013333 0.020772
15 0.622500 0.390208 0.015000 0.020772
15 0.606667 0.367953 0.013333 0.017804
15 0.669167 0.520772 0.021667 0.020772
15 0.629167 0.575668 0.011667 0.017804
15 0.636667 0.692878 0.010000 0.026706
15 0.664167 0.694362 0.011667 0.017804
15 0.699167 0.686944 0.011667 0.026706
15 0.676667 0.663205 0.013333 0.020772
15 0.705000 0.593472 0.010000 0.023739
15 0.704167 0.551929 0.011667 0.023739
15 0.694167 0.532641 0.008333 0.014837
15 0.704167 0.495549 0.011667 0.017804
15 0.741667 0.725519 0.016667 0.032641
15 0.684167 0.857567 0.011667 0.023739
15 0.639167 0.838279 0.015000 0.026706
15 0.604167 0.912463 0.011667 0.026706
15 0.576667 0.906528 0.010000 0.008902
15 0.634167 0.971810 0.011667 0.020772
15 0.625000 0.925816 0.010000 0.023739
15 0.640000 0.922849 0.010000 0.017804
15 0.625000 0.890208 0.010000 0.017804
15 0.751667 0.961424 0.026667 0.035608
15 0.711667 0.862018 0.033333 0.074184
15 0.754167 0.833828 0.011667 0.023739
15 0.391667 0.249258 0.020000 0.023739
15 0.379167 0.281899 0.008333 0.023739
15 0.369167 0.278932 0.015000 0.017804
15 0.366667 0.255193 0.010000 0.017804
15 0.306667 0.255193 0.010000 0.017804
15 0.314167 0.232938 0.011667 0.020772
15 0.346667 0.209199 0.013333 0.014837
15 0.722500 0.241840 0.015000 0.014837
15 0.702500 0.229970 0.015000 0.008902
15 0.616667 0.237389 0.010000 0.011869
15 0.694167 0.439169 0.021667 0.017804
15 0.701667 0.468843 0.016667 0.017804
15 0.721667 0.452522 0.016667 0.032641
15 0.654167 0.379822 0.008333 0.017804
15 0.639167 0.379822 0.011667 0.017804
15 0.826667 0.403561 0.023333 0.023739
15 0.749167 0.449555 0.011667 0.014837
15 0.765000 0.434718 0.010000 0.014837
15 0.694167 0.416914 0.021667 0.020772
15 0.686667 0.405045 0.013333 0.020772
15 0.939167 0.669139 0.028333 0.032641
15 0.869167 0.734421 0.035000 0.032641
15 0.821667 0.694362 0.020000 0.029674
15 0.794167 0.695846 0.028333 0.026706
15 0.795000 0.731454 0.020000 0.020772
15 0.906667 0.566766 0.020000 0.023739
15 0.951667 0.556380 0.016667 0.032641
15 0.781667 0.543027 0.010000 0.017804
15 0.754167 0.575668 0.018333 0.023739
15 0.726667 0.586053 0.013333 0.032641
15 0.857500 0.272997 0.025000 0.023739
15 0.805000 0.284866 0.020000 0.023739
15 0.846667 0.178042 0.016667 0.017804
15 0.856667 0.525223 0.016667 0.023739
15 0.459167 0.264095 0.008333 0.011869
15 0.436667 0.305638 0.013333 0.017804
15 0.449167 0.320475 0.008333 0.011869
15 0.609167 0.626113 0.018333 0.023739
15 0.596667 0.451039 0.010000 0.023739
15 0.691667 0.330861 0.013333 0.014837
15 0.669167 0.335312 0.011667 0.023739
15 0.636667 0.344214 0.013333 0.017804
15 0.589167 0.348665 0.008333 0.020772
15 0.636667 0.320475 0.013333 0.023739
15 0.644167 0.278932 0.011667 0.029674
15 0.626667 0.274481 0.010000 0.014837
15 0.776667 0.272997 0.013333 0.017804
15 0.884167 0.445104 0.018333 0.023739
15 0.954167 0.502967 0.025000 0.032641
15 0.789167 0.584570 0.021667 0.023739
15 0.874167 0.630564 0.015000 0.026706
15 0.876667 0.584570 0.026667 0.035608
15 0.791667 0.394659 0.013333 0.023739
15 0.721667 0.391691 0.016667 0.017804
15 0.709167 0.363501 0.011667 0.008902
15 0.916667 0.222552 0.010000 0.017804
15 0.905000 0.232938 0.010000 0.014837
15 0.862500 0.244807 0.015000 0.008902
15 0.819167 0.261128 0.028333 0.023739
15 0.809167 0.215134 0.008333 0.008902
15 0.829167 0.207715 0.011667 0.023739
15 0.789167 0.212166 0.011667 0.008902
15 0.776667 0.317507 0.010000 0.017804
15 0.849167 0.317507 0.025000 0.023739
15 0.966667 0.255193 0.043333 0.023739
15 0.927500 0.283383 0.015000 0.014837
15 0.154167 0.464392 0.015000 0.020772
15 0.164167 0.431751 0.015000 0.020772
15 0.169167 0.468843 0.011667 0.023739
15 0.139167 0.436202 0.018333 0.017804
15 0.289167 0.424332 0.011667 0.023739
15 0.284167 0.388724 0.015000 0.017804
15 0.286667 0.367953 0.010000 0.017804
15 0.131667 0.830861 0.016667 0.023739
15 0.149167 0.814540 0.011667 0.020772
15 0.179167 0.836795 0.015000 0.023739
15 0.070000 0.906528 0.030000 0.032641
15 0.036667 0.862018 0.016667 0.026706
15 0.036667 0.836795 0.016667 0.023739
15 0.096667 0.765579 0.023333 0.035608
15 0.058333 0.750742 0.020000 0.023739
15 0.031667 0.292285 0.023333 0.032641
15 0.934167 0.875371 0.021667 0.029674
15 0.826667 0.882789 0.023333 0.026706
15 0.781667 0.910979 0.020000 0.017804
15 0.629167 0.756677 0.018333 0.023739
15 0.709167 0.155786 0.015000 0.008902
15 0.486667 0.163205 0.006667 0.017804
15 0.439167 0.204748 0.011667 0.017804
15 0.434167 0.237389 0.018333 0.017804
15 0.469167 0.244807 0.011667 0.014837
15 0.490000 0.256677 0.010000 0.014837
15 0.324167 0.436202 0.011667 0.017804
15 0.261667 0.301187 0.006667 0.020772
15 0.236667 0.341246 0.010000 0.017804
15 0.299167 0.034125 0.015000 0.020772
15 0.456667 0.142433 0.013333 0.017804
15 0.914167 0.344214 0.011667 0.017804
16 0.385000 0.182493 0.006667 0.008902
16 0.401667 0.173591 0.016667 0.020772
16 0.266667 0.252226 0.013333 0.017804
