15 0.480278 0.943110 0.032483 0.030341
15 0.450116 0.789507 0.034803 0.034134
15 0.225058 0.646018 0.046404 0.040455
15 0.406032 0.407080 0.032483 0.027813
15 0.335267 0.292668 0.032483 0.034134
15 0.285963 0.175727 0.029002 0.025284
15 0.850928 0.362200 0.019722 0.026549
15 0.841067 0.520860 0.025522 0.042984
15 0.892691 0.483565 0.026682 0.049305
15 0.922274 0.596713 0.025522 0.042984
15 0.906613 0.823641 0.047564 0.059418
15 0.776682 0.208597 0.038283 0.025284
15 0.819606 0.295828 0.024362 0.030341
