15 0.356023 0.673030 0.020670 0.030788
15 0.316465 0.655788 0.018532 0.020936
15 0.303279 0.625616 0.017819 0.017241
15 0.305061 0.602217 0.018532 0.024631
15 0.404847 0.501232 0.025659 0.034483
15 0.360656 0.521552 0.022808 0.028325
15 0.316465 0.508621 0.011404 0.017241
15 0.353172 0.461207 0.017819 0.028325
15 0.387741 0.435345 0.018532 0.025862
15 0.422666 0.458744 0.012830 0.030788
15 0.465788 0.432882 0.014968 0.030788
15 0.493942 0.456897 0.015681 0.024631
15 0.526016 0.423030 0.014255 0.040640
15 0.593728 0.756158 0.022808 0.034483
15 0.505346 0.721675 0.019957 0.036946
15 0.513899 0.690887 0.009979 0.014778
15 0.527798 0.696429 0.006415 0.028325
15 0.527085 0.724754 0.012117 0.016010
15 0.601212 0.690887 0.014968 0.032020
15 0.526016 0.612685 0.022808 0.035714
15 0.492160 0.615148 0.013542 0.020936
15 0.500713 0.578818 0.014968 0.027094
15 0.473272 0.563424 0.018532 0.030788
15 0.466857 0.529557 0.011404 0.024631
15 0.453671 0.514163 0.007840 0.016010
15 0.257306 0.524015 0.012830 0.028325
15 0.294726 0.301724 0.033500 0.088670
15 0.349252 0.339286 0.012830 0.028325
15 0.305061 0.383621 0.012830 0.028325
15 0.331433 0.388547 0.007128 0.011084
15 0.387028 0.399631 0.009979 0.025862
15 0.416964 0.325123 0.029936 0.056650
15 0.370991 0.266626 0.013542 0.020936
15 0.353885 0.211207 0.016393 0.030788
15 0.583393 0.313424 0.019244 0.028325
15 0.554170 0.370690 0.014968 0.032020
15 0.553457 0.422414 0.012117 0.032020
15 0.600143 0.416872 0.017106 0.028325
15 0.416964 0.902094 0.014255 0.030788
15 0.308981 0.953818 0.016393 0.038177
15 0.285460 0.937808 0.016393 0.018473
15 0.288311 0.893473 0.013542 0.020936
15 0.298646 0.870074 0.014255 0.030788
15 0.321098 0.876232 0.013542 0.030788
15 0.350321 0.891010 0.009266 0.028325
15 0.364220 0.933498 0.012830 0.027094
15 0.439416 0.974754 0.016393 0.038177
15 0.368140 0.623153 0.014968 0.024631
15 0.250535 0.641626 0.016393 0.024631
15 0.133999 0.693966 0.014255 0.020936
15 0.099430 0.717365 0.007840 0.023399
15 0.085175 0.721675 0.013542 0.039409
15 0.054170 0.714286 0.014255 0.039409
15 0.027798 0.727217 0.012830 0.028325
15 0.192445 0.614532 0.038489 0.046798
15 0.162153 0.777709 0.024947 0.033251
15 0.432288 0.690271 0.014968 0.025862
15 0.434783 0.620074 0.015681 0.025862
15 0.458304 0.636084 0.012830 0.033251
15 0.472559 0.899015 0.015681 0.029557
15 0.495011 0.839286 0.019244 0.030788
15 0.558803 0.503079 0.015681 0.033251
15 0.528867 0.519089 0.018532 0.045567
15 0.699929 0.597291 0.018532 0.039409
15 0.694227 0.661946 0.015681 0.020936
15 0.702780 0.644089 0.017106 0.029557
15 0.734498 0.644089 0.014968 0.034483
15 0.745189 0.701355 0.014968 0.025862
15 0.750535 0.732143 0.012830 0.020936
15 0.770492 0.737069 0.011404 0.020936
15 0.789024 0.774631 0.014255 0.019704
15 0.741269 0.814655 0.009979 0.020936
15 0.375624 0.809729 0.017106 0.030788
15 0.422666 0.788793 0.012830 0.028325
15 0.466857 0.737069 0.014255 0.023399
15 0.379544 0.744458 0.012117 0.013547
15 0.385959 0.722291 0.009266 0.016010
15 0.347470 0.727833 0.016393 0.017241
15 0.272274 0.753695 0.021383 0.041872
15 0.294726 0.740764 0.007840 0.013547
15 0.301497 0.724754 0.011404 0.013547
15 0.294726 0.695813 0.010691 0.014778
15 0.533500 0.849754 0.017819 0.027094
15 0.564505 0.876232 0.021383 0.050493
15 0.602281 0.872537 0.022808 0.025862
15 0.598361 0.828818 0.027798 0.036946
15 0.632217 0.878079 0.019957 0.036946
15 0.673557 0.929187 0.009979 0.016010
15 0.629366 0.764163 0.009979 0.018473
15 0.636137 0.744458 0.014968 0.033251
15 0.652887 0.750616 0.018532 0.028325
15 0.626515 0.696429 0.011404 0.018473
15 0.662153 0.586823 0.014255 0.016010
15 0.723450 0.555419 0.025659 0.044335
15 0.710264 0.514163 0.024947 0.028325
15 0.696009 0.487069 0.010691 0.023399
15 0.840699 0.490148 0.020670 0.032020
15 0.808981 0.461823 0.022808 0.044335
15 0.732716 0.400862 0.012830 0.018473
15 0.707413 0.394089 0.006415 0.014778
15 0.673557 0.388547 0.012830 0.020936
15 0.642552 0.383621 0.010691 0.016010
15 0.644334 0.427956 0.012830 0.020936
15 0.806130 0.643473 0.009979 0.020936
15 0.843550 0.643473 0.012117 0.020936
15 0.772274 0.576355 0.012117 0.027094
15 0.761939 0.617611 0.009979 0.028325
15 0.826800 0.578202 0.009979 0.020936
15 0.844619 0.570813 0.007128 0.020936
15 0.740200 0.855296 0.012117 0.023399
15 0.724163 0.867611 0.012830 0.020936
15 0.675339 0.828818 0.010691 0.029557
15 0.654669 0.836823 0.016393 0.030788
15 0.644334 0.951355 0.009979 0.020936
15 0.651105 0.927956 0.007840 0.020936
15 0.632217 0.947660 0.012830 0.018473
15 0.622951 0.956281 0.012830 0.018473
15 0.514612 0.969828 0.031361 0.060345
15 0.549537 0.977217 0.022808 0.016010
15 0.583393 0.528941 0.013542 0.016010
15 0.601212 0.534483 0.007840 0.017241
15 0.596579 0.461823 0.015681 0.029557
15 0.573058 0.201355 0.014255 0.025862
15 0.562723 0.232143 0.010691 0.025862
15 0.599430 0.203818 0.018532 0.033251
15 0.601212 0.157020 0.017819 0.025862
15 0.552388 0.169951 0.009979 0.019704
15 0.504277 0.200123 0.013542 0.025862
15 0.509979 0.157020 0.013542 0.025862
15 0.470421 0.189655 0.012830 0.017241
15 0.437634 0.211207 0.012830 0.018473
15 0.429081 0.197660 0.015681 0.018473
15 0.425517 0.180419 0.009979 0.013547
15 0.439416 0.161946 0.010691 0.016010
15 0.406629 0.159483 0.016393 0.020936
15 0.365289 0.153325 0.013542 0.020936
15 0.453671 0.125616 0.023521 0.032020
15 0.431219 0.089286 0.018532 0.028325
15 0.480756 0.065887 0.024947 0.033251
15 0.511048 0.346675 0.018532 0.028325
15 0.470421 0.370074 0.012830 0.020936
15 0.440485 0.407020 0.011404 0.013547
15 0.492160 0.414409 0.013542 0.018473
15 0.707413 0.362685 0.014968 0.025862
15 0.823949 0.410099 0.024234 0.039409
15 0.598361 0.102217 0.010691 0.019704
15 0.540271 0.111453 0.018532 0.025862
15 0.520314 0.059729 0.012830 0.018473
15 0.605845 0.070813 0.022808 0.023399
15 0.682823 0.224754 0.011404 0.016010
15 0.672488 0.232759 0.013542 0.017241
15 0.673557 0.201355 0.009979 0.023399
15 0.686743 0.185961 0.013542 0.022167
15 0.661440 0.149631 0.032787 0.043103
15 0.775125 0.078818 0.019244 0.027094
15 0.773343 0.285099 0.022808 0.035714
15 0.782609 0.373153 0.027085 0.049261
15 0.728083 0.331281 0.014968 0.036946
15 0.699929 0.315887 0.012830 0.023399
15 0.713828 0.266010 0.013542 0.032020
15 0.815396 0.267857 0.018532 0.035714
15 0.853885 0.326355 0.024234 0.044335
15 0.859587 0.190887 0.015681 0.034483
15 0.878475 0.071429 0.019244 0.034483
15 0.781540 0.044951 0.019244 0.030788
15 0.864220 0.032020 0.013542 0.027094
15 0.856023 0.411946 0.028510 0.055419
15 0.869922 0.487685 0.014968 0.029557
15 0.160371 0.914409 0.014255 0.020936
15 0.148254 0.899015 0.018532 0.019704
15 0.148254 0.867611 0.012830 0.030788
15 0.166073 0.883621 0.007128 0.018473
15 0.213828 0.893473 0.005702 0.016010
15 0.147185 0.814655 0.023521 0.018473
15 0.191376 0.808498 0.007840 0.020936
15 0.100143 0.883621 0.016393 0.016010
15 0.081611 0.904557 0.012117 0.023399
15 0.070207 0.946429 0.016393 0.028325
15 0.043835 0.945197 0.019244 0.025862
15 0.015681 0.943350 0.015681 0.027094
15 0.011761 0.878079 0.022096 0.036946
15 0.046686 0.867611 0.014968 0.025862
15 0.025303 0.834360 0.012117 0.028325
15 0.042053 0.831281 0.012830 0.029557
15 0.046686 0.790025 0.009266 0.016010
15 0.016750 0.776478 0.009266 0.020936
15 0.004277 0.727217 0.007128 0.028325
15 0.026372 0.568966 0.051319 0.071429
15 0.198147 0.979680 0.017106 0.018473
15 0.139701 0.974754 0.012830 0.013547
15 0.135068 0.943966 0.013542 0.018473
15 0.111547 0.948276 0.009266 0.012315
15 0.082324 0.984606 0.016393 0.025862
15 0.685674 0.573892 0.018532 0.046798
16 0.705274 0.783251 0.024947 0.036946
16 0.716322 0.748153 0.015681 0.025862
16 0.686743 0.713054 0.014968 0.041872
16 0.684248 0.752463 0.019957 0.029557
16 0.660014 0.647783 0.015681 0.024631
16 0.640770 0.616995 0.014255 0.022167
