15 0.252224 0.041610 0.075623 0.064120
15 0.092972 0.285130 0.066726 0.092769
15 0.077402 0.457708 0.051601 0.080491
15 0.209520 0.776944 0.047153 0.061392
15 0.449288 0.721010 0.023132 0.039563
15 0.384786 0.686903 0.025801 0.028649
15 0.571174 0.500682 0.030249 0.038199
15 0.765569 0.409959 0.036477 0.053206
15 0.817171 0.324011 0.022242 0.042292
15 0.785587 0.307640 0.021352 0.031378
15 0.720641 0.343793 0.016014 0.040928
15 0.667705 0.350614 0.024021 0.032742
15 0.687278 0.422920 0.036477 0.049113
15 0.704626 0.456344 0.021352 0.047749
15 0.735320 0.564802 0.025801 0.035471
15 0.714413 0.599591 0.019573 0.031378
15 0.665036 0.607094 0.013345 0.030014
15 0.582295 0.567531 0.027580 0.035471
15 0.632117 0.541610 0.013345 0.021828
15 0.617883 0.450887 0.016904 0.023192
15 0.620552 0.477490 0.011566 0.027285
15 0.595641 0.468622 0.020463 0.028649
15 0.549822 0.398363 0.021352 0.032742
15 0.523132 0.383356 0.026690 0.030014
15 0.523577 0.339700 0.022242 0.021828
15 0.536032 0.312415 0.018683 0.030014
15 0.559609 0.318554 0.012456 0.031378
15 0.590302 0.330832 0.011566 0.031378
15 0.606762 0.380628 0.014235 0.019100
15 0.604982 0.351296 0.012456 0.020464
15 0.588078 0.366985 0.008897 0.019100
15 0.654359 0.797408 0.027580 0.042292
15 0.604093 0.896317 0.044484 0.043656
15 0.472420 0.785812 0.030249 0.032742
15 0.483986 0.823329 0.019573 0.042292
15 0.447954 0.924966 0.022242 0.038199
15 0.364324 0.984993 0.031139 0.027285
15 0.336744 0.945430 0.029359 0.032742
15 0.379004 0.935198 0.017794 0.025921
15 0.404804 0.899727 0.023132 0.036835
15 0.377224 0.864939 0.028470 0.040928
15 0.401246 0.843793 0.023132 0.034106
15 0.225534 0.851978 0.016904 0.036835
15 0.189502 0.860164 0.014235 0.025921
15 0.177046 0.875853 0.021352 0.030014
15 0.133897 0.871760 0.020463 0.038199
15 0.064502 0.861528 0.016904 0.031378
15 0.020463 0.897681 0.021352 0.021828
15 0.133452 0.984311 0.019573 0.028649
15 0.103648 0.940655 0.016904 0.020464
15 0.080071 0.935198 0.017794 0.025921
15 0.056940 0.942019 0.021352 0.020464
15 0.045374 0.969304 0.024911 0.028649
15 0.009786 0.930423 0.017794 0.027285
15 0.254893 0.572988 0.018683 0.035471
15 0.278915 0.585266 0.018683 0.027285
15 0.328737 0.582538 0.025801 0.046385
15 0.184164 0.626194 0.014235 0.021828
15 0.088078 0.665757 0.021352 0.038199
15 0.425712 0.074352 0.045374 0.058663
15 0.847865 0.208049 0.023132 0.055935
15 0.758897 0.178718 0.046263 0.043656
15 0.857651 0.147340 0.032028 0.032742
15 0.776246 0.075716 0.031139 0.050477
15 0.739324 0.083902 0.030249 0.031378
15 0.706851 0.099591 0.022242 0.030014
15 0.681495 0.087995 0.016014 0.025921
15 0.597865 0.132333 0.028470 0.032742
15 0.556940 0.117326 0.024911 0.030014
15 0.542260 0.089359 0.020463 0.031378
15 0.545374 0.068895 0.016014 0.031378
15 0.608986 0.088677 0.022242 0.038199
15 0.942616 0.037517 0.015125 0.045020
15 0.957740 0.063438 0.015125 0.053206
15 0.983986 0.025239 0.026690 0.036835
15 0.992883 0.100955 0.014235 0.049113
15 0.954626 0.118008 0.035587 0.042292
15 0.966192 0.217599 0.032028 0.069577
15 0.900801 0.208049 0.041815 0.045020
15 0.859431 0.318554 0.026690 0.036835
15 0.848310 0.276944 0.034698 0.035471
15 0.889680 0.319236 0.024911 0.057299
15 0.923488 0.282401 0.037367 0.046385
15 0.931495 0.376535 0.017794 0.032742
15 0.826957 0.568895 0.025801 0.049113
15 0.817616 0.525921 0.023132 0.036835
15 0.775801 0.536153 0.019573 0.027285
15 0.798488 0.457708 0.018683 0.031378
15 0.675712 0.547067 0.016904 0.027285
15 0.717972 0.499318 0.021352 0.038199
15 0.741103 0.514325 0.023132 0.032742
15 0.539591 0.615280 0.025801 0.040928
15 0.570730 0.626194 0.022242 0.032742
15 0.564502 0.665757 0.018683 0.032742
15 0.661922 0.713506 0.016014 0.027285
15 0.652135 0.616644 0.021352 0.027285
15 0.626335 0.611187 0.021352 0.027285
15 0.597865 0.641201 0.016014 0.024557
15 0.434164 0.418145 0.035587 0.039563
15 0.395463 0.359482 0.018683 0.034106
15 0.383897 0.318554 0.022242 0.036835
15 0.381673 0.268759 0.024911 0.032742
15 0.395018 0.233970 0.035587 0.039563
15 0.306495 0.349250 0.020463 0.027285
15 0.275801 0.435198 0.028470 0.057299
15 0.309609 0.424966 0.019573 0.031378
15 0.370107 0.420191 0.019573 0.032742
15 0.291370 0.388131 0.029359 0.034106
15 0.270463 0.389495 0.019573 0.028649
15 0.242883 0.388813 0.021352 0.030014
15 0.214413 0.461119 0.030249 0.049113
15 0.138345 0.457026 0.040036 0.040928
15 0.125445 0.504093 0.019573 0.042292
15 0.219306 0.536835 0.018683 0.025921
15 0.133007 0.590723 0.024021 0.032742
15 0.072509 0.561392 0.032918 0.034106
15 0.064947 0.642565 0.014235 0.032742
15 0.098310 0.611187 0.018683 0.027285
15 0.417705 0.556617 0.024021 0.043656
15 0.347865 0.522510 0.023132 0.030014
15 0.316281 0.173261 0.034698 0.040928
15 0.284253 0.174625 0.022242 0.032742
15 0.249555 0.180764 0.024021 0.025921
15 0.228648 0.184175 0.024911 0.027285
15 0.240214 0.228513 0.021352 0.031378
15 0.270907 0.243520 0.016904 0.025921
15 0.267349 0.281037 0.020463 0.032742
15 0.249555 0.286494 0.015125 0.032742
15 0.239324 0.322647 0.021352 0.028649
15 0.218416 0.329468 0.016904 0.031378
15 0.197064 0.313779 0.024021 0.027285
15 0.181495 0.260573 0.019573 0.021828
15 0.197954 0.260573 0.013345 0.038199
15 0.125890 0.115962 0.025801 0.049113
15 0.619217 0.259209 0.021352 0.043656
15 0.506673 0.197817 0.016904 0.021828
15 0.675712 0.149386 0.024021 0.039563
15 0.237989 0.668486 0.018683 0.027285
15 0.211744 0.667804 0.017794 0.020464
15 0.164591 0.679400 0.019573 0.021828
15 0.133897 0.703274 0.020463 0.031378
15 0.129004 0.796044 0.021352 0.025921
16 0.184164 0.407913 0.019573 0.035471
16 0.199288 0.401091 0.024911 0.038199
16 0.154359 0.408595 0.018683 0.025921
16 0.144128 0.386085 0.010676 0.019100
16 0.149911 0.237381 0.015125 0.019100
16 0.144573 0.215553 0.009786 0.016371
16 0.153470 0.127558 0.013345 0.031378
16 0.212633 0.118008 0.016014 0.023192
16 0.187722 0.123465 0.019573 0.020464
16 0.186388 0.144611 0.018683 0.016371
16 0.193505 0.171896 0.011566 0.021828
16 0.206406 0.203274 0.021352 0.024557
16 0.160142 0.195771 0.019573 0.015007
16 0.174377 0.185539 0.014235 0.019100
16 0.184609 0.207367 0.008007 0.013643
16 0.334520 0.221692 0.016014 0.025921
16 0.368327 0.155525 0.017794 0.027285
16 0.347420 0.120737 0.020463 0.023192
16 0.473754 0.567531 0.018683 0.032742
16 0.008897 0.335607 0.016014 0.030014
16 0.282918 0.676671 0.017794 0.030014
16 0.337633 0.717599 0.025801 0.027285
16 0.241548 0.706685 0.018683 0.038199
16 0.473310 0.437244 0.012456 0.034106
16 0.492438 0.259209 0.011566 0.021828
16 0.330071 0.329468 0.008897 0.025921
16 0.161922 0.551842 0.019573 0.023192
16 0.172598 0.501364 0.023132 0.020464
16 0.184164 0.506821 0.017794 0.025921
16 0.101423 0.724420 0.024911 0.021828
16 0.242883 0.760573 0.019573 0.028649
16 0.268238 0.796726 0.015125 0.021828
16 0.229982 0.594134 0.016904 0.028649
16 0.408363 0.648704 0.019573 0.028649
16 0.480427 0.640518 0.021352 0.047749
16 0.478203 0.690996 0.015125 0.031378
16 0.535142 0.701910 0.022242 0.039563
16 0.486655 0.106412 0.019573 0.027285
16 0.155249 0.049795 0.029359 0.050477
