15 0.597669 0.157687 0.045505 0.052562
15 0.649834 0.442181 0.034406 0.038108
15 0.558269 0.617608 0.022198 0.034166
15 0.448391 0.685283 0.026637 0.030223
15 0.638180 0.678055 0.057714 0.042050
15 0.529412 0.736531 0.022198 0.024967
15 0.563263 0.713535 0.023307 0.028909
15 0.522198 0.697766 0.036626 0.023653
15 0.549945 0.570302 0.023307 0.034166
15 0.528857 0.605125 0.016648 0.027595
15 0.477248 0.586728 0.026637 0.027595
15 0.503330 0.578844 0.018868 0.022339
15 0.627636 0.486202 0.032186 0.044678
15 0.577137 0.430355 0.031077 0.035480
15 0.847947 0.312746 0.031077 0.049934
15 0.795228 0.391590 0.032186 0.028909
15 0.598224 0.318660 0.022198 0.024967
15 0.805771 0.125493 0.031077 0.035480
15 0.822974 0.164258 0.034406 0.023653
15 0.835183 0.187254 0.023307 0.030223
15 0.803552 0.259527 0.031077 0.030223
15 0.767481 0.247043 0.027747 0.026281
15 0.744173 0.262812 0.029967 0.026281
15 0.354051 0.426413 0.022198 0.027595
15 0.312986 0.412615 0.026637 0.021025
15 0.302442 0.376478 0.038846 0.030223
15 0.392342 0.063075 0.047725 0.047306
15 0.286349 0.174770 0.044395 0.039422
15 0.249168 0.187254 0.023307 0.027595
15 0.229745 0.226675 0.031077 0.032852
15 0.395671 0.256899 0.023307 0.027595
15 0.424528 0.243101 0.029967 0.028909
15 0.462819 0.216163 0.031077 0.038108
15 0.522198 0.218134 0.036626 0.026281
15 0.561598 0.222733 0.026637 0.030223
15 0.609878 0.212878 0.018868 0.023653
15 0.521088 0.325887 0.023307 0.023653
15 0.470033 0.342313 0.025527 0.024967
15 0.430633 0.354796 0.024417 0.021025
15 0.412875 0.392904 0.026637 0.026281
15 0.454495 0.409330 0.021088 0.019711
15 0.467814 0.434297 0.021088 0.022339
15 0.428413 0.486859 0.022198 0.035480
15 0.539956 0.503285 0.025527 0.034166
15 0.683685 0.599869 0.033296 0.035480
15 0.608768 0.611038 0.014428 0.034166
15 0.597669 0.637976 0.025527 0.030223
15 0.603774 0.542707 0.028857 0.034166
15 0.630966 0.559133 0.016648 0.030223
15 0.613208 0.578187 0.025527 0.018397
15 0.542730 0.540079 0.024417 0.026281
15 0.886792 0.045992 0.024417 0.023653
15 0.909545 0.055191 0.023307 0.039422
15 0.925638 0.015112 0.022198 0.027595
16 0.361265 0.780552 0.016648 0.021025
16 0.275805 0.747043 0.027747 0.027595
16 0.297447 0.758213 0.004440 0.002628
16 0.354606 0.702365 0.021088 0.038108
16 0.199778 0.238502 0.011099 0.011827
16 0.260266 0.249671 0.021088 0.026281
16 0.334628 0.302891 0.023307 0.024967
16 0.378468 0.323916 0.011099 0.017083
16 0.414539 0.304862 0.018868 0.023653
16 0.452830 0.291721 0.026637 0.031537
16 0.463929 0.252957 0.013319 0.019711
16 0.476693 0.258213 0.018868 0.022339
16 0.502775 0.266754 0.011099 0.018397
16 0.517203 0.243758 0.013319 0.019711
16 0.544395 0.242444 0.012209 0.006570
16 0.523307 0.295664 0.014428 0.018397
16 0.593230 0.334428 0.014428 0.019711
16 0.584906 0.341656 0.024417 0.018397
16 0.612098 0.385677 0.023307 0.022339
16 0.557159 0.388962 0.028857 0.031537
16 0.628191 0.368594 0.031077 0.030223
16 0.639290 0.387648 0.013319 0.026281
16 0.682020 0.431012 0.025527 0.047306
16 0.713651 0.417214 0.026637 0.011827
16 0.663707 0.514455 0.033296 0.027595
16 0.686459 0.471091 0.027747 0.038108
16 0.731964 0.452694 0.043285 0.035480
16 0.455050 0.619580 0.015538 0.022339
16 0.540511 0.657687 0.033296 0.035480
16 0.554939 0.636662 0.037736 0.038108
16 0.573252 0.666229 0.043285 0.031537
16 0.485017 0.082129 0.022198 0.027595
16 0.519423 0.120237 0.033296 0.017083
16 0.554939 0.087385 0.026637 0.022339
16 0.579356 0.044021 0.028857 0.085414
16 0.745283 0.089356 0.012209 0.026281
16 0.621532 0.094612 0.028857 0.034166
16 0.661487 0.089356 0.028857 0.015769
16 0.711432 0.120237 0.024417 0.019711
16 0.685350 0.136662 0.023307 0.034166
16 0.629856 0.156373 0.027747 0.042050
16 0.649279 0.172799 0.035516 0.027595
16 0.662597 0.046649 0.017758 0.014455
16 0.659267 0.019054 0.006659 0.035480
16 0.635405 0.023653 0.018868 0.031537
16 0.614317 0.036794 0.025527 0.021025
16 0.816315 0.042050 0.016648 0.052562
16 0.777469 0.011170 0.016648 0.019711
16 0.965039 0.048620 0.018868 0.018397
16 0.983907 0.052562 0.018868 0.023653
16 0.935072 0.064389 0.003330 0.034166
16 0.988901 0.105782 0.022198 0.030223
16 0.473363 0.013798 0.018868 0.024967
16 0.446726 0.030223 0.029967 0.018397
16 0.524972 0.030223 0.015538 0.018397
16 0.500555 0.042050 0.017758 0.031537
16 0.486681 0.039422 0.012209 0.010512
