15 0.656004 0.532104 0.016732 0.020492
15 0.694882 0.506148 0.019685 0.025956
15 0.570866 0.648224 0.019685 0.025956
15 0.581693 0.617486 0.019685 0.021858
15 0.605315 0.626366 0.011811 0.025956
15 0.634843 0.681694 0.023622 0.024590
15 0.732776 0.700820 0.040354 0.030055
15 0.352362 0.906421 0.029528 0.023224
15 0.434547 0.827869 0.022638 0.032787
15 0.201772 0.909153 0.041339 0.036885
15 0.543307 0.693989 0.021654 0.030055
15 0.539862 0.722678 0.024606 0.021858
15 0.566929 0.734973 0.013780 0.032787
16 0.777559 0.538934 0.017717 0.023224
16 0.740157 0.360656 0.009843 0.008197
16 0.665846 0.378415 0.030512 0.016393
16 0.643701 0.422814 0.027559 0.012295
16 0.681102 0.443306 0.017717 0.020492
16 0.728346 0.474044 0.023622 0.030055
16 0.715059 0.405055 0.004921 0.009563
16 0.590059 0.289617 0.020669 0.019126
16 0.580709 0.313525 0.037402 0.034153
16 0.554626 0.330601 0.022638 0.027322
16 0.550197 0.343579 0.017717 0.020492
16 0.618602 0.325820 0.018701 0.020492
16 0.575787 0.508197 0.015748 0.016393
16 0.578248 0.530055 0.026575 0.024590
16 0.552165 0.515710 0.015748 0.017760
16 0.542815 0.547131 0.016732 0.017760
16 0.536909 0.577186 0.018701 0.017760
16 0.522146 0.593579 0.026575 0.023224
16 0.623031 0.513661 0.021654 0.016393
16 0.473917 0.318306 0.018701 0.032787
16 0.443406 0.211749 0.026575 0.024590
16 0.491634 0.180328 0.028543 0.035519
16 0.394193 0.282104 0.018701 0.012295
16 0.398622 0.245219 0.031496 0.017760
16 0.479823 0.103825 0.024606 0.027322
16 0.659449 0.114071 0.017717 0.020492
16 0.547244 0.206284 0.013780 0.016393
16 0.720472 0.139344 0.021654 0.032787
16 0.736713 0.146858 0.014764 0.025956
16 0.289370 0.478825 0.013780 0.023224
16 0.223917 0.500000 0.016732 0.016393
16 0.217520 0.409836 0.011811 0.016393
16 0.250000 0.405738 0.017717 0.024590
16 0.185039 0.409836 0.009843 0.010929
16 0.321358 0.127049 0.016732 0.021858
16 0.342520 0.099727 0.019685 0.024590
16 0.376969 0.107923 0.009843 0.035519
16 0.399114 0.156421 0.024606 0.009563
16 0.148622 0.744536 0.015748 0.016393
16 0.152559 0.766393 0.027559 0.021858
16 0.136319 0.866120 0.018701 0.010929
16 0.180118 0.750000 0.015748 0.013661
16 0.175689 0.722678 0.022638 0.019126
16 0.302657 0.866803 0.022638 0.031421
16 0.258366 0.853142 0.022638 0.017760
16 0.258858 0.820355 0.019685 0.017760
16 0.360236 0.635246 0.019685 0.038251
16 0.370571 0.605191 0.014764 0.021858
16 0.376476 0.623634 0.018701 0.020492
16 0.293307 0.544399 0.027559 0.025956
16 0.239665 0.562158 0.006890 0.006831
16 0.227362 0.596311 0.017717 0.020492
16 0.195866 0.607923 0.023622 0.030055
16 0.361220 0.439208 0.029528 0.020492
16 0.132874 0.425546 0.027559 0.039617
16 0.064961 0.497951 0.027559 0.039617
16 0.135827 0.457650 0.033465 0.046448
16 0.760827 0.617486 0.021654 0.030055
16 0.766240 0.592213 0.016732 0.017760
16 0.771654 0.569672 0.011811 0.013661
16 0.799705 0.567623 0.020669 0.031421
16 0.738681 0.557377 0.022638 0.038251
16 0.750492 0.524590 0.012795 0.035519
16 0.719980 0.574454 0.018701 0.031421
16 0.700295 0.549863 0.014764 0.023224
16 0.685531 0.599727 0.030512 0.043716
16 0.716535 0.611339 0.025591 0.034153
16 0.702756 0.637295 0.017717 0.023224
16 0.627953 0.728825 0.039370 0.020492
16 0.646654 0.769126 0.021654 0.013661
16 0.647638 0.827186 0.027559 0.023224
16 0.731299 0.818989 0.013780 0.017760
