15 0.568252 0.554870 0.035276 0.039781
15 0.381518 0.513032 0.034509 0.043896
15 0.285660 0.500686 0.023773 0.043896
15 0.270706 0.432099 0.032209 0.032922
15 0.291028 0.355281 0.023773 0.043896
15 0.328988 0.368999 0.021472 0.052126
15 0.368482 0.315501 0.039110 0.049383
15 0.401074 0.364198 0.018405 0.034294
15 0.421012 0.716049 0.036810 0.038409
15 0.371933 0.646091 0.042945 0.049383
15 0.313650 0.682442 0.035276 0.056241
15 0.267255 0.631001 0.045245 0.043896
15 0.230061 0.561043 0.035276 0.030178
15 0.221626 0.532922 0.033742 0.042524
15 0.218175 0.617284 0.031442 0.035665
15 0.428298 0.148148 0.031442 0.054870
15 0.493482 0.098080 0.028374 0.045267
15 0.518021 0.095336 0.014571 0.050754
15 0.540261 0.091907 0.017638 0.046639
15 0.659893 0.176269 0.023773 0.042524
15 0.686350 0.235940 0.029141 0.046639
15 0.653758 0.259945 0.039110 0.045267
15 0.629218 0.293553 0.025307 0.035665
15 0.621166 0.345679 0.038344 0.054870
15 0.666794 0.336077 0.020706 0.032922
15 0.286426 0.107682 0.036043 0.042524
15 0.222393 0.187243 0.032209 0.053498
15 0.236580 0.118656 0.026840 0.037037
15 0.162577 0.157750 0.024540 0.041152
15 0.124617 0.246914 0.028374 0.049383
15 0.078988 0.257202 0.021472 0.037037
15 0.074387 0.694102 0.038344 0.052126
15 0.577071 0.834705 0.036043 0.056241
15 0.414494 0.837449 0.036043 0.056241
15 0.545245 0.257202 0.029141 0.064472
15 0.539110 0.353224 0.024540 0.056241
15 0.577071 0.209877 0.026840 0.060357
15 0.468558 0.310700 0.030675 0.056241
15 0.511120 0.203018 0.026840 0.043896
15 0.448620 0.563100 0.026074 0.034294
16 0.058282 0.805213 0.027607 0.049383
16 0.535660 0.694787 0.032975 0.042524
16 0.516104 0.407407 0.023006 0.032922
