15 0.463624 0.508186 0.040494 0.066849
15 0.511325 0.594816 0.034317 0.068213
15 0.394647 0.623465 0.034317 0.038199
15 0.439945 0.567531 0.041181 0.043656
15 0.226150 0.562756 0.033631 0.042292
15 0.351407 0.461119 0.027454 0.070941
15 0.754633 0.695089 0.036376 0.055935
15 0.607756 0.749659 0.054221 0.058663
15 0.563487 0.872442 0.038435 0.069577
15 0.640700 0.806958 0.033631 0.053206
15 0.718943 0.855389 0.032258 0.054570
15 0.738847 0.811733 0.025395 0.038199
15 0.830817 0.798090 0.015786 0.035471
16 0.686342 0.530014 0.027454 0.058663
16 0.071380 0.486357 0.021963 0.047749
16 0.158545 0.270123 0.020590 0.051842
