15 0.111111 0.626498 0.121864 0.113182
15 0.562127 0.586551 0.075269 0.046605
15 0.374552 0.543941 0.032258 0.035952
15 0.349462 0.547936 0.048984 0.033289
15 0.282557 0.549268 0.025090 0.030626
15 0.249701 0.513981 0.052569 0.042610
15 0.217443 0.707057 0.043011 0.058589
15 0.241338 0.628495 0.083632 0.050599
15 0.324373 0.706391 0.025090 0.019973
15 0.351254 0.709720 0.023895 0.037284
15 0.428913 0.749001 0.033453 0.033289
15 0.354241 0.786285 0.048984 0.033289
15 0.305257 0.792277 0.022700 0.026631
15 0.229391 0.850200 0.038232 0.041278
15 0.196535 0.775632 0.041816 0.033289
15 0.087814 0.797603 0.041816 0.042610
15 0.105735 0.858189 0.039427 0.022636
15 0.159498 0.846871 0.025090 0.031957
15 0.133811 0.977364 0.057348 0.045273
15 0.514337 0.828895 0.053763 0.049268
15 0.451613 0.854194 0.028674 0.035952
15 0.340502 0.916112 0.043011 0.037284
15 0.302270 0.988682 0.038232 0.022636
15 0.410992 0.973369 0.031063 0.037284
15 0.462366 0.979361 0.035842 0.038615
15 0.686380 0.858855 0.051374 0.042610
15 0.716846 0.742344 0.038232 0.043941
15 0.603345 0.521305 0.045400 0.049268
15 0.545998 0.523968 0.043011 0.041278
15 0.477897 0.515313 0.028674 0.042610
15 0.497013 0.353529 0.033453 0.041278
15 0.539427 0.347537 0.032258 0.053262
15 0.552569 0.400133 0.037037 0.035952
15 0.627240 0.458056 0.038232 0.037284
15 0.680406 0.425433 0.039427 0.038615
15 0.267025 0.272969 0.041816 0.045273
15 0.284349 0.316911 0.038232 0.047936
15 0.324970 0.284288 0.043011 0.033289
15 0.339904 0.310919 0.029869 0.046605
15 0.375747 0.321571 0.029869 0.041278
15 0.274791 0.095206 0.040621 0.041278
15 0.351852 0.079893 0.034648 0.034621
15 0.406213 0.070573 0.026284 0.042610
15 0.470131 0.052597 0.022700 0.022636
15 0.642174 0.173103 0.034648 0.047936
15 0.573477 0.168442 0.038232 0.051931
15 0.498805 0.180426 0.039427 0.059920
15 0.438471 0.185752 0.035842 0.035952
15 0.471326 0.254328 0.027479 0.037284
15 0.545400 0.284288 0.034648 0.038615
15 0.688172 0.243009 0.038232 0.041278
15 0.378136 0.245007 0.022700 0.034621
15 0.344086 0.217710 0.019116 0.025300
15 0.384707 0.210386 0.045400 0.039947
15 0.363799 0.157790 0.039427 0.025300
15 0.322581 0.195073 0.028674 0.027963
15 0.297491 0.201731 0.028674 0.019973
15 0.258662 0.237017 0.025090 0.034621
15 0.896655 0.023302 0.099164 0.041278
15 0.795699 0.402796 0.043011 0.049268
15 0.823775 0.261651 0.056153 0.046605
15 0.796894 0.325566 0.050179 0.035952
15 0.890084 0.309587 0.035842 0.027963
15 0.905615 0.569907 0.045400 0.039947
15 0.771804 0.571238 0.038232 0.037284
15 0.753883 0.516644 0.040621 0.029294
15 0.821386 0.471372 0.037037 0.037284
15 0.790920 0.454727 0.028674 0.033289
15 0.874552 0.796937 0.040621 0.054594
15 0.562724 0.844208 0.033453 0.037284
15 0.579450 0.892810 0.026284 0.030626
