15 0.392330 0.551215 0.044248 0.053819
15 0.426991 0.535590 0.033923 0.043403
15 0.487463 0.595486 0.063422 0.041667
15 0.679204 0.736111 0.048673 0.041667
15 0.749263 0.902778 0.050147 0.052083
15 0.779499 0.860243 0.028024 0.032986
15 0.267699 0.706597 0.039823 0.038194
15 0.160029 0.725694 0.063422 0.041667
15 0.202065 0.266493 0.035398 0.039931
15 0.457965 0.102431 0.048673 0.041667
15 0.374631 0.687500 0.032448 0.038194
15 0.470501 0.765625 0.050147 0.045139
15 0.342920 0.878472 0.042773 0.031250
15 0.320796 0.931424 0.045723 0.029514
15 0.292035 0.942708 0.026549 0.024306
15 0.157080 0.936632 0.036873 0.026042
15 0.626106 0.944444 0.039823 0.027778
