15 0.539742 0.411147 0.035446 0.043619
15 0.366273 0.440226 0.032223 0.033926
15 0.418904 0.388530 0.030075 0.027464
15 0.326531 0.380452 0.023631 0.024233
15 0.609560 0.644588 0.020408 0.038772
15 0.646079 0.552504 0.026853 0.038772
15 0.775510 0.536349 0.027927 0.038772
15 0.745435 0.412763 0.023631 0.027464
15 0.560150 0.762520 0.020408 0.035541
15 0.523093 0.853796 0.030075 0.040388
15 0.886144 0.430533 0.025779 0.040388
15 0.940924 0.413570 0.019334 0.032310
15 0.953813 0.340872 0.023631 0.032310
15 0.985499 0.281906 0.024705 0.033926
15 0.953813 0.198708 0.032223 0.019386
15 0.957573 0.165590 0.024705 0.033926
15 0.934479 0.239095 0.012889 0.019386
15 0.319012 0.975767 0.034372 0.029079
15 0.369495 0.983845 0.030075 0.032310
15 0.261010 0.974152 0.015038 0.019386
15 0.631042 0.894184 0.037594 0.046850
