15 0.247082 0.471170 0.055772 0.065898
15 0.323606 0.518946 0.047990 0.042834
15 0.217899 0.576606 0.010376 0.013180
15 0.538262 0.620264 0.051881 0.044481
15 0.459792 0.570016 0.037613 0.032949
15 0.575227 0.350082 0.022049 0.041186
15 0.506485 0.317957 0.035019 0.036244
15 0.458495 0.263591 0.027237 0.026359
15 0.612192 0.252883 0.033722 0.028007
15 0.917639 0.248764 0.024643 0.026359
15 0.938392 0.290774 0.019455 0.024712
15 0.948119 0.330313 0.023346 0.024712
15 0.963684 0.363262 0.020752 0.028007
15 0.827497 0.716639 0.036316 0.039539
15 0.801556 0.686161 0.015564 0.028007
15 0.780156 0.651565 0.027237 0.028007
15 0.908560 0.949753 0.040208 0.041186
15 0.924125 0.854201 0.024643 0.034596
15 0.246433 0.794893 0.033722 0.034596
15 0.201686 0.742175 0.027237 0.024712
15 0.294423 0.737232 0.031128 0.021417
15 0.306096 0.770181 0.031128 0.024712
15 0.204280 0.883031 0.029831 0.036244
15 0.249676 0.922570 0.027237 0.023064
15 0.370298 0.971993 0.024643 0.019769
15 0.070039 0.313015 0.132296 0.187809
