15 0.361798 0.550302 0.067416 0.050302
15 0.255056 0.573441 0.042697 0.036217
15 0.280899 0.521127 0.049438 0.040241
15 0.214607 0.495976 0.038202 0.034205
15 0.407865 0.447686 0.042697 0.038229
15 0.451685 0.494970 0.040449 0.040241
15 0.489888 0.494970 0.031461 0.040241
15 0.530337 0.488934 0.031461 0.044266
15 0.596629 0.501006 0.038202 0.036217
15 0.574157 0.543260 0.029213 0.040241
15 0.452809 0.584507 0.042697 0.022133
15 0.516854 0.579477 0.053933 0.036217
15 0.582022 0.821932 0.053933 0.050302
15 0.469663 0.811871 0.058427 0.038229
15 0.433708 0.727364 0.035955 0.038229
15 0.521348 0.692153 0.035955 0.036217
15 0.361798 0.660966 0.049438 0.034205
15 0.391011 0.727364 0.040449 0.038229
15 0.300000 0.791751 0.038202 0.030181
15 0.221348 0.696177 0.047191 0.028169
15 0.226966 0.655936 0.053933 0.036217
15 0.167416 0.643863 0.047191 0.036217
15 0.123596 0.832998 0.049438 0.056338
15 0.307865 0.964789 0.053933 0.046278
15 0.383146 0.962777 0.056180 0.034205
15 0.352809 0.896378 0.049438 0.034205
15 0.413483 0.905433 0.035955 0.036217
15 0.035955 0.922535 0.049438 0.046278
15 0.050562 0.984909 0.060674 0.030181
15 0.491011 0.259557 0.051685 0.036217
15 0.702247 0.473843 0.065169 0.050302
15 0.635955 0.474849 0.040449 0.036217
15 0.639326 0.510060 0.024719 0.042254
15 0.725843 0.094567 0.107865 0.060362
15 0.846067 0.041247 0.051685 0.034205
15 0.670787 0.137827 0.042697 0.038229
15 0.619101 0.125755 0.038202 0.030181
15 0.593258 0.256539 0.085393 0.082495
15 0.457303 0.167002 0.029213 0.028169
15 0.525843 0.193159 0.049438 0.036217
15 0.692135 0.326962 0.040449 0.030181
15 0.719101 0.338028 0.049438 0.044266
15 0.395506 0.388330 0.035955 0.044266
15 0.464045 0.344064 0.047191 0.036217
15 0.517978 0.318913 0.047191 0.046278
15 0.250562 0.368209 0.038202 0.040241
15 0.355056 0.124748 0.058427 0.044266
15 0.525843 0.030181 0.053933 0.048290
15 0.664045 0.017103 0.042697 0.030181
15 0.259551 0.070423 0.065169 0.036217
15 0.167416 0.705231 0.056180 0.042254
15 0.232584 0.811871 0.038202 0.034205
15 0.942697 0.605634 0.051685 0.044266
15 0.857303 0.590543 0.042697 0.038229
