15 0.453992 0.631976 0.044655 0.051282
15 0.565629 0.625943 0.062246 0.057315
15 0.527064 0.739065 0.060893 0.063348
15 0.447226 0.708899 0.031123 0.030166
15 0.322057 0.771493 0.043302 0.025641
15 0.290257 0.819005 0.023004 0.030166
15 0.186739 0.765460 0.040595 0.025641
15 0.201624 0.712670 0.024357 0.022624
15 0.241543 0.720211 0.023004 0.025641
15 0.445873 0.438914 0.028417 0.018100
15 0.765900 0.466063 0.097429 0.060332
15 0.475643 0.285822 0.036536 0.025641
15 0.533829 0.260181 0.028417 0.028658
15 0.642760 0.253394 0.043302 0.042232
15 0.305142 0.605581 0.033829 0.043741
15 0.307848 0.530920 0.025710 0.024133
15 0.248309 0.542232 0.020298 0.028658
15 0.282138 0.557315 0.020298 0.028658
15 0.155616 0.638763 0.016238 0.022624
15 0.470230 0.947964 0.033829 0.028658
15 0.330853 0.954751 0.055480 0.027149
15 0.317997 0.920814 0.048714 0.022624
15 0.251691 0.958522 0.051421 0.034691
15 0.112991 0.977376 0.044655 0.021116
15 0.145467 0.932127 0.028417 0.024133
15 0.153586 0.882353 0.025710 0.036199
15 0.128552 0.823529 0.048714 0.024133
15 0.583221 0.404223 0.037889 0.030166
15 0.606225 0.384615 0.032476 0.030166
15 0.662382 0.315988 0.033829 0.028658
15 0.767930 0.353695 0.058187 0.037707
15 0.764547 0.387632 0.064953 0.048265
15 0.949256 0.362745 0.033829 0.031674
