15 0.227615 0.659922 0.044394 0.056136
15 0.217833 0.601175 0.035365 0.035248
15 0.271633 0.584204 0.049661 0.053525
15 0.268247 0.515666 0.045899 0.049608
15 0.175320 0.550914 0.030098 0.052219
15 0.061701 0.519582 0.046652 0.060052
15 0.094056 0.373368 0.030098 0.062663
15 0.123025 0.411880 0.038375 0.045692
15 0.150113 0.409922 0.030850 0.070496
15 0.482694 0.374021 0.033860 0.043081
15 0.310384 0.228460 0.047404 0.052219
15 0.257713 0.143603 0.045899 0.062663
15 0.225734 0.081593 0.048157 0.043081
15 0.213695 0.013708 0.033108 0.024804
15 0.651994 0.142298 0.057938 0.060052
15 0.486080 0.187990 0.060196 0.075718
15 0.480813 0.065274 0.054176 0.075718
15 0.534989 0.058747 0.030098 0.054830
15 0.602709 0.446475 0.064710 0.101828
15 0.570354 0.354439 0.027088 0.035248
15 0.538375 0.437337 0.030850 0.052219
15 0.513544 0.403394 0.015801 0.041775
15 0.359293 0.563316 0.021821 0.037859
15 0.358164 0.639687 0.028593 0.049608
15 0.639579 0.718016 0.037622 0.060052
15 0.619639 0.611619 0.030850 0.043081
15 0.715576 0.572454 0.087284 0.121410
15 0.791573 0.707572 0.042137 0.062663
15 0.658390 0.932768 0.039127 0.048303
15 0.987961 0.289817 0.024078 0.067885
15 0.928894 0.152089 0.036870 0.053525
15 0.791949 0.107050 0.024831 0.070496
15 0.261099 0.894909 0.036117 0.040470
15 0.291949 0.813969 0.033108 0.048303
15 0.320166 0.975849 0.018811 0.032637
15 0.276524 0.982376 0.032355 0.032637
15 0.487585 0.971279 0.028593 0.057441
15 0.516554 0.951697 0.039880 0.060052
15 0.604590 0.827676 0.033860 0.062663
15 0.584274 0.755222 0.017306 0.043081
15 0.834086 0.957572 0.085026 0.082245
16 0.015425 0.803525 0.029345 0.053525
16 0.075621 0.866188 0.038375 0.040470
16 0.075997 0.941906 0.025583 0.037859
16 0.017306 0.206266 0.018059 0.052219
16 0.138826 0.158616 0.035365 0.045692
16 0.185102 0.099869 0.027088 0.063969
16 0.113619 0.250653 0.037622 0.075718
16 0.482694 0.531332 0.026336 0.041775
16 0.353649 0.468016 0.039127 0.058747
16 0.411211 0.210183 0.048909 0.057441
16 0.344620 0.197128 0.048157 0.044386
16 0.534236 0.678851 0.024078 0.062663
16 0.394281 0.716710 0.031603 0.018277
16 0.295711 0.717363 0.019564 0.048303
16 0.159895 0.803525 0.039880 0.045692
16 0.091798 0.644256 0.034612 0.045692
16 0.723853 0.964752 0.025583 0.033943
16 0.679458 0.773499 0.027088 0.050914
16 0.703913 0.364230 0.033860 0.052219
16 0.752822 0.394256 0.018811 0.049608
16 0.774643 0.459530 0.024831 0.062663
16 0.827690 0.489556 0.030098 0.073107
16 0.824304 0.434726 0.018811 0.049608
16 0.608728 0.215405 0.030098 0.046997
16 0.522197 0.261749 0.028593 0.048303
16 0.579007 0.178198 0.015801 0.045692
16 0.401806 0.107702 0.028593 0.043081
16 0.320542 0.140339 0.027088 0.050914
16 0.086531 0.165796 0.039127 0.062663
16 0.230625 0.733029 0.032355 0.027415
16 0.259217 0.740862 0.000752 0.001305
16 0.340858 0.761097 0.030098 0.049608
16 0.460873 0.866188 0.018811 0.024804
16 0.554929 0.818538 0.018811 0.054830
16 0.971407 0.414491 0.018059 0.053525
16 0.673815 0.214099 0.030850 0.052219
16 0.705794 0.177546 0.022573 0.046997
16 0.737397 0.171018 0.013544 0.031332
16 0.762603 0.162533 0.018811 0.043081
16 0.695260 0.097911 0.021068 0.031332
16 0.729872 0.093342 0.024078 0.045692
16 0.866441 0.063969 0.050414 0.060052
16 0.843115 0.171671 0.023326 0.053525
16 0.877351 0.107702 0.022573 0.043081
16 0.443567 0.521540 0.062453 0.137076
