15 0.797308 0.503397 0.038336 0.052989
15 0.820555 0.435462 0.040783 0.044837
15 0.699837 0.736413 0.022838 0.029891
15 0.483687 0.849864 0.047308 0.074728
15 0.446166 0.766304 0.035889 0.040761
15 0.420881 0.877038 0.039152 0.044837
15 0.783034 0.946332 0.048940 0.061141
15 0.705954 0.917799 0.028548 0.042120
15 0.862153 0.788723 0.030995 0.052989
15 0.905383 0.724185 0.022838 0.038043
15 0.957586 0.641984 0.034258 0.042120
15 0.902529 0.583560 0.020392 0.036685
15 0.599918 0.705842 0.025285 0.031250
15 0.597064 0.754755 0.032626 0.050272
15 0.586460 0.791440 0.045677 0.033967
15 0.592170 0.849864 0.029364 0.042120
15 0.516313 0.928668 0.019576 0.047554
15 0.774062 0.053668 0.024470 0.042120
15 0.807504 0.088315 0.021207 0.043478
15 0.595840 0.369565 0.020392 0.051630
15 0.690865 0.401495 0.022838 0.039402
15 0.542822 0.447011 0.028548 0.051630
15 0.634992 0.420516 0.020392 0.036685
15 0.457586 0.662364 0.024470 0.036685
15 0.458401 0.557065 0.032626 0.046196
15 0.669250 0.542120 0.023654 0.038043
