15 0.276817 0.647115 0.036909 0.040385
15 0.314302 0.645192 0.026528 0.044231
15 0.280854 0.722115 0.031142 0.051923
15 0.295848 0.686538 0.026528 0.042308
15 0.402537 0.688462 0.027682 0.053846
15 0.461361 0.699038 0.046136 0.071154
15 0.463091 0.649038 0.028835 0.051923
15 0.509227 0.633654 0.021915 0.040385
15 0.532295 0.539423 0.033449 0.048077
15 0.324683 0.484615 0.024221 0.038462
15 0.279123 0.411538 0.023068 0.046154
15 0.226067 0.416346 0.018454 0.028846
15 0.172434 0.381731 0.019608 0.032692
15 0.184544 0.364423 0.013841 0.028846
15 0.169550 0.343269 0.023068 0.025000
15 0.138985 0.350000 0.024221 0.030769
15 0.603230 0.116346 0.034602 0.063462
15 0.445790 0.268269 0.028835 0.032692
15 0.434256 0.244231 0.017301 0.015385
15 0.524221 0.245192 0.026528 0.025000
15 0.824683 0.300000 0.029988 0.034615
15 0.900231 0.408654 0.026528 0.032692
15 0.961361 0.459615 0.021915 0.057692
15 0.971742 0.673077 0.024221 0.042308
15 0.912341 0.655769 0.016148 0.030769
15 0.895040 0.701923 0.023068 0.034615
15 0.741638 0.688462 0.023068 0.042308
15 0.736448 0.560577 0.024221 0.032692
15 0.690888 0.597115 0.027682 0.032692
15 0.708189 0.430769 0.029988 0.046154
15 0.724913 0.404808 0.021915 0.032692
15 0.767013 0.329808 0.029988 0.036538
15 0.737024 0.287500 0.018454 0.036538
15 0.713379 0.300962 0.031142 0.040385
15 0.701269 0.270192 0.025375 0.032692
15 0.793541 0.080769 0.034602 0.034615
15 0.608997 0.623077 0.020761 0.023077
15 0.603806 0.677885 0.026528 0.036538
15 0.855825 0.436538 0.027682 0.046154
