15 0.457841 0.677606 0.033727 0.032175
15 0.522766 0.602317 0.030354 0.033462
15 0.580523 0.667310 0.019393 0.024453
15 0.446459 0.870013 0.053120 0.043758
15 0.276560 0.929215 0.023609 0.020592
15 0.229342 0.945946 0.025295 0.023166
15 0.240725 0.886100 0.021079 0.032175
15 0.127740 0.670528 0.048061 0.043758
15 0.171164 0.618404 0.028668 0.024453
15 0.159781 0.481338 0.032884 0.038610
15 0.180860 0.480695 0.010961 0.021879
15 0.367622 0.117761 0.038786 0.037323
15 0.329258 0.144144 0.019393 0.020592
15 0.417369 0.196911 0.023609 0.023166
15 0.954047 0.510940 0.048061 0.056628
15 0.741568 0.450450 0.022766 0.025740
15 0.756324 0.400901 0.020236 0.024453
15 0.671164 0.417632 0.028668 0.029601
15 0.766020 0.254183 0.031197 0.029601
15 0.844857 0.260618 0.021922 0.029601
15 0.628583 0.236808 0.029511 0.030888
15 0.581788 0.227799 0.020236 0.028314
15 0.533305 0.261905 0.024452 0.029601
15 0.585160 0.272844 0.040472 0.041184
15 0.495363 0.910553 0.029511 0.047619
15 0.542159 0.939511 0.015177 0.025740
15 0.035835 0.685328 0.031197 0.045045
15 0.580523 0.848134 0.017707 0.023166
15 0.709528 0.870656 0.014334 0.024453
15 0.733558 0.864865 0.016863 0.030888
15 0.791315 0.881596 0.016020 0.025740
15 0.806071 0.904118 0.013491 0.024453
15 0.920320 0.925997 0.014334 0.024453
15 0.983558 0.902831 0.019393 0.032175
15 0.538364 0.361004 0.031197 0.050193
15 0.377740 0.286358 0.025295 0.019305
16 0.430017 0.513514 0.023609 0.048906
16 0.388702 0.615830 0.033727 0.032175
16 0.332631 0.671815 0.019393 0.028314
16 0.370573 0.776705 0.027825 0.045045
16 0.478078 0.786358 0.025295 0.038610
16 0.607504 0.747748 0.021079 0.046332
16 0.575885 0.721364 0.011804 0.029601
16 0.596543 0.707207 0.014334 0.024453
16 0.649241 0.500644 0.021922 0.030888
16 0.617201 0.502574 0.018550 0.029601
16 0.594857 0.545045 0.016020 0.032175
16 0.618887 0.542471 0.018550 0.032175
16 0.645025 0.574003 0.005059 0.012870
16 0.488196 0.509009 0.043845 0.050193
16 0.458685 0.497426 0.021922 0.024453
16 0.481450 0.384813 0.026981 0.033462
16 0.616358 0.880952 0.030354 0.068211
16 0.611720 0.835907 0.016020 0.034749
16 0.569983 0.812098 0.010118 0.018018
16 0.422428 0.789575 0.006745 0.014157
16 0.438027 0.819176 0.037943 0.037323
16 0.296374 0.822394 0.041315 0.028314
16 0.326307 0.842986 0.008432 0.010296
16 0.378162 0.935006 0.026138 0.032175
16 0.431703 0.959459 0.025295 0.032175
16 0.392917 0.912484 0.023609 0.036036
16 0.333895 0.911840 0.026981 0.037323
16 0.367201 0.666023 0.016020 0.029601
16 0.372260 0.535393 0.019393 0.025740
16 0.427487 0.561133 0.025295 0.030888
16 0.472597 0.599743 0.021079 0.030888
16 0.576307 0.471042 0.029511 0.038610
16 0.560708 0.484556 0.013491 0.016731
16 0.577150 0.326898 0.026138 0.025740
16 0.617201 0.371300 0.016863 0.027027
16 0.386594 0.239382 0.024452 0.025740
16 0.423693 0.239382 0.021079 0.046332
16 0.326728 0.218147 0.032884 0.029601
16 0.344435 0.075290 0.026138 0.032175
16 0.387858 0.086873 0.020236 0.027027
16 0.438870 0.081725 0.019393 0.019305
16 0.422007 0.160875 0.021079 0.025740
16 0.283727 0.130631 0.024452 0.021879
16 0.294266 0.218147 0.013491 0.021879
16 0.817875 0.041828 0.016863 0.024453
16 0.797218 0.077864 0.024452 0.034749
16 0.895025 0.102960 0.016020 0.028314
16 0.907673 0.017375 0.026138 0.032175
16 0.876476 0.203990 0.016020 0.029601
16 0.846121 0.180180 0.009275 0.015444
16 0.800169 0.216216 0.025295 0.025740
16 0.680438 0.186615 0.030354 0.028314
16 0.658094 0.154440 0.027825 0.023166
16 0.724283 0.122265 0.018550 0.030888
16 0.692243 0.353282 0.018550 0.014157
16 0.668634 0.298584 0.021922 0.025740
16 0.699831 0.280566 0.021922 0.038610
16 0.693086 0.319820 0.032040 0.037323
16 0.702782 0.435006 0.019393 0.030888
16 0.786256 0.429858 0.016020 0.038610
16 0.760540 0.501931 0.030354 0.030888
16 0.820826 0.451737 0.012648 0.020592
16 0.698145 0.648005 0.026981 0.037323
16 0.751686 0.614543 0.014334 0.034749
16 0.896290 0.581081 0.033727 0.060489
16 0.847808 0.489060 0.027825 0.033462
16 0.914840 0.534106 0.011804 0.041184
16 0.640388 0.617761 0.027825 0.033462
16 0.737352 0.314028 0.026138 0.025740
16 0.905987 0.234878 0.021079 0.034749
16 0.933811 0.120335 0.024452 0.032175
16 0.911889 0.184041 0.022766 0.030888
16 0.944772 0.186615 0.014334 0.023166
16 0.961214 0.187259 0.011804 0.019305
16 0.983137 0.259974 0.015177 0.041184
16 0.921585 0.324324 0.018550 0.041184
16 0.916105 0.371300 0.016020 0.021879
16 0.877740 0.303732 0.018550 0.025740
16 0.839798 0.330759 0.026981 0.028314
16 0.854975 0.397040 0.015177 0.024453
16 0.872260 0.406049 0.014334 0.021879
16 0.862563 0.437580 0.018550 0.025740
16 0.889545 0.444659 0.013491 0.019305
16 0.782040 0.599099 0.012648 0.021879
16 0.727656 0.673102 0.015177 0.025740
16 0.717960 0.636422 0.014334 0.009009
16 0.629005 0.663449 0.023609 0.021879
16 0.663575 0.651866 0.013491 0.021879
16 0.685919 0.677606 0.017707 0.021879
16 0.630691 0.300515 0.025295 0.047619
16 0.080944 0.601030 0.015177 0.036036
16 0.071669 0.554698 0.016863 0.025740
16 0.043423 0.392535 0.027825 0.054054
16 0.033727 0.343629 0.021922 0.036036
16 0.071669 0.363578 0.016863 0.039897
16 0.060287 0.239382 0.021079 0.036036
16 0.049325 0.181467 0.014334 0.036036
16 0.081788 0.135779 0.037099 0.045045
16 0.010540 0.019949 0.019393 0.037323
16 0.176644 0.123552 0.029511 0.038610
16 0.147133 0.084942 0.014334 0.025740
16 0.229342 0.323037 0.033727 0.069498
16 0.216273 0.264479 0.024452 0.032175
16 0.260961 0.236165 0.029511 0.039897
16 0.115936 0.124196 0.024452 0.027027
16 0.080523 0.050837 0.026138 0.027027
16 0.125632 0.037323 0.025295 0.038610
16 0.018971 0.575290 0.036256 0.048906
16 0.260540 0.443372 0.016863 0.055341
16 0.207841 0.467181 0.016020 0.030888
16 0.206577 0.505792 0.013491 0.018018
16 0.231450 0.498713 0.010961 0.024453
16 0.553120 0.152510 0.028668 0.037323
16 0.651349 0.068855 0.017707 0.034749
