15 0.590444 0.554000 0.034130 0.041333
15 0.505461 0.586000 0.018430 0.036000
15 0.481570 0.654667 0.045734 0.053333
15 0.590785 0.617333 0.027986 0.037333
15 0.700341 0.586667 0.027304 0.058667
15 0.893857 0.640000 0.018430 0.037333
15 0.579181 0.794667 0.027986 0.032000
15 0.265870 0.893333 0.026621 0.072000
15 0.389420 0.839333 0.036177 0.060000
15 0.368259 0.937333 0.018430 0.040000
15 0.393857 0.944000 0.020478 0.053333
15 0.250853 0.536667 0.025256 0.041333
15 0.281911 0.601333 0.019113 0.045333
15 0.246416 0.621333 0.019113 0.034667
15 0.218430 0.819333 0.021843 0.033333
15 0.135495 0.833333 0.019795 0.034667
15 0.104096 0.781333 0.022526 0.040000
15 0.071331 0.848000 0.036177 0.053333
15 0.050171 0.908000 0.018430 0.032000
15 0.176792 0.045333 0.027304 0.048000
15 0.476109 0.232000 0.026621 0.042667
15 0.439932 0.206000 0.023891 0.068000
15 0.594881 0.286667 0.017065 0.048000
15 0.630375 0.287333 0.018430 0.046667
15 0.625256 0.234667 0.020478 0.048000
15 0.687031 0.190667 0.025256 0.069333
15 0.823891 0.212000 0.023208 0.064000
15 0.964505 0.514667 0.027304 0.066667
15 0.707509 0.838000 0.021160 0.046667
15 0.769283 0.814667 0.036860 0.050667
15 0.734471 0.978667 0.027304 0.037333
15 0.846758 0.948667 0.023891 0.033333
15 0.959386 0.846000 0.017065 0.049333
15 0.983618 0.792000 0.015017 0.034667
15 0.880887 0.743333 0.019795 0.044000
15 0.580887 0.446000 0.025939 0.052000
15 0.374061 0.435333 0.023208 0.046667
15 0.418089 0.550667 0.027986 0.042667
15 0.438567 0.552000 0.011604 0.032000
15 0.491126 0.313333 0.029352 0.040000
15 0.424573 0.374000 0.045051 0.062667
15 0.259044 0.366000 0.021160 0.041333
15 0.268942 0.323333 0.020478 0.036000
15 0.287031 0.308667 0.012969 0.038667
15 0.309556 0.312000 0.014334 0.040000
15 0.091126 0.558667 0.027986 0.042667
15 0.079181 0.244000 0.019113 0.053333
15 0.381229 0.186000 0.023891 0.041333
15 0.163823 0.420000 0.025939 0.042667
15 0.191126 0.407333 0.023208 0.049333
15 0.218771 0.376000 0.027986 0.056000
15 0.241297 0.742000 0.021160 0.033333
15 0.360751 0.710667 0.021160 0.034667
15 0.316382 0.670000 0.022526 0.030667
15 0.634471 0.746667 0.023891 0.045333
