15 0.639556 0.388539 0.027726 0.036524
15 0.366913 0.389798 0.022181 0.041562
15 0.229205 0.496851 0.042514 0.046599
15 0.144640 0.507557 0.024954 0.025189
15 0.083641 0.775189 0.030499 0.034005
15 0.107209 0.741814 0.025878 0.032746
15 0.130776 0.850126 0.028651 0.032746
15 0.082717 0.987406 0.023105 0.025189
15 0.035120 0.991184 0.014787 0.017632
15 0.050370 0.562343 0.032348 0.039043
15 0.061460 0.420655 0.024954 0.045340
15 0.201017 0.258186 0.036044 0.060453
15 0.166821 0.310453 0.052680 0.046599
15 0.149723 0.207179 0.042514 0.049118
15 0.286969 0.175693 0.045287 0.059194
15 0.319778 0.113350 0.033272 0.035264
15 0.555915 0.312343 0.030499 0.032746
15 0.587800 0.361461 0.025878 0.032746
15 0.338262 0.659320 0.035120 0.031486
15 0.349815 0.747481 0.028651 0.039043
15 0.299445 0.731108 0.031423 0.034005
15 0.246303 0.651763 0.017560 0.041562
15 0.196858 0.566751 0.048059 0.060453
15 0.667745 0.654912 0.024954 0.035264
15 0.855823 0.587531 0.025878 0.036524
15 0.954251 0.645466 0.021257 0.044081
15 0.828558 0.646725 0.023105 0.034005
15 0.864140 0.821159 0.036969 0.037783
15 0.736599 0.294081 0.025878 0.026448
15 0.831331 0.357053 0.021257 0.034005
15 0.862292 0.273929 0.024030 0.031486
15 0.907116 0.280227 0.030499 0.039043
15 0.943161 0.297859 0.019409 0.039043
15 0.905730 0.212846 0.029575 0.030227
15 0.966266 0.870277 0.028651 0.045340
15 0.665896 0.767003 0.024954 0.032746
