15 0.419583 0.361951 0.032500 0.039835
15 0.470000 0.287775 0.035000 0.048077
15 0.614167 0.342720 0.021667 0.039835
15 0.724167 0.277473 0.021667 0.057692
15 0.504167 0.537775 0.030000 0.034341
15 0.519583 0.475275 0.022500 0.030220
15 0.373750 0.532280 0.037500 0.050824
15 0.266667 0.464973 0.031667 0.050824
15 0.155417 0.269231 0.029167 0.041209
15 0.067500 0.569368 0.026667 0.053571
15 0.154167 0.489698 0.021667 0.039835
15 0.247917 0.596154 0.025833 0.046703
15 0.706250 0.736264 0.029167 0.035714
15 0.636250 0.783654 0.020833 0.039835
15 0.760417 0.555632 0.029167 0.050824
15 0.846667 0.923764 0.036667 0.056319
15 0.625833 0.888736 0.035000 0.041209
15 0.515417 0.982830 0.020833 0.017857
16 0.382083 0.645604 0.029167 0.041209
