15 0.265947 0.494986 0.027778 0.053009
15 0.310700 0.449857 0.028807 0.034384
15 0.270062 0.253582 0.017490 0.028653
15 0.475309 0.268625 0.028807 0.035817
15 0.690844 0.320201 0.033951 0.035817
15 0.652778 0.376791 0.027778 0.054441
15 0.676955 0.445559 0.039095 0.040115
15 0.661523 0.714183 0.045267 0.047278
15 0.520062 0.684814 0.029835 0.037249
15 0.757202 0.751433 0.043210 0.050143
15 0.834877 0.475645 0.033951 0.051576
15 0.972737 0.441261 0.019547 0.063037
15 0.366770 0.699857 0.046296 0.038682
15 0.226337 0.984241 0.047325 0.028653
15 0.039095 0.775072 0.030864 0.040115
15 0.188272 0.727794 0.041152 0.057307
16 0.108025 0.063037 0.028807 0.042980
16 0.013889 0.118195 0.025720 0.044413
