15 0.407950 0.499302 0.034310 0.046089
15 0.359414 0.495112 0.032636 0.037709
15 0.139331 0.310056 0.051046 0.075419
15 0.185356 0.303073 0.015900 0.033520
15 0.252301 0.342179 0.027615 0.053073
15 0.293305 0.417598 0.025941 0.047486
15 0.230126 0.434358 0.040167 0.036313
15 0.071130 0.663408 0.036820 0.075419
15 0.029289 0.663408 0.023431 0.036313
15 0.096653 0.770950 0.022594 0.030726
15 0.137238 0.781425 0.021757 0.034916
15 0.087448 0.898045 0.020921 0.030726
15 0.091213 0.982542 0.026778 0.034916
15 0.386192 0.861732 0.027615 0.036313
15 0.443515 0.848464 0.016736 0.029330
15 0.537238 0.840084 0.030126 0.040503
15 0.530962 0.656425 0.019247 0.041899
15 0.639331 0.636872 0.038494 0.072626
15 0.641423 0.443436 0.025941 0.048883
15 0.802510 0.363827 0.043515 0.071229
15 0.693305 0.279330 0.024268 0.036313
15 0.757741 0.186453 0.015900 0.032123
15 0.665690 0.148045 0.022594 0.033520
15 0.578243 0.169693 0.025105 0.043296
15 0.588285 0.290503 0.016736 0.027933
15 0.944351 0.788408 0.015900 0.034916
15 0.980335 0.790503 0.012552 0.044693
15 0.969038 0.814246 0.016736 0.030726
15 0.983264 0.893156 0.020084 0.043296
15 0.876151 0.872207 0.023431 0.040503
15 0.849372 0.445531 0.021757 0.044693
15 0.933054 0.129190 0.020084 0.032123
15 0.790377 0.083101 0.025941 0.040503
15 0.488703 0.520950 0.041841 0.044693
15 0.438075 0.560056 0.027615 0.036313
15 0.491213 0.425978 0.023431 0.039106
15 0.408787 0.456006 0.022594 0.046089
15 0.378243 0.400140 0.023431 0.046089
15 0.376987 0.316341 0.020921 0.029330
15 0.348536 0.318436 0.012552 0.033520
15 0.354393 0.283520 0.019247 0.022346
15 0.353975 0.184358 0.023431 0.053073
15 0.287448 0.148045 0.024268 0.033520
15 0.266946 0.184358 0.028452 0.025140
15 0.236402 0.150140 0.015900 0.020950
15 0.225105 0.210894 0.018410 0.030726
15 0.216736 0.602654 0.033473 0.037709
15 0.140167 0.562151 0.024268 0.029330
16 0.479079 0.721369 0.017573 0.032123
16 0.572803 0.819832 0.017573 0.030726
16 0.736820 0.791201 0.015900 0.034916
16 0.400418 0.675279 0.024268 0.034916
16 0.415063 0.599162 0.016736 0.033520
16 0.343933 0.645251 0.021757 0.030726
