15 0.309934 0.737500 0.079470 0.069737
15 0.490066 0.733553 0.076821 0.043421
15 0.741722 0.764474 0.066225 0.052632
15 0.609934 0.676316 0.046358 0.044737
15 0.625828 0.515789 0.062252 0.057895
15 0.125828 0.234211 0.042384 0.044737
15 0.066225 0.129605 0.029139 0.027632
15 0.148344 0.082237 0.063576 0.038158
15 0.261589 0.163158 0.070199 0.044737
15 0.233113 0.213816 0.058278 0.040789
15 0.280795 0.201316 0.031788 0.036842
15 0.323179 0.240132 0.039735 0.032895
15 0.474834 0.251974 0.046358 0.053947
15 0.625166 0.938816 0.047682 0.046053
15 0.213907 0.349342 0.056954 0.040789
15 0.154305 0.360526 0.059603 0.036842
15 0.181457 0.313816 0.045033 0.038158
