15 0.360427 0.596386 0.041051 0.040964
15 0.440066 0.556627 0.042693 0.048193
15 0.417077 0.401205 0.052545 0.065060
15 0.575534 0.367470 0.050903 0.060241
15 0.629721 0.169880 0.057471 0.045783
15 0.830049 0.128916 0.050903 0.074699
15 0.796388 0.068675 0.065681 0.079518
15 0.958949 0.336145 0.045977 0.060241
15 0.860427 0.375904 0.039409 0.053012
15 0.903941 0.575904 0.041051 0.062651
15 0.954023 0.687952 0.045977 0.079518
15 0.458128 0.709639 0.052545 0.055422
15 0.250411 0.461446 0.054187 0.065060
15 0.094417 0.440964 0.054187 0.038554
15 0.223317 0.148193 0.045977 0.065060
15 0.039409 0.580723 0.039409 0.053012
15 0.214286 0.934940 0.060755 0.077108
15 0.310345 0.815663 0.059113 0.065060
15 0.393268 0.748193 0.054187 0.060241
15 0.438424 0.855422 0.055829 0.072289
15 0.504105 0.828916 0.075534 0.086747
15 0.630542 0.824096 0.045977 0.048193
15 0.654351 0.644578 0.050903 0.065060
15 0.766831 0.840964 0.052545 0.067470
15 0.861248 0.842169 0.044335 0.084337
15 0.949918 0.821687 0.044335 0.062651
15 0.711823 0.525301 0.054187 0.077108
15 0.496716 0.143373 0.041051 0.040964
16 0.481117 0.048193 0.039409 0.038554
16 0.559934 0.127711 0.036125 0.048193
16 0.538588 0.149398 0.052545 0.053012
16 0.555829 0.649398 0.047619 0.093976
