15 0.470738 0.400387 0.076336 0.058027
15 0.628499 0.352031 0.081425 0.058027
15 0.571247 0.308511 0.053435 0.048356
15 0.330789 0.334623 0.061069 0.058027
15 0.204835 0.242747 0.053435 0.036750
15 0.215013 0.135397 0.063613 0.038685
15 0.465649 0.105416 0.081425 0.056093
15 0.844784 0.333656 0.076336 0.063830
15 0.839695 0.439072 0.086514 0.058027
15 0.951654 0.512573 0.096692 0.065764
15 0.595420 0.774662 0.066158 0.048356
15 0.955471 0.718569 0.078880 0.059961
15 0.353690 0.653772 0.071247 0.050290
15 0.330789 0.810445 0.101781 0.058027
15 0.099237 0.906190 0.086514 0.048356
15 0.066158 0.595745 0.045802 0.030948
15 0.038168 0.457447 0.005089 0.009671
15 0.013995 0.422631 0.022901 0.040619
15 0.815522 0.775629 0.058524 0.034816
15 0.945293 0.964217 0.073791 0.067698
15 0.363868 0.499033 0.157761 0.116054
16 0.229008 0.638298 0.071247 0.050290
16 0.335878 0.154739 0.076336 0.050290
16 0.111959 0.739845 0.071247 0.071567
