15 0.140587 0.356952 0.053790 0.104278
15 0.209658 0.510695 0.055012 0.085561
15 0.202323 0.413102 0.028117 0.066845
15 0.407702 0.354278 0.047677 0.098930
15 0.405868 0.276738 0.036675 0.072193
15 0.479218 0.350267 0.036675 0.074866
15 0.447433 0.427807 0.029340 0.074866
15 0.474939 0.441176 0.033007 0.069519
15 0.496944 0.651070 0.050122 0.093583
15 0.444988 0.688503 0.026895 0.056150
15 0.388142 0.782086 0.033007 0.072193
15 0.343521 0.683155 0.044010 0.072193
15 0.363692 0.572193 0.030562 0.048128
15 0.127751 0.949198 0.062347 0.101604
15 0.152812 0.870321 0.039120 0.066845
15 0.113081 0.830214 0.040342 0.082888
15 0.058680 0.834225 0.034230 0.064171
15 0.036675 0.712567 0.068460 0.114973
15 0.373472 0.898396 0.077017 0.133690
15 0.674817 0.295455 0.039120 0.088235
15 0.707824 0.188503 0.044010 0.072193
15 0.709658 0.105615 0.042787 0.082888
15 0.843521 0.368984 0.034230 0.085561
15 0.905868 0.622995 0.029340 0.064171
15 0.986553 0.806150 0.026895 0.109626
15 0.704768 0.530749 0.025672 0.061497
15 0.113081 0.085561 0.047677 0.090909
16 0.245721 0.030749 0.041565 0.056150
16 0.016504 0.207219 0.030562 0.072193
16 0.349633 0.034759 0.014670 0.064171
16 0.602078 0.433155 0.028117 0.064171
16 0.652200 0.541444 0.033007 0.072193
16 0.451100 0.549465 0.029340 0.029412
16 0.044621 0.633690 0.035452 0.058824
16 0.257335 0.759358 0.023227 0.037433
16 0.250000 0.602941 0.035452 0.072193
