15 0.223653 0.399586 0.063232 0.057971
15 0.425059 0.339545 0.175644 0.107660
15 0.553864 0.303313 0.044496 0.051760
15 0.622951 0.366460 0.051522 0.033126
15 0.453162 0.586957 0.067916 0.080745
15 0.515222 0.724638 0.042155 0.066253
15 0.372365 0.783644 0.084309 0.072464
15 0.446136 0.854037 0.077283 0.076605
15 0.642857 0.906832 0.058548 0.049689
15 0.881733 0.759834 0.077283 0.107660
15 0.970726 0.045549 0.058548 0.066253
15 0.784543 0.040373 0.065574 0.047619
15 0.735363 0.122153 0.074941 0.062112
15 0.628806 0.185300 0.053864 0.055901
15 0.711944 0.180124 0.056206 0.049689
15 0.305621 0.967909 0.067916 0.047619
15 0.497658 0.921325 0.039813 0.045549
15 0.442623 0.979296 0.056206 0.041408
