15 0.283602 0.388660 0.069892 0.084536
15 0.131720 0.481443 0.059140 0.080412
15 0.272177 0.555670 0.060484 0.088660
15 0.383065 0.657732 0.056452 0.078351
15 0.418011 0.536082 0.056452 0.078351
15 0.231183 0.869072 0.064516 0.088660
15 0.554435 0.931959 0.057796 0.065979
15 0.686156 0.462887 0.044355 0.088660
15 0.547043 0.401031 0.059140 0.072165
15 0.536290 0.329897 0.067204 0.078351
15 0.566532 0.244330 0.041667 0.068041
15 0.901210 0.670103 0.047043 0.082474
15 0.582661 0.631959 0.047043 0.059794
15 0.140457 0.063918 0.052419 0.057732
15 0.229839 0.063918 0.051075 0.070103
