15 0.413233 0.394531 0.039950 0.074219
15 0.474407 0.402344 0.027466 0.054688
15 0.513109 0.424805 0.037453 0.064453
15 0.314607 0.459961 0.029963 0.060547
15 0.367041 0.577148 0.034956 0.048828
15 0.453184 0.682617 0.052434 0.072266
15 0.355805 0.676758 0.034956 0.041016
15 0.658552 0.602539 0.033708 0.044922
15 0.817104 0.606445 0.053683 0.072266
15 0.732210 0.207031 0.033708 0.054688
15 0.857054 0.126953 0.038702 0.058594
15 0.262172 0.226562 0.034956 0.066406
15 0.147940 0.347656 0.038702 0.050781
15 0.030587 0.762695 0.046192 0.056641
15 0.722222 0.924805 0.043695 0.029297
15 0.550562 0.094727 0.039950 0.060547
