15 0.686558 0.382812 0.079146 0.127232
15 0.534548 0.463170 0.054020 0.073661
15 0.324749 0.262277 0.061558 0.100446
15 0.506281 0.674107 0.032663 0.062500
15 0.430905 0.483259 0.045226 0.060268
15 0.298995 0.412946 0.045226 0.062500
15 0.211683 0.445312 0.036432 0.064732
15 0.134422 0.632812 0.057789 0.082589
15 0.227387 0.680804 0.050251 0.062500
15 0.212312 0.898438 0.050251 0.073661
15 0.111809 0.945312 0.042714 0.051339
15 0.758794 0.574777 0.050251 0.073661
15 0.793342 0.823661 0.038945 0.058036
15 0.888819 0.731027 0.036432 0.037946
