15 0.482398 0.808044 0.034253 0.058501
15 0.331589 0.744973 0.048525 0.056673
15 0.169838 0.840951 0.046622 0.054845
15 0.333968 0.848263 0.032350 0.043876
15 0.648906 0.625229 0.034253 0.054845
15 0.672693 0.426874 0.026641 0.060329
15 0.761180 0.520110 0.028544 0.067642
15 0.886299 0.452468 0.016175 0.049360
15 0.970980 0.580439 0.014272 0.056673
15 0.588963 0.108775 0.039962 0.063985
15 0.428164 0.096892 0.034253 0.051188
15 0.791151 0.226691 0.029496 0.069470
15 0.781637 0.104205 0.029496 0.047532
15 0.201237 0.080439 0.027593 0.051188
16 0.059943 0.798903 0.034253 0.054845
16 0.887250 0.670018 0.025690 0.038391
16 0.851570 0.802559 0.019029 0.047532
16 0.878687 0.627057 0.016175 0.062157
16 0.920552 0.638940 0.021884 0.042048
