15 0.291331 0.468800 0.062500 0.073600
15 0.471270 0.568800 0.055444 0.081600
15 0.746472 0.528800 0.047379 0.049600
15 0.704637 0.452000 0.038306 0.059200
15 0.532258 0.321600 0.052419 0.073600
15 0.608367 0.500800 0.063508 0.092800
15 0.703125 0.577600 0.045363 0.057600
15 0.884577 0.566400 0.081653 0.089600
15 0.802419 0.883200 0.044355 0.076800
15 0.856855 0.974400 0.048387 0.051200
15 0.153730 0.680800 0.051411 0.072000
15 0.438508 0.700800 0.078629 0.083200
15 0.050403 0.564000 0.056452 0.065600
15 0.215222 0.303200 0.065524 0.084800
15 0.796371 0.693600 0.050403 0.046400
15 0.686996 0.331200 0.033266 0.048000
