15 0.403108 0.668019 0.093236 0.073052
15 0.574040 0.812500 0.124314 0.079545
15 0.244059 0.788149 0.111517 0.066558
15 0.084095 0.956169 0.003656 0.003247
15 0.047532 0.921266 0.084095 0.079545
15 0.377514 0.258929 0.063985 0.069805
15 0.467093 0.387987 0.053016 0.045455
15 0.284278 0.411526 0.053016 0.037338
15 0.390311 0.509740 0.067642 0.045455
15 0.765996 0.525974 0.054845 0.042208
15 0.942413 0.216721 0.031079 0.034091
15 0.359232 0.108766 0.053016 0.038961
15 0.529250 0.125812 0.093236 0.073052
15 0.189214 0.114448 0.038391 0.040584
15 0.228519 0.247565 0.058501 0.053571
15 0.147166 0.117695 0.053016 0.047078
