15 0.039216 0.632265 0.039216 0.054108
15 0.189291 0.556112 0.055807 0.066132
15 0.136501 0.458918 0.046757 0.064128
15 0.319759 0.340681 0.054299 0.060120
15 0.585973 0.387776 0.040724 0.074148
15 0.610860 0.243487 0.051282 0.054108
15 0.861991 0.502004 0.055807 0.066132
15 0.939668 0.566132 0.048265 0.058116
15 0.850679 0.677355 0.036199 0.040080
15 0.825792 0.723447 0.055807 0.052104
15 0.725490 0.679359 0.042232 0.048096
15 0.616893 0.808617 0.030166 0.062124
15 0.536199 0.953908 0.043741 0.040080
15 0.918552 0.896794 0.060332 0.054108
15 0.937406 0.748497 0.034691 0.054108
16 0.294872 0.586172 0.040724 0.050100
