15 0.194004 0.736573 0.074074 0.092072
15 0.076720 0.466752 0.054674 0.069054
15 0.196649 0.618926 0.029982 0.040921
15 0.262787 0.602302 0.024691 0.033248
15 0.837743 0.928389 0.031746 0.046036
15 0.906526 0.905371 0.042328 0.035806
15 0.776014 0.886189 0.028219 0.048593
15 0.421517 0.777494 0.042328 0.046036
15 0.426808 0.860614 0.031746 0.028133
15 0.307760 0.590793 0.015873 0.040921
15 0.194885 0.529412 0.015873 0.020460
15 0.215168 0.484655 0.017637 0.023018
15 0.017637 0.904092 0.024691 0.033248
15 0.171958 0.850384 0.033510 0.033248
15 0.194004 0.083120 0.035273 0.033248
15 0.257496 0.080563 0.024691 0.028133
15 0.338624 0.054987 0.017637 0.023018
16 0.074956 0.044757 0.012346 0.017903
16 0.063492 0.047315 0.014109 0.012788
16 0.020282 0.054987 0.012346 0.017903
16 0.018519 0.152174 0.012346 0.017903
16 0.074074 0.162404 0.014109 0.017903
16 0.106702 0.085678 0.015873 0.017903
16 0.132275 0.060102 0.007055 0.012788
16 0.182540 0.115090 0.012346 0.020460
16 0.119929 0.514066 0.010582 0.015345
16 0.172840 0.540921 0.007055 0.017903
16 0.132275 0.482097 0.017637 0.023018
16 0.241623 0.476982 0.007055 0.028133
16 0.325397 0.517903 0.012346 0.023018
16 0.341270 0.531969 0.015873 0.020460
16 0.187831 0.562660 0.005291 0.010230
16 0.208995 0.549872 0.012346 0.020460
16 0.228395 0.570332 0.012346 0.020460
16 0.238977 0.548593 0.012346 0.023018
16 0.258377 0.565217 0.019400 0.025575
16 0.266314 0.535806 0.014109 0.023018
16 0.293651 0.525575 0.008818 0.023018
16 0.343915 0.557545 0.010582 0.030691
16 0.356261 0.539642 0.007055 0.020460
16 0.164021 0.593350 0.017637 0.025575
16 0.115520 0.590793 0.012346 0.020460
16 0.134921 0.570332 0.012346 0.030691
16 0.054674 0.606138 0.010582 0.020460
16 0.074956 0.572890 0.012346 0.025575
16 0.094356 0.576726 0.012346 0.023018
16 0.041446 0.524297 0.015873 0.015345
16 0.007937 0.488491 0.012346 0.020460
16 0.254850 0.112532 0.015873 0.020460
16 0.281305 0.104859 0.008818 0.020460
16 0.314815 0.043478 0.005291 0.020460
16 0.289242 0.061381 0.010582 0.015345
16 0.301587 0.061381 0.003527 0.015345
16 0.319224 0.067775 0.010582 0.028133
16 0.111993 0.172634 0.015873 0.023018
16 0.117284 0.016624 0.008818 0.017903
16 0.055556 0.063939 0.012346 0.020460
16 0.036155 0.111253 0.015873 0.023018
16 0.156085 0.046036 0.008818 0.010230
16 0.191358 0.044757 0.012346 0.023018
16 0.031746 0.656010 0.010582 0.017903
16 0.073192 0.666240 0.012346 0.023018
16 0.074956 0.730179 0.008818 0.023018
16 0.031746 0.745524 0.010582 0.023018
16 0.263668 0.764706 0.012346 0.020460
16 0.262787 0.732737 0.014109 0.023018
16 0.282187 0.732737 0.010582 0.023018
16 0.252205 0.690537 0.007055 0.020460
16 0.331570 0.624041 0.007055 0.020460
16 0.166667 0.653453 0.005291 0.017903
16 0.186067 0.652174 0.012346 0.020460
16 0.133157 0.699488 0.022928 0.028133
16 0.834215 0.716113 0.021164 0.030691
16 0.776014 0.741688 0.014109 0.015345
16 0.821869 0.771100 0.010582 0.017903
16 0.686067 0.763427 0.017637 0.017903
16 0.707231 0.787724 0.014109 0.015345
16 0.702822 0.695652 0.008818 0.010230
16 0.720459 0.709719 0.008818 0.012788
16 0.744268 0.704604 0.021164 0.017903
16 0.883598 0.638107 0.024691 0.028133
16 0.940917 0.609974 0.022928 0.028133
16 0.975309 0.606138 0.021164 0.030691
16 0.895062 0.719949 0.019400 0.028133
16 0.928571 0.662404 0.022928 0.040921
16 0.885362 0.765985 0.021164 0.028133
16 0.884480 0.451407 0.015873 0.033248
16 0.811287 0.058824 0.014109 0.020460
16 0.705467 0.092072 0.010582 0.015345
16 0.645503 0.148338 0.010582 0.010230
16 0.642857 0.042199 0.015873 0.023018
16 0.671958 0.031969 0.014109 0.017903
16 0.693122 0.016624 0.010582 0.012788
16 0.080247 0.943734 0.015873 0.025575
16 0.117284 0.969309 0.015873 0.020460
16 0.069665 0.869565 0.019400 0.020460
16 0.110229 0.877238 0.019400 0.020460
16 0.118166 0.829923 0.021164 0.017903
16 0.047619 0.870844 0.014109 0.023018
16 0.194004 0.884910 0.021164 0.015345
16 0.170194 0.900256 0.012346 0.020460
16 0.220459 0.826087 0.010582 0.015345
16 0.234568 0.810742 0.021164 0.020460
16 0.365079 0.964194 0.014109 0.020460
16 0.388007 0.953964 0.007055 0.015345
16 0.405644 0.961637 0.007055 0.020460
16 0.411817 0.836317 0.005291 0.030691
16 0.322751 0.781330 0.014109 0.017903
16 0.304233 0.772379 0.012346 0.020460
16 0.249559 0.666240 0.012346 0.017903
