15 0.230321 0.725547 0.038873 0.049635
15 0.166181 0.716058 0.036929 0.054015
15 0.252187 0.578832 0.043732 0.036496
15 0.404762 0.489051 0.037901 0.052555
15 0.527211 0.590511 0.032070 0.045255
15 0.588921 0.573723 0.023324 0.037956
15 0.678814 0.536496 0.030126 0.048175
15 0.744412 0.611679 0.040816 0.052555
15 0.768222 0.744526 0.032070 0.061314
15 0.724004 0.757664 0.044704 0.055474
15 0.607386 0.724818 0.031098 0.051095
15 0.657920 0.817518 0.025267 0.035036
15 0.460155 0.964234 0.026239 0.054015
15 0.420797 0.985401 0.027211 0.026277
15 0.220603 0.972263 0.036929 0.049635
15 0.094752 0.975912 0.039845 0.045255
15 0.108358 0.293431 0.039845 0.046715
15 0.018465 0.205839 0.017493 0.035036
15 0.013605 0.405839 0.025267 0.055474
15 0.441205 0.326277 0.050534 0.068613
15 0.357629 0.248905 0.027211 0.045255
15 0.300777 0.199270 0.045675 0.065693
15 0.269193 0.164234 0.027211 0.042336
15 0.419339 0.067153 0.034014 0.052555
15 0.414480 0.116058 0.018465 0.036496
15 0.482993 0.133577 0.023324 0.045255
15 0.535957 0.134307 0.024295 0.055474
15 0.563654 0.265693 0.023324 0.037956
15 0.724004 0.217518 0.023324 0.035036
15 0.686589 0.340146 0.030126 0.055474
15 0.633139 0.434307 0.024295 0.048175
15 0.747328 0.318978 0.025267 0.054015
15 0.849368 0.383212 0.027211 0.048175
15 0.850826 0.565693 0.034014 0.045255
15 0.837221 0.603650 0.024295 0.039416
15 0.858601 0.606569 0.024295 0.036496
15 0.855685 0.687591 0.030126 0.035036
15 0.852284 0.769343 0.019436 0.043796
15 0.911565 0.741606 0.033042 0.037956
15 0.395044 0.772263 0.030126 0.040876
16 0.093294 0.205109 0.027211 0.039416
