15 0.044087 0.952537 0.046680 0.078560
15 0.074689 0.914894 0.051867 0.068740
15 0.135892 0.796236 0.039419 0.050736
15 0.166494 0.845336 0.030083 0.067103
15 0.082988 0.672668 0.037344 0.049100
15 0.196058 0.638298 0.051867 0.052373
15 0.227697 0.680033 0.050830 0.063830
15 0.314834 0.774141 0.032158 0.055646
15 0.213174 0.801146 0.030083 0.044190
15 0.281120 0.820786 0.039419 0.054010
15 0.407158 0.905074 0.048755 0.055646
15 0.459025 0.949264 0.038382 0.042553
15 0.596992 0.900164 0.042531 0.055646
15 0.540975 0.788871 0.023859 0.039280
15 0.424793 0.662848 0.042531 0.049100
15 0.428942 0.572831 0.036307 0.049100
15 0.389523 0.499182 0.048755 0.072013
15 0.329357 0.499182 0.042531 0.042553
15 0.238589 0.447627 0.045643 0.054010
15 0.201245 0.441899 0.033195 0.045827
15 0.121369 0.418167 0.045643 0.067103
15 0.169606 0.286416 0.032158 0.036007
15 0.142116 0.243863 0.033195 0.055646
15 0.171162 0.207038 0.033195 0.044190
15 0.056535 0.187398 0.036307 0.067103
15 0.259855 0.142390 0.030083 0.049100
15 0.297718 0.189853 0.026971 0.045827
15 0.437241 0.286416 0.040456 0.049100
15 0.481846 0.308511 0.023859 0.034370
15 0.481328 0.395254 0.024896 0.063830
15 0.535788 0.397709 0.050830 0.055646
15 0.489108 0.531097 0.044606 0.067103
15 0.664938 0.647300 0.053942 0.070376
15 0.823133 0.578560 0.036307 0.067103
15 0.704357 0.454992 0.035270 0.042553
15 0.596992 0.513912 0.042531 0.075286
15 0.498444 0.664484 0.032158 0.062193
15 0.530602 0.719313 0.050830 0.080196
15 0.619813 0.283961 0.048755 0.063830
15 0.549793 0.093290 0.039419 0.055646
15 0.696058 0.088380 0.041494 0.049100
15 0.709544 0.293781 0.045643 0.063830
15 0.761411 0.229951 0.033195 0.057283
15 0.861515 0.310966 0.038382 0.055646
15 0.925311 0.370704 0.045643 0.070376
15 0.943465 0.595745 0.030083 0.049100
15 0.932573 0.734043 0.024896 0.044190
15 0.869295 0.882979 0.026971 0.040917
15 0.892116 0.947627 0.026971 0.052373
15 0.815871 0.095745 0.057054 0.063830
15 0.857884 0.063830 0.033195 0.055646
16 0.012448 0.432079 0.022822 0.036007
