15 0.340659 0.884675 0.057481 0.075851
15 0.320372 0.733746 0.043956 0.068111
15 0.402790 0.762384 0.029586 0.047988
15 0.489434 0.678793 0.042265 0.051084
15 0.435334 0.601393 0.035503 0.047988
15 0.661877 0.634675 0.037194 0.068111
15 0.729079 0.804180 0.039730 0.066563
15 0.473373 0.929567 0.021978 0.044892
15 0.616230 0.907121 0.037194 0.055728
15 0.365173 0.292570 0.040575 0.099071
15 0.413779 0.316563 0.038039 0.082043
15 0.582418 0.273220 0.038884 0.060372
15 0.680473 0.236842 0.027050 0.065015
15 0.560440 0.027090 0.040575 0.051084
15 0.393068 0.136997 0.035503 0.066563
15 0.256974 0.028638 0.047337 0.054180
15 0.127219 0.092879 0.049873 0.065015
15 0.063398 0.126935 0.030431 0.052632
15 0.060017 0.547214 0.033812 0.051084
15 0.188081 0.307276 0.038039 0.038700
15 0.183009 0.393189 0.027895 0.034056
15 0.345731 0.511610 0.043956 0.054180
15 0.153001 0.798762 0.016906 0.034056
15 0.209637 0.642415 0.018597 0.046440
15 0.755283 0.527864 0.027895 0.074303
15 0.909129 0.572755 0.036348 0.049536
15 0.857143 0.246904 0.021978 0.060372
15 0.912933 0.460526 0.020287 0.041796
15 0.981826 0.758514 0.036348 0.052632
15 0.934911 0.616873 0.027050 0.038700
15 0.820795 0.665635 0.023669 0.034056
15 0.483939 0.856037 0.043111 0.058824
