15 0.144121 0.412214 0.055151 0.070229
15 0.252862 0.329008 0.058273 0.062595
15 0.290323 0.454198 0.079084 0.090076
15 0.258585 0.603817 0.071800 0.077863
15 0.101457 0.629008 0.040583 0.033588
15 0.051509 0.609924 0.032258 0.050382
15 0.081686 0.526718 0.046826 0.045802
15 0.397503 0.680153 0.064516 0.062595
15 0.539022 0.805344 0.045786 0.056489
15 0.385016 0.909924 0.035380 0.045802
15 0.333507 0.952672 0.038502 0.048855
15 0.272633 0.958779 0.035380 0.039695
15 0.265349 0.841985 0.060354 0.074809
15 0.174298 0.835878 0.086368 0.065649
15 0.060354 0.964885 0.041623 0.042748
15 0.613424 0.761069 0.032258 0.053435
15 0.576483 0.860305 0.052029 0.038168
15 0.630073 0.839695 0.030177 0.042748
15 0.580125 0.639695 0.038502 0.061069
15 0.621228 0.499237 0.043704 0.058015
15 0.638398 0.435115 0.032258 0.039695
15 0.612383 0.109924 0.042664 0.061069
15 0.704475 0.141985 0.027055 0.045802
15 0.829865 0.295420 0.044745 0.068702
15 0.876171 0.186260 0.047867 0.054962
15 0.336629 0.220611 0.044745 0.035115
15 0.281478 0.075573 0.059313 0.062595
15 0.851197 0.663359 0.058273 0.087023
15 0.801249 0.763359 0.043704 0.058015
15 0.883455 0.860305 0.031217 0.059542
15 0.096254 0.735115 0.042664 0.035115
15 0.100416 0.806107 0.026015 0.036641
15 0.366805 0.771756 0.023933 0.035115
