15 0.446262 0.636095 0.035826 0.025641
15 0.501558 0.630178 0.028037 0.033531
15 0.532710 0.667653 0.018692 0.029586
15 0.552960 0.672584 0.021807 0.031558
15 0.564642 0.698225 0.026480 0.031558
15 0.649533 0.708087 0.018692 0.031558
15 0.720405 0.790927 0.020249 0.035503
15 0.734424 0.769231 0.023364 0.035503
15 0.633178 0.837278 0.020249 0.029586
15 0.674455 0.891519 0.028037 0.031558
15 0.528816 0.922091 0.038941 0.041420
15 0.514019 0.732742 0.021807 0.021696
15 0.580997 0.779093 0.021807 0.035503
15 0.348910 0.785010 0.037383 0.043393
15 0.378505 0.831361 0.034268 0.045365
15 0.438474 0.784024 0.020249 0.025641
15 0.314642 0.657791 0.037383 0.045365
15 0.224299 0.902367 0.037383 0.041420
15 0.038941 0.876726 0.037383 0.041420
15 0.064642 0.739645 0.032710 0.035503
15 0.154206 0.530572 0.046729 0.051282
15 0.141745 0.402367 0.037383 0.039448
15 0.326324 0.367850 0.029595 0.037475
15 0.379283 0.437870 0.029595 0.035503
15 0.458723 0.431953 0.038941 0.035503
15 0.563863 0.391519 0.024922 0.045365
15 0.592679 0.417160 0.023364 0.041420
15 0.659657 0.365878 0.045171 0.061144
15 0.737539 0.426036 0.042056 0.039448
15 0.777259 0.392505 0.040498 0.043393
15 0.815421 0.372781 0.029595 0.047337
15 0.707944 0.275148 0.017134 0.041420
15 0.729751 0.284024 0.023364 0.051282
15 0.753115 0.275148 0.014019 0.041420
15 0.771807 0.270217 0.020249 0.043393
15 0.509346 0.157791 0.037383 0.031558
15 0.552960 0.110454 0.046729 0.035503
15 0.633956 0.070020 0.046729 0.049310
15 0.408879 0.080868 0.042056 0.051282
15 0.450935 0.034517 0.029595 0.029586
15 0.897975 0.035503 0.038941 0.055227
15 0.916667 0.080868 0.023364 0.019724
15 0.945483 0.198225 0.024922 0.033531
15 0.538941 0.540434 0.046729 0.051282
15 0.507788 0.483235 0.031153 0.035503
15 0.670561 0.589744 0.051402 0.067061
15 0.767913 0.520710 0.021807 0.035503
15 0.221184 0.207101 0.049844 0.043393
15 0.166667 0.160750 0.037383 0.029586
15 0.414330 0.676529 0.043614 0.035503
15 0.267913 0.709073 0.034268 0.029586
15 0.105140 0.977318 0.032710 0.045365
15 0.390187 0.336292 0.038941 0.049310
15 0.334891 0.307692 0.031153 0.039448
15 0.423676 0.277120 0.028037 0.033531
15 0.684579 0.177515 0.048287 0.047337
15 0.651090 0.247535 0.071651 0.061144
15 0.599688 0.649901 0.024922 0.033531
15 0.586449 0.461538 0.035826 0.043393
