15 0.657346 0.552167 0.050237 0.070626
15 0.560190 0.562600 0.037915 0.065811
15 0.524171 0.570626 0.043602 0.069021
15 0.567773 0.718299 0.047393 0.088283
15 0.603318 0.795345 0.018009 0.033708
15 0.642180 0.732745 0.025592 0.036918
15 0.705687 0.719904 0.025592 0.036918
15 0.764929 0.812199 0.024645 0.038523
15 0.897156 0.826645 0.021801 0.035313
15 0.420853 0.345104 0.032227 0.044944
15 0.503791 0.232745 0.031280 0.038523
15 0.683412 0.222311 0.026540 0.033708
15 0.431280 0.038523 0.032227 0.044944
15 0.232227 0.397271 0.036019 0.062600
15 0.124171 0.720706 0.032227 0.044944
15 0.093365 0.818620 0.038863 0.051364
15 0.147393 0.942215 0.036967 0.041734
15 0.059242 0.526485 0.036967 0.060995
15 0.249763 0.483146 0.042654 0.064205
