15 0.286651 0.704274 0.067938 0.064957
15 0.057807 0.794017 0.036949 0.056410
15 0.211561 0.466667 0.027414 0.047863
15 0.389750 0.475214 0.052443 0.061538
15 0.547676 0.195726 0.034565 0.056410
15 0.596544 0.177778 0.027414 0.054701
15 0.636472 0.051282 0.033373 0.044444
15 0.839690 0.093162 0.046484 0.059829
15 0.389154 0.020513 0.039333 0.037607
15 0.557211 0.641026 0.032181 0.054701
15 0.520858 0.643590 0.040524 0.049573
15 0.550060 0.569231 0.032181 0.051282
15 0.583433 0.790598 0.053635 0.066667
15 0.666269 0.904274 0.035757 0.064957
15 0.775328 0.713675 0.027414 0.052991
15 0.861740 0.772650 0.045292 0.078632
