15 0.050347 0.440727 0.031250 0.047801
15 0.092014 0.536329 0.040509 0.066922
15 0.173032 0.495220 0.045139 0.057361
15 0.322917 0.453155 0.043981 0.049713
15 0.352431 0.544933 0.035880 0.057361
15 0.504051 0.557361 0.026620 0.063098
15 0.601852 0.656788 0.037037 0.059273
15 0.596644 0.328872 0.038194 0.091778
15 0.650463 0.355641 0.027778 0.061185
15 0.911458 0.534417 0.052083 0.086042
15 0.842593 0.798279 0.025463 0.066922
15 0.806134 0.937859 0.040509 0.047801
15 0.760995 0.965583 0.045139 0.057361
15 0.600116 0.744742 0.054398 0.074570
