15 0.371702 0.816913 0.040946 0.044335
15 0.349864 0.756158 0.024568 0.034483
15 0.295268 0.799672 0.020928 0.042693
15 0.227934 0.810345 0.037307 0.047619
15 0.220655 0.688013 0.028207 0.042693
15 0.165150 0.728243 0.028207 0.044335
15 0.171520 0.666667 0.026388 0.042693
15 0.106005 0.708539 0.020928 0.044335
15 0.065969 0.671593 0.024568 0.059113
15 0.111465 0.621511 0.039126 0.050903
15 0.113285 0.306240 0.044586 0.070608
15 0.072338 0.266831 0.031847 0.034483
15 0.076433 0.328407 0.027298 0.045977
15 0.019108 0.363711 0.021838 0.041051
15 0.020018 0.538588 0.027298 0.052545
15 0.294359 0.424466 0.024568 0.037767
15 0.325296 0.435961 0.019108 0.037767
15 0.371702 0.415435 0.024568 0.029557
15 0.372611 0.394089 0.013649 0.039409
15 0.393995 0.388342 0.014559 0.031199
15 0.424022 0.444171 0.030937 0.050903
15 0.382621 0.473727 0.020928 0.041051
15 0.460874 0.760263 0.022748 0.062397
15 0.494086 0.645320 0.030937 0.045977
15 0.611920 0.625616 0.028207 0.039409
15 0.550500 0.571429 0.025478 0.032841
15 0.592812 0.398194 0.022748 0.037767
15 0.470883 0.266010 0.024568 0.049261
15 0.247953 0.894089 0.022748 0.027915
15 0.117379 0.940887 0.021838 0.029557
15 0.143312 0.948276 0.024568 0.034483
15 0.583258 0.881773 0.027298 0.049261
15 0.628298 0.852217 0.026388 0.032841
15 0.715196 0.865353 0.020018 0.039409
15 0.881711 0.766010 0.021838 0.057471
15 0.838035 0.719212 0.018198 0.032841
15 0.844859 0.668309 0.017288 0.032841
15 0.875341 0.689655 0.020018 0.039409
15 0.979982 0.616585 0.018198 0.037767
15 0.760237 0.495895 0.019108 0.032841
15 0.727480 0.459770 0.017288 0.036125
15 0.699272 0.473727 0.017288 0.034483
15 0.974522 0.223317 0.029117 0.052545
15 0.514559 0.041051 0.039126 0.052545
15 0.658781 0.050082 0.038217 0.047619
15 0.617379 0.146141 0.046406 0.078818
15 0.451319 0.023810 0.036397 0.044335
15 0.186988 0.165025 0.031847 0.041051
15 0.030027 0.173235 0.032757 0.047619
15 0.287989 0.018883 0.039126 0.034483
15 0.802093 0.092775 0.026388 0.054187
15 0.297543 0.671593 0.036397 0.045977
15 0.538217 0.211823 0.019108 0.029557
16 0.344859 0.950739 0.025478 0.045977
