15 0.457769 0.599379 0.020855 0.031056
15 0.420751 0.653727 0.026069 0.040373
15 0.211679 0.605590 0.041710 0.059006
15 0.173097 0.531832 0.020855 0.023292
15 0.167362 0.655280 0.036496 0.031056
15 0.092284 0.694099 0.021898 0.037267
15 0.145985 0.776398 0.031283 0.034161
15 0.151199 0.702640 0.029197 0.035714
15 0.199687 0.704969 0.021898 0.031056
15 0.211679 0.879658 0.037539 0.051242
15 0.397289 0.890528 0.045881 0.054348
15 0.474453 0.916149 0.039625 0.049689
15 0.353493 0.395186 0.037539 0.041925
15 0.367049 0.350932 0.035454 0.040373
15 0.437435 0.381211 0.034411 0.045031
15 0.679353 0.575311 0.036496 0.038820
15 0.568822 0.437888 0.034411 0.049689
15 0.614703 0.389752 0.034411 0.046584
15 0.552138 0.347826 0.026069 0.037267
15 0.528154 0.333075 0.028154 0.035714
15 0.552138 0.225932 0.028154 0.048137
15 0.537018 0.186335 0.029197 0.037267
15 0.509906 0.171584 0.029197 0.035714
15 0.477059 0.195652 0.036496 0.034161
15 0.356621 0.208851 0.022941 0.032609
15 0.261210 0.297360 0.030240 0.038820
15 0.238269 0.318323 0.030240 0.040373
15 0.228363 0.226708 0.035454 0.046584
15 0.233577 0.109472 0.035454 0.041925
15 0.204901 0.056677 0.030240 0.038820
15 0.279979 0.028727 0.026069 0.029503
15 0.153806 0.107143 0.030240 0.043478
15 0.105318 0.108696 0.027112 0.034161
15 0.035454 0.104814 0.022941 0.032609
15 0.028154 0.069876 0.022941 0.031056
15 0.020334 0.402174 0.026069 0.040373
15 0.061522 0.305901 0.029197 0.040373
15 0.603754 0.759317 0.016684 0.031056
15 0.630865 0.924689 0.022941 0.038820
15 0.672576 0.869565 0.022941 0.037267
15 0.796663 0.956522 0.039625 0.043478
15 0.800313 0.797360 0.036496 0.051242
15 0.823253 0.734472 0.030240 0.034161
15 0.789885 0.696429 0.019812 0.032609
15 0.741397 0.683230 0.027112 0.031056
15 0.827946 0.667702 0.031283 0.040373
15 0.946298 0.663820 0.038582 0.048137
15 0.904588 0.613354 0.032325 0.043478
15 0.860792 0.388975 0.023983 0.041925
15 0.904588 0.361025 0.023983 0.041925
15 0.904067 0.412267 0.027112 0.038820
15 0.953597 0.413043 0.028154 0.040373
15 0.974974 0.441770 0.033368 0.045031
15 0.845151 0.260870 0.034411 0.040373
15 0.779979 0.324534 0.022941 0.037267
15 0.823253 0.323758 0.032325 0.029503
15 0.781022 0.377329 0.041710 0.037267
15 0.676225 0.354814 0.030240 0.038820
15 0.716893 0.274845 0.021898 0.037267
15 0.474453 0.484472 0.029197 0.043478
