15 0.454023 0.669657 0.025287 0.037520
15 0.441954 0.717781 0.028736 0.032626
15 0.498851 0.748777 0.025287 0.032626
15 0.608621 0.689233 0.033333 0.037520
15 0.689655 0.617455 0.020690 0.021207
15 0.709770 0.528548 0.026437 0.045677
15 0.783908 0.545677 0.020690 0.034258
15 0.887931 0.715334 0.031034 0.050571
15 0.608621 0.859706 0.026437 0.035889
15 0.536782 0.882545 0.025287 0.032626
15 0.340230 0.753670 0.029885 0.042414
15 0.256322 0.756117 0.022989 0.034258
15 0.308621 0.824633 0.033333 0.037520
15 0.211494 0.879282 0.029885 0.035889
15 0.203448 0.827080 0.025287 0.032626
15 0.142529 0.818923 0.041379 0.039152
15 0.097126 0.758564 0.028736 0.032626
15 0.071839 0.824633 0.026437 0.034258
15 0.105172 0.901305 0.024138 0.030995
15 0.219540 0.940457 0.041379 0.040783
15 0.327586 0.572594 0.032184 0.042414
15 0.230460 0.466558 0.021839 0.032626
15 0.227586 0.415171 0.029885 0.037520
15 0.186207 0.491843 0.025287 0.037520
15 0.107471 0.445351 0.028736 0.039152
15 0.029885 0.635400 0.032184 0.040783
15 0.118391 0.697390 0.027586 0.037520
15 0.186782 0.710440 0.031034 0.030995
15 0.021264 0.699837 0.024138 0.032626
15 0.083333 0.317292 0.019540 0.034258
15 0.079885 0.224307 0.014943 0.017945
15 0.128736 0.195759 0.027586 0.039152
15 0.199425 0.159054 0.044828 0.027732
15 0.208621 0.218597 0.017241 0.035889
15 0.161494 0.088907 0.019540 0.030995
15 0.190230 0.036705 0.028736 0.024470
15 0.267241 0.098695 0.019540 0.037520
15 0.283908 0.041599 0.027586 0.047308
15 0.300575 0.098695 0.019540 0.030995
15 0.363793 0.059543 0.028736 0.037520
15 0.377011 0.251223 0.025287 0.052202
15 0.397701 0.359706 0.020690 0.037520
15 0.433333 0.315661 0.032184 0.040783
15 0.368966 0.405383 0.020690 0.030995
15 0.414943 0.412724 0.032184 0.032626
15 0.486207 0.424144 0.022989 0.042414
15 0.546552 0.362153 0.028736 0.048940
15 0.505172 0.172920 0.028736 0.045677
15 0.238506 0.312398 0.031034 0.047308
15 0.583908 0.172104 0.025287 0.044046
15 0.623563 0.136215 0.021839 0.024470
15 0.624713 0.105220 0.021839 0.030995
15 0.595402 0.062806 0.025287 0.021207
15 0.568966 0.081566 0.025287 0.032626
15 0.485632 0.028548 0.031034 0.034258
15 0.601149 0.016313 0.034483 0.029364
15 0.750000 0.964111 0.037931 0.048940
15 0.702299 0.353997 0.029885 0.029364
15 0.590230 0.357259 0.021839 0.035889
15 0.752874 0.256933 0.020690 0.037520
15 0.816667 0.061175 0.028736 0.044046
15 0.958621 0.066884 0.018391 0.048940
15 0.957471 0.026101 0.027586 0.022838
15 0.957471 0.447798 0.032184 0.040783
