15 0.410180 0.795699 0.085828 0.060215
15 0.534930 0.820430 0.051896 0.049462
15 0.623752 0.766667 0.049900 0.045161
15 0.736527 0.777419 0.027944 0.045161
15 0.755489 0.872043 0.033932 0.045161
15 0.647705 0.926882 0.029940 0.034409
15 0.623752 0.939785 0.033932 0.034409
15 0.770459 0.980645 0.051896 0.038710
15 0.961078 0.960215 0.033932 0.045161
15 0.900200 0.887097 0.023952 0.032258
15 0.940120 0.764516 0.059880 0.040860
15 0.838323 0.633333 0.035928 0.049462
15 0.767465 0.626882 0.025948 0.040860
15 0.654691 0.606452 0.043912 0.034409
15 0.628743 0.544086 0.059880 0.060215
15 0.547904 0.552688 0.057884 0.038710
15 0.476048 0.654839 0.057884 0.058065
15 0.271457 0.586022 0.031936 0.045161
15 0.290419 0.501075 0.037924 0.034409
15 0.407186 0.541935 0.047904 0.043011
15 0.467066 0.501075 0.047904 0.060215
15 0.506986 0.443011 0.051896 0.055914
15 0.695609 0.474194 0.033932 0.066667
15 0.727545 0.445161 0.041916 0.060215
15 0.852295 0.497849 0.047904 0.053763
15 0.797405 0.565591 0.029940 0.043011
15 0.930140 0.592473 0.027944 0.036559
15 0.926148 0.551613 0.027944 0.023656
15 0.924152 0.502151 0.027944 0.036559
15 0.970060 0.536559 0.019960 0.023656
15 0.965070 0.566667 0.037924 0.032258
15 0.976048 0.617204 0.019960 0.030108
15 0.976048 0.662366 0.027944 0.034409
15 0.374251 0.896774 0.041916 0.034409
15 0.449102 0.311828 0.039920 0.038710
15 0.491018 0.290323 0.023952 0.047312
15 0.462076 0.177419 0.021956 0.032258
15 0.485030 0.206452 0.019960 0.030108
15 0.534930 0.121505 0.067864 0.062366
15 0.519960 0.074194 0.029940 0.036559
15 0.588822 0.043011 0.035928 0.043011
15 0.474052 0.029032 0.049900 0.040860
15 0.361277 0.127957 0.031936 0.045161
15 0.268463 0.147312 0.037924 0.040860
15 0.310379 0.094624 0.029940 0.038710
15 0.273453 0.053763 0.035928 0.043011
15 0.295409 0.025806 0.035928 0.030108
15 0.125749 0.319355 0.039920 0.049462
15 0.067864 0.389247 0.031936 0.047312
15 0.012974 0.353763 0.021956 0.062366
15 0.642715 0.404301 0.047904 0.051613
15 0.642715 0.330108 0.043912 0.036559
15 0.712575 0.337634 0.071856 0.055914
15 0.636727 0.281720 0.035928 0.038710
15 0.700599 0.261290 0.043912 0.036559
15 0.709581 0.232258 0.037924 0.034409
15 0.753493 0.219355 0.033932 0.043011
15 0.787425 0.220430 0.025948 0.045161
15 0.860279 0.258065 0.071856 0.086022
15 0.933134 0.175269 0.017964 0.036559
15 0.941118 0.195699 0.021956 0.038710
15 0.980040 0.198925 0.023952 0.032258
15 0.913174 0.130108 0.021956 0.023656
15 0.848303 0.111828 0.031936 0.025806
15 0.779441 0.118280 0.029940 0.034409
15 0.688623 0.116129 0.031936 0.030108
15 0.657685 0.086022 0.025948 0.025806
15 0.704591 0.037634 0.047904 0.023656
15 0.613772 0.094624 0.029940 0.030108
15 0.793413 0.018280 0.037924 0.023656
15 0.860279 0.066667 0.023952 0.043011
15 0.948104 0.070968 0.023952 0.038710
15 0.942116 0.045161 0.023952 0.034409
15 0.973054 0.022581 0.021956 0.027957
15 0.915170 0.378495 0.037924 0.047312
15 0.872255 0.377419 0.035928 0.036559
15 0.974052 0.440860 0.047904 0.047312
15 0.922156 0.466667 0.027944 0.038710
15 0.846307 0.433333 0.047904 0.032258
15 0.791417 0.467742 0.017964 0.027957
15 0.793413 0.435484 0.033932 0.032258
15 0.547904 0.267742 0.057884 0.049462
15 0.566866 0.446237 0.031936 0.036559
15 0.583832 0.406452 0.033932 0.034409
15 0.595808 0.350538 0.041916 0.038710
15 0.944112 0.297849 0.035928 0.036559
15 0.984032 0.296774 0.019960 0.043011
15 0.988024 0.254839 0.023952 0.019355
15 0.987026 0.348387 0.025948 0.068817
