15 0.487103 0.929808 0.053571 0.055769
15 0.535714 0.921154 0.035714 0.046154
15 0.667659 0.879808 0.041667 0.036538
15 0.589286 0.845192 0.051587 0.040385
15 0.655754 0.807692 0.033730 0.030769
15 0.654762 0.766346 0.015873 0.025000
15 0.618056 0.742308 0.033730 0.026923
15 0.496032 0.770192 0.059524 0.036538
15 0.312500 0.819231 0.045635 0.050000
15 0.339286 0.725962 0.031746 0.028846
15 0.438492 0.638462 0.027778 0.034615
15 0.458333 0.663462 0.023810 0.026923
15 0.484127 0.697115 0.031746 0.036538
15 0.536706 0.670192 0.033730 0.032692
15 0.542659 0.645192 0.033730 0.040385
15 0.633929 0.661538 0.025794 0.034615
15 0.669643 0.682692 0.041667 0.034615
15 0.684524 0.617308 0.047619 0.034615
15 0.734127 0.577885 0.031746 0.044231
15 0.765873 0.530769 0.031746 0.038462
15 0.821429 0.500962 0.039683 0.040385
15 0.926587 0.475962 0.023810 0.040385
15 0.952381 0.520192 0.031746 0.025000
15 0.963294 0.577885 0.025794 0.036538
15 0.984127 0.588462 0.031746 0.034615
15 0.969246 0.424038 0.045635 0.048077
15 0.888889 0.340385 0.047619 0.046154
15 0.794643 0.356731 0.033730 0.028846
15 0.758929 0.438462 0.041667 0.038462
15 0.716270 0.442308 0.027778 0.026923
15 0.675595 0.428846 0.045635 0.042308
15 0.697421 0.477885 0.037698 0.032692
15 0.665675 0.540385 0.049603 0.034615
15 0.565476 0.540385 0.043651 0.038462
15 0.481151 0.496154 0.025794 0.023077
15 0.479167 0.459615 0.033730 0.030769
15 0.555556 0.426923 0.031746 0.026923
15 0.530754 0.407692 0.029762 0.030769
15 0.559524 0.397115 0.031746 0.040385
15 0.597222 0.381731 0.031746 0.028846
15 0.594246 0.413462 0.041667 0.023077
15 0.333333 0.532692 0.039683 0.030769
15 0.385913 0.554808 0.029762 0.021154
15 0.401786 0.586538 0.037698 0.026923
15 0.198413 0.830769 0.055556 0.042308
15 0.160714 0.865385 0.051587 0.050000
15 0.090278 0.915385 0.053571 0.034615
15 0.132937 0.444231 0.039683 0.034615
15 0.171627 0.407692 0.029762 0.026923
15 0.161706 0.372115 0.037698 0.032692
15 0.232143 0.375000 0.047619 0.050000
15 0.285714 0.344231 0.039683 0.042308
15 0.401786 0.386538 0.029762 0.042308
15 0.455357 0.403846 0.049603 0.034615
15 0.387897 0.475962 0.041667 0.036538
15 0.392857 0.432692 0.035714 0.030769
15 0.316468 0.463462 0.037698 0.042308
15 0.299603 0.429808 0.031746 0.028846
15 0.274802 0.438462 0.037698 0.026923
15 0.169643 0.567308 0.045635 0.026923
15 0.229167 0.528846 0.033730 0.034615
15 0.262897 0.506731 0.033730 0.032692
15 0.128968 0.142308 0.063492 0.050000
15 0.127976 0.084615 0.041667 0.026923
15 0.192460 0.090385 0.039683 0.042308
15 0.231151 0.090385 0.025794 0.034615
15 0.248016 0.075962 0.027778 0.028846
15 0.277778 0.043269 0.019841 0.025000
15 0.310516 0.034615 0.033730 0.038462
15 0.361111 0.079808 0.039683 0.036538
15 0.369048 0.202885 0.035714 0.040385
15 0.390873 0.151923 0.027778 0.026923
15 0.437500 0.113462 0.033730 0.046154
15 0.523810 0.090385 0.047619 0.042308
15 0.501984 0.046154 0.051587 0.030769
15 0.674603 0.108654 0.047619 0.025000
15 0.738095 0.088462 0.043651 0.030769
15 0.783730 0.104808 0.023810 0.028846
15 0.836310 0.038462 0.045635 0.030769
15 0.904762 0.100962 0.031746 0.032692
15 0.934524 0.068269 0.027778 0.036538
15 0.955357 0.045192 0.029762 0.036538
15 0.717262 0.204808 0.049603 0.051923
15 0.643849 0.206731 0.041667 0.036538
15 0.652778 0.247115 0.047619 0.044231
15 0.608135 0.269231 0.045635 0.050000
15 0.566468 0.234615 0.037698 0.038462
15 0.571429 0.178846 0.043651 0.030769
15 0.320437 0.247115 0.033730 0.032692
15 0.251984 0.250962 0.067460 0.040385
15 0.196429 0.264423 0.039683 0.025000
15 0.170635 0.244231 0.031746 0.023077
15 0.203373 0.172115 0.029762 0.040385
15 0.243056 0.176923 0.029762 0.030769
15 0.343254 0.142308 0.031746 0.046154
15 0.033730 0.424038 0.039683 0.040385
15 0.055556 0.309615 0.039683 0.042308
15 0.080357 0.284615 0.033730 0.034615
15 0.083333 0.256731 0.035714 0.028846
15 0.078373 0.224038 0.045635 0.032692
15 0.410714 0.295192 0.027778 0.044231
15 0.496032 0.336538 0.039683 0.030769
15 0.467262 0.350962 0.045635 0.021154
15 0.931548 0.165385 0.049603 0.034615
16 0.040675 0.139423 0.021825 0.032692
16 0.012897 0.102885 0.021825 0.032692
16 0.030754 0.091346 0.025794 0.021154
16 0.064484 0.077885 0.037698 0.013462
16 0.085317 0.083654 0.035714 0.040385
16 0.064484 0.037500 0.053571 0.032692
16 0.148810 0.045192 0.031746 0.032692
16 0.180556 0.015385 0.027778 0.026923
16 0.222222 0.033654 0.031746 0.032692
16 0.026786 0.215385 0.037698 0.030769
16 0.436508 0.255769 0.035714 0.030769
16 0.392857 0.015385 0.039683 0.026923
16 0.534722 0.014423 0.033730 0.025000
16 0.792659 0.234615 0.041667 0.053846
16 0.696429 0.279808 0.035714 0.044231
16 0.764881 0.306731 0.057540 0.051923
16 0.277778 0.597115 0.035714 0.028846
16 0.213294 0.612500 0.057540 0.044231
16 0.910714 0.816346 0.043651 0.044231
16 0.929563 0.889423 0.029762 0.051923
16 0.959325 0.979808 0.037698 0.040385
