15 0.653427 0.604822 0.048287 0.048218
15 0.612928 0.441300 0.026480 0.044025
15 0.602804 0.408805 0.034268 0.041929
15 0.567757 0.288260 0.032710 0.035639
15 0.516355 0.374214 0.045171 0.056604
15 0.483645 0.417191 0.029595 0.037736
15 0.549844 0.504193 0.031153 0.048218
15 0.573209 0.694969 0.046729 0.056604
15 0.623832 0.700210 0.035826 0.041929
15 0.588006 0.835430 0.023364 0.035639
15 0.676012 0.830189 0.034268 0.046122
15 0.697040 0.897275 0.042056 0.033543
15 0.755452 0.883648 0.037383 0.048218
15 0.770249 0.836478 0.026480 0.037736
15 0.831776 0.931866 0.031153 0.052411
15 0.827103 0.893082 0.024922 0.033543
15 0.917445 0.961216 0.024922 0.027254
15 0.221184 0.676101 0.046729 0.052411
15 0.327882 0.629979 0.051402 0.048218
15 0.408100 0.634172 0.040498 0.064990
15 0.468069 0.763103 0.038941 0.033543
15 0.505452 0.801887 0.020249 0.035639
15 0.544393 0.821803 0.029595 0.033543
15 0.420561 0.893082 0.018692 0.029350
15 0.373832 0.844864 0.024922 0.037736
15 0.380062 0.815514 0.015576 0.020964
15 0.280374 0.783019 0.043614 0.044025
15 0.119938 0.773585 0.028037 0.046122
15 0.020249 0.793501 0.018692 0.035639
15 0.047508 0.835430 0.026480 0.039832
15 0.186916 0.368973 0.021807 0.041929
15 0.267913 0.430818 0.034268 0.044025
15 0.331776 0.335430 0.024922 0.037736
15 0.380062 0.383648 0.028037 0.029350
15 0.408100 0.301887 0.031153 0.033543
15 0.384735 0.272537 0.018692 0.041929
15 0.632399 0.148847 0.037383 0.033543
15 0.572430 0.046122 0.042056 0.041929
15 0.742991 0.095388 0.043614 0.056604
15 0.859813 0.240042 0.028037 0.052411
15 0.841900 0.296646 0.020249 0.023061
15 0.827882 0.320755 0.017134 0.020964
15 0.890966 0.287212 0.024922 0.029350
15 0.957165 0.234801 0.038941 0.037736
15 0.822430 0.460168 0.059190 0.056604
15 0.834891 0.528302 0.021807 0.033543
15 0.641745 0.552411 0.031153 0.044025
15 0.783489 0.513627 0.037383 0.033543
15 0.136293 0.540881 0.038941 0.033543
15 0.106698 0.523061 0.038941 0.027254
15 0.065421 0.575472 0.031153 0.052411
15 0.012461 0.637317 0.021807 0.046122
15 0.028816 0.384696 0.035826 0.035639
15 0.120717 0.407757 0.029595 0.039832
15 0.131620 0.220126 0.042056 0.033543
15 0.277259 0.229560 0.031153 0.044025
15 0.162773 0.214885 0.029595 0.048218
15 0.161215 0.147799 0.042056 0.027254
15 0.090343 0.143606 0.021807 0.027254
15 0.068536 0.128931 0.021807 0.027254
15 0.089564 0.109015 0.017134 0.033543
15 0.056854 0.064990 0.032710 0.025157
15 0.137072 0.056604 0.021807 0.029350
15 0.172118 0.031447 0.020249 0.016771
15 0.183801 0.055556 0.021807 0.023061
15 0.266355 0.110063 0.037383 0.048218
15 0.345016 0.094340 0.032710 0.033543
15 0.365265 0.048218 0.029595 0.025157
15 0.457165 0.200210 0.035826 0.023061
16 0.298287 0.524109 0.032710 0.037736
16 0.043614 0.018868 0.046729 0.033543
16 0.762461 0.371069 0.042056 0.033543
16 0.959502 0.376310 0.052960 0.060797
16 0.929907 0.689727 0.028037 0.054507
16 0.970405 0.716981 0.028037 0.041929
16 0.957165 0.693920 0.035826 0.062893
16 0.975857 0.828092 0.032710 0.037736
16 0.969626 0.799790 0.023364 0.027254
