15 0.302234 0.495310 0.039422 0.033771
15 0.310118 0.451220 0.031537 0.028143
15 0.284494 0.412758 0.030223 0.033771
15 0.204336 0.429644 0.030223 0.037523
15 0.139290 0.339587 0.042050 0.026266
15 0.229304 0.202627 0.030223 0.041276
15 0.346912 0.300188 0.042050 0.060038
15 0.440867 0.229831 0.053876 0.061914
15 0.486202 0.140713 0.049934 0.063790
15 0.524310 0.236398 0.021025 0.041276
15 0.542707 0.205441 0.021025 0.031895
15 0.558476 0.126642 0.028909 0.031895
15 0.578187 0.150094 0.021025 0.033771
15 0.667543 0.125704 0.026281 0.033771
15 0.563732 0.404315 0.021025 0.039400
15 0.562418 0.498124 0.036794 0.031895
15 0.503942 0.465291 0.030223 0.041276
15 0.370565 0.429644 0.018397 0.022514
15 0.366623 0.462477 0.039422 0.024390
15 0.405388 0.412758 0.022339 0.030019
15 0.427727 0.362101 0.019711 0.033771
15 0.446124 0.346154 0.014455 0.035647
15 0.483574 0.354597 0.028909 0.026266
15 0.589356 0.305816 0.027595 0.041276
15 0.623522 0.346154 0.019711 0.043152
15 0.650460 0.399625 0.026281 0.045028
15 0.689225 0.431520 0.022339 0.041276
15 0.799606 0.364916 0.030223 0.050657
15 0.823916 0.520638 0.018397 0.031895
15 0.818003 0.633208 0.024967 0.039400
15 0.758870 0.671670 0.019711 0.022514
15 0.647832 0.903377 0.021025 0.043152
15 0.820631 0.901501 0.022339 0.035647
15 0.848883 0.924953 0.018397 0.041276
15 0.865966 0.975610 0.034166 0.041276
15 0.910644 0.938086 0.034166 0.030019
15 0.896846 0.836773 0.027595 0.030019
15 0.938896 0.751407 0.022339 0.035647
15 0.885677 0.712946 0.036794 0.045028
15 0.935611 0.544090 0.044678 0.052533
15 0.886991 0.614447 0.039422 0.043152
15 0.859396 0.640713 0.036794 0.046904
15 0.393561 0.582552 0.027595 0.035647
15 0.474376 0.651032 0.034166 0.033771
15 0.360053 0.788931 0.047306 0.065666
15 0.159001 0.786116 0.042050 0.063790
15 0.084757 0.827392 0.035480 0.041276
15 0.042707 0.723265 0.043364 0.050657
15 0.013798 0.845216 0.024967 0.039400
15 0.024310 0.261726 0.045992 0.091932
16 0.559133 0.766417 0.035480 0.050657
16 0.279238 0.739212 0.040736 0.037523
16 0.212221 0.684803 0.040736 0.041276
16 0.237845 0.513133 0.034166 0.054409
16 0.461235 0.565666 0.026281 0.028143
16 0.641919 0.586304 0.048620 0.069418
16 0.515769 0.039400 0.040736 0.037523
16 0.455979 0.040338 0.034166 0.035647
16 0.281866 0.113508 0.032852 0.039400
16 0.278581 0.132270 0.034166 0.020638
16 0.255585 0.313321 0.030223 0.026266
16 0.302234 0.316135 0.018397 0.035647
16 0.103811 0.163227 0.010512 0.011257
16 0.060447 0.060038 0.031537 0.037523
16 0.204336 0.097561 0.027595 0.037523
16 0.070959 0.136961 0.023653 0.041276
16 0.118265 0.080675 0.028909 0.048780
16 0.077530 0.362101 0.023653 0.022514
16 0.124179 0.396811 0.006570 0.013133
16 0.209593 0.575985 0.019711 0.022514
16 0.073587 0.623827 0.044678 0.035647
16 0.080158 0.510319 0.028909 0.022514
16 0.097898 0.495310 0.027595 0.026266
16 0.148489 0.605066 0.026281 0.020638
16 0.434954 0.802064 0.028909 0.035647
16 0.411958 0.759850 0.038108 0.037523
16 0.119580 0.757974 0.036794 0.018762
16 0.577530 0.919325 0.040736 0.052533
16 0.327858 0.698874 0.032852 0.031895
16 0.599212 0.051595 0.026281 0.039400
16 0.810775 0.193246 0.021025 0.033771
16 0.767411 0.190432 0.023653 0.035647
16 0.727989 0.204503 0.028909 0.026266
16 0.787122 0.243902 0.021025 0.030019
16 0.854139 0.334897 0.018397 0.028143
16 0.886991 0.030019 0.026281 0.022514
16 0.866623 0.109756 0.017083 0.024390
16 0.856767 0.079737 0.013141 0.024390
16 0.684625 0.015009 0.021025 0.015009
16 0.685283 0.490619 0.030223 0.031895
16 0.599212 0.577861 0.021025 0.022514
16 0.538765 0.609756 0.031537 0.026266
