15 0.424335 0.609346 0.063395 0.048598
15 0.314928 0.645794 0.069530 0.061682
15 0.209611 0.681308 0.059305 0.046729
15 0.085890 0.794393 0.044990 0.048598
15 0.339468 0.906542 0.065440 0.059813
15 0.550102 0.968224 0.089980 0.056075
15 0.626789 0.944860 0.038855 0.024299
15 0.689162 0.984112 0.036810 0.028037
15 0.845603 0.670093 0.075665 0.057944
15 0.910020 0.596262 0.065440 0.041121
15 0.899796 0.715888 0.044990 0.048598
15 0.859918 0.775701 0.047035 0.033645
15 0.982618 0.850467 0.034765 0.026168
15 0.596115 0.605607 0.034765 0.026168
15 0.496933 0.566355 0.024540 0.037383
15 0.536810 0.539252 0.038855 0.028037
15 0.511247 0.485047 0.044990 0.031776
15 0.441718 0.448598 0.049080 0.029907
15 0.320041 0.429907 0.038855 0.029907
15 0.373211 0.385047 0.055215 0.029907
15 0.769939 0.352336 0.059305 0.046729
15 0.548057 0.371028 0.081800 0.050467
15 0.505112 0.214953 0.049080 0.037383
15 0.614519 0.268224 0.051125 0.039252
15 0.679959 0.259813 0.034765 0.026168
15 0.738241 0.212150 0.032720 0.020561
15 0.922290 0.430841 0.053170 0.039252
15 0.110429 0.293458 0.040900 0.022430
16 0.488753 0.805607 0.098160 0.056075
16 0.149284 0.407477 0.028630 0.026168
16 0.276074 0.282243 0.053170 0.059813
16 0.184049 0.323364 0.053170 0.033645
