15 0.471154 0.597588 0.061189 0.063596
15 0.367133 0.438596 0.034965 0.035088
15 0.465035 0.479167 0.034965 0.046053
15 0.512238 0.412281 0.034965 0.039474
15 0.666084 0.440789 0.034965 0.048246
15 0.756119 0.679825 0.061189 0.083333
15 0.902098 0.845395 0.041958 0.050439
15 0.873252 0.882675 0.036713 0.028509
15 0.819930 0.960526 0.052448 0.052632
15 0.630245 0.106360 0.047203 0.059211
15 0.834790 0.373904 0.047203 0.046053
15 0.844406 0.472588 0.052448 0.046053
15 0.838287 0.535088 0.033217 0.039474
15 0.316434 0.076754 0.045455 0.043860
16 0.116259 0.566886 0.050699 0.063596
16 0.252622 0.968202 0.064685 0.063596
16 0.437937 0.941886 0.033217 0.041667
16 0.380245 0.962719 0.040210 0.048246
16 0.225524 0.472588 0.038462 0.050439
16 0.246503 0.285088 0.041958 0.052632
16 0.332168 0.286184 0.055944 0.046053
16 0.486888 0.254386 0.050699 0.057018
16 0.551573 0.230263 0.064685 0.039474
16 0.441434 0.328947 0.036713 0.039474
16 0.913462 0.085526 0.040210 0.057018
16 0.214161 0.059211 0.036713 0.057018
16 0.194056 0.078947 0.059441 0.035088
16 0.115385 0.078947 0.048951 0.052632
16 0.063811 0.057018 0.029720 0.039474
16 0.104895 0.278509 0.034965 0.043860
16 0.167832 0.324561 0.031469 0.035088
16 0.232517 0.817982 0.034965 0.043860
16 0.237762 0.869518 0.034965 0.032895
16 0.315559 0.890351 0.036713 0.043860
16 0.277098 0.812500 0.040210 0.050439
16 0.314685 0.812500 0.045455 0.032895
16 0.361014 0.903509 0.029720 0.039474
16 0.316434 0.948465 0.031469 0.037281
16 0.271853 0.498904 0.029720 0.037281
16 0.413462 0.267544 0.029720 0.043860
16 0.397727 0.375000 0.040210 0.035088
16 0.570804 0.351974 0.033217 0.046053
16 0.663462 0.339912 0.033217 0.052632
16 0.508741 0.320175 0.027972 0.039474
16 0.461538 0.108553 0.034965 0.041667
16 0.509615 0.138158 0.019231 0.043860
16 0.488636 0.019737 0.019231 0.021930
16 0.540210 0.058114 0.027972 0.028509
16 0.877622 0.266447 0.024476 0.046053
16 0.707168 0.755482 0.043706 0.046053
16 0.726399 0.984649 0.022727 0.030702
