15 0.420470 0.627400 0.047026 0.057592
15 0.498617 0.753054 0.031812 0.047120
15 0.452282 0.842932 0.049793 0.094241
15 0.607192 0.792321 0.019364 0.038394
15 0.735823 0.683246 0.022130 0.043630
15 0.286999 0.274869 0.051176 0.057592
15 0.152835 0.280977 0.053942 0.041885
15 0.705394 0.327225 0.030429 0.040140
15 0.765560 0.194590 0.023513 0.043630
15 0.714385 0.228621 0.031812 0.024433
15 0.879668 0.839442 0.033195 0.027923
15 0.815353 0.928447 0.029046 0.031414
15 0.474412 0.201571 0.035961 0.029668
15 0.437068 0.228621 0.024896 0.031414
15 0.355463 0.173647 0.041494 0.026178
15 0.254495 0.198953 0.024896 0.024433
15 0.132089 0.211169 0.029046 0.024433
16 0.541494 0.680628 0.031812 0.031414
16 0.690180 0.081152 0.024896 0.040140
16 0.500692 0.144852 0.022130 0.027923
16 0.507607 0.023560 0.022130 0.026178
16 0.116183 0.032286 0.033195 0.019197
16 0.690180 0.609075 0.027663 0.041885
16 0.816736 0.069808 0.029046 0.066318
16 0.688797 0.020942 0.027663 0.038394
16 0.246888 0.836824 0.029046 0.047120
16 0.188797 0.816754 0.037344 0.034904
16 0.330567 0.899651 0.035961 0.033159
16 0.564315 0.949389 0.044260 0.038394
16 0.663900 0.956370 0.033195 0.048866
16 0.222683 0.520942 0.033195 0.029668
16 0.259336 0.509599 0.037344 0.034904
16 0.295989 0.321990 0.049793 0.033159
16 0.336100 0.370855 0.044260 0.036649
