15 0.315299 0.400591 0.067164 0.057087
15 0.132463 0.439961 0.082090 0.080709
15 0.251866 0.514764 0.052239 0.041339
15 0.291978 0.562008 0.042910 0.033465
15 0.447761 0.564961 0.048507 0.023622
15 0.360075 0.654528 0.041045 0.041339
15 0.328358 0.694882 0.029851 0.035433
15 0.351679 0.726378 0.035448 0.043307
15 0.248134 0.702756 0.041045 0.031496
15 0.271455 0.826772 0.046642 0.027559
15 0.302239 0.799213 0.029851 0.019685
15 0.600746 0.413386 0.048507 0.039370
15 0.489739 0.513780 0.024254 0.031496
15 0.596082 0.737205 0.024254 0.033465
15 0.541978 0.854331 0.031716 0.051181
15 0.765858 0.693898 0.031716 0.037402
15 0.183769 0.311024 0.057836 0.047244
15 0.173507 0.827756 0.055970 0.053150
15 0.218284 0.147638 0.037313 0.043307
15 0.122201 0.210630 0.039179 0.051181
15 0.143657 0.182087 0.029851 0.033465
15 0.156716 0.147638 0.033582 0.035433
15 0.180970 0.120079 0.026119 0.027559
15 0.048507 0.100394 0.055970 0.039370
15 0.120336 0.062008 0.039179 0.041339
15 0.489739 0.105315 0.061567 0.041339
15 0.716418 0.147638 0.033582 0.019685
15 0.712687 0.112205 0.029851 0.027559
16 0.303172 0.117126 0.054104 0.049213
16 0.237873 0.044291 0.042910 0.029528
16 0.272388 0.039370 0.044776 0.039370
16 0.361007 0.056102 0.027985 0.029528
16 0.405784 0.093504 0.031716 0.033465
16 0.394590 0.053150 0.042910 0.047244
16 0.403918 0.389764 0.042910 0.027559
16 0.420709 0.358268 0.039179 0.039370
16 0.636194 0.303150 0.026119 0.039370
16 0.680037 0.508858 0.031716 0.049213
16 0.595149 0.453740 0.037313 0.041339
