15 0.602236 0.169643 0.105431 0.053571
15 0.547923 0.308532 0.079872 0.049603
15 0.440895 0.325397 0.063898 0.035714
15 0.576677 0.412698 0.086262 0.039683
15 0.349840 0.471230 0.060703 0.037698
15 0.496805 0.502976 0.060703 0.041667
15 0.400958 0.558532 0.073482 0.049603
15 0.565495 0.623016 0.038339 0.039683
15 0.643770 0.629960 0.035144 0.041667
15 0.153355 0.731151 0.089457 0.041667
15 0.460064 0.732143 0.083067 0.043651
15 0.450479 0.136905 0.044728 0.027778
15 0.634185 0.022817 0.047923 0.021825
15 0.777955 0.187500 0.060703 0.053571
