15 0.779956 0.495756 0.056645 0.067912
15 0.718410 0.544143 0.046841 0.069610
15 0.673203 0.481324 0.023965 0.045840
15 0.719499 0.352292 0.027233 0.035654
15 0.416122 0.273345 0.032680 0.040747
15 0.403050 0.454160 0.041394 0.073005
15 0.275599 0.462649 0.037037 0.059423
15 0.115468 0.499151 0.043573 0.054329
15 0.532680 0.342105 0.030501 0.049236
15 0.776144 0.720713 0.040305 0.062818
15 0.801743 0.782683 0.032680 0.047538
15 0.864924 0.825976 0.023965 0.049236
15 0.932462 0.825127 0.043573 0.091681
15 0.373094 0.932937 0.040305 0.052632
15 0.661220 0.153650 0.030501 0.035654
15 0.804466 0.044143 0.020697 0.027165
15 0.826253 0.096774 0.027233 0.044143
15 0.808279 0.108659 0.026144 0.030560
16 0.407407 0.687606 0.023965 0.040747
16 0.543573 0.812394 0.023965 0.025467
16 0.405773 0.825976 0.038126 0.045840
16 0.269063 0.719864 0.061002 0.050934
16 0.236928 0.634126 0.044662 0.056027
16 0.220044 0.560272 0.017429 0.027165
16 0.120370 0.385399 0.018519 0.030560
16 0.031046 0.483022 0.018519 0.025467
16 0.061002 0.551783 0.013072 0.016978
16 0.045207 0.606961 0.035948 0.052632
16 0.066449 0.635823 0.026144 0.028862
16 0.011983 0.685908 0.021786 0.027165
16 0.052832 0.745331 0.033769 0.033956
16 0.331699 0.262309 0.022876 0.039049
16 0.280501 0.201188 0.029412 0.035654
16 0.257625 0.240238 0.033769 0.045840
16 0.224401 0.286927 0.026144 0.027165
16 0.278867 0.290323 0.030501 0.040747
16 0.136166 0.146010 0.030501 0.033956
16 0.163399 0.157895 0.023965 0.023769
16 0.204248 0.062818 0.031590 0.057725
16 0.496187 0.253820 0.029412 0.052632
16 0.456427 0.246180 0.037037 0.030560
16 0.469499 0.358234 0.037037 0.040747
16 0.547386 0.445671 0.031590 0.042445
16 0.558279 0.407470 0.020697 0.030560
16 0.604575 0.460102 0.017429 0.030560
16 0.618192 0.506791 0.029412 0.045840
