15 0.822069 0.447950 0.046897 0.044164
15 0.855172 0.387224 0.044138 0.055205
15 0.900690 0.262618 0.027586 0.033123
15 0.986897 0.078076 0.026207 0.026814
15 0.982069 0.671136 0.027586 0.033123
15 0.531724 0.578076 0.031724 0.036278
15 0.150345 0.575710 0.049655 0.044164
15 0.140000 0.705836 0.067586 0.055205
15 0.751034 0.646688 0.040000 0.050473
15 0.524138 0.974763 0.044138 0.050473
15 0.958621 0.962934 0.030345 0.039432
15 0.860000 0.937697 0.059310 0.042587
16 0.344828 0.696372 0.035862 0.026814
