15 0.547143 0.708438 0.010000 0.011335
15 0.564286 0.688917 0.010000 0.012594
15 0.569286 0.677582 0.007143 0.012594
15 0.580000 0.673174 0.005714 0.011335
15 0.529643 0.697103 0.007857 0.008816
15 0.527143 0.705290 0.007143 0.010076
15 0.530000 0.711587 0.005714 0.010076
15 0.537500 0.716625 0.005000 0.010076
15 0.551429 0.721033 0.005714 0.011335
15 0.019643 0.970403 0.009286 0.013854
15 0.022500 0.960327 0.007857 0.011335
15 0.034643 0.968514 0.007857 0.015113
15 0.032857 0.896096 0.010000 0.013854
15 0.034643 0.887280 0.007857 0.013854
15 0.029286 0.877204 0.007143 0.011335
15 0.015357 0.869647 0.010714 0.011335
15 0.015000 0.850756 0.007143 0.013854
15 0.012857 0.838791 0.010000 0.012594
15 0.012143 0.830605 0.010000 0.018892
15 0.041786 0.835642 0.012143 0.016373
15 0.040000 0.809824 0.010000 0.015113
15 0.030000 0.753778 0.011429 0.016373
15 0.077857 0.808564 0.008571 0.007557
15 0.077143 0.818640 0.010000 0.015113
15 0.072143 0.850126 0.012857 0.015113
15 0.060000 0.863350 0.011429 0.011335
15 0.072143 0.873426 0.010000 0.013854
15 0.094643 0.859572 0.007857 0.016373
15 0.081786 0.907431 0.010714 0.018892
15 0.072857 0.889798 0.004286 0.011335
15 0.134286 0.928841 0.010000 0.013854
15 0.087500 0.959698 0.010714 0.025189
15 0.094643 0.979219 0.009286 0.013854
15 0.107857 0.982368 0.008571 0.022670
15 0.120357 0.968514 0.007857 0.017632
15 0.128929 0.809824 0.015000 0.017632
15 0.130357 0.843829 0.010714 0.020151
15 0.132143 0.863350 0.010000 0.013854
15 0.126429 0.877834 0.008571 0.015113
15 0.114286 0.828715 0.010000 0.020151
15 0.097143 0.817380 0.010000 0.017632
15 0.100000 0.783375 0.008571 0.015113
15 0.065000 0.738665 0.010000 0.018892
15 0.066786 0.698363 0.012143 0.016373
15 0.071786 0.666247 0.009286 0.017632
15 0.046786 0.685768 0.015000 0.018892
15 0.012500 0.696474 0.005000 0.010076
15 0.007500 0.661839 0.010714 0.018892
15 0.082500 0.668766 0.009286 0.017632
15 0.105357 0.670655 0.012143 0.016373
15 0.112500 0.698363 0.012143 0.016373
15 0.125000 0.699622 0.012857 0.013854
15 0.125000 0.715365 0.011429 0.017632
15 0.116429 0.724811 0.010000 0.011335
15 0.149643 0.732368 0.012143 0.018892
15 0.154643 0.768892 0.012143 0.018892
15 0.149643 0.789673 0.009286 0.015113
15 0.086786 0.739295 0.019286 0.025189
15 0.098929 0.707179 0.012143 0.013854
15 0.168929 0.865239 0.020714 0.022670
15 0.157143 0.845088 0.010000 0.022670
15 0.182143 0.795970 0.012857 0.017632
15 0.182143 0.775189 0.010000 0.011335
15 0.185000 0.771411 0.010000 0.016373
15 0.189286 0.757557 0.011429 0.013854
15 0.219643 0.737406 0.012143 0.021411
15 0.198929 0.719773 0.009286 0.016373
15 0.204643 0.700252 0.009286 0.020151
15 0.186429 0.708438 0.010000 0.016373
15 0.174286 0.707179 0.008571 0.013854
15 0.160000 0.698363 0.007143 0.013854
15 0.165000 0.708438 0.007143 0.011335
15 0.201429 0.873426 0.012857 0.021411
15 0.219643 0.860831 0.015000 0.016373
15 0.229643 0.870907 0.009286 0.018892
15 0.222143 0.904912 0.007143 0.018892
15 0.209643 0.918136 0.015000 0.020151
15 0.200000 0.925693 0.010000 0.020151
15 0.204643 0.940176 0.010714 0.016373
15 0.238929 0.928212 0.007857 0.015113
15 0.255000 0.928841 0.010000 0.018892
15 0.264643 0.882242 0.012143 0.018892
15 0.252500 0.877834 0.012143 0.017632
15 0.236429 0.852015 0.008571 0.013854
15 0.247143 0.828086 0.012857 0.016373
15 0.222500 0.816751 0.012143 0.013854
15 0.220000 0.801637 0.010000 0.016373
15 0.210000 0.798489 0.012857 0.020151
15 0.194643 0.791562 0.009286 0.016373
15 0.162143 0.893577 0.010000 0.013854
15 0.162143 0.920655 0.012857 0.022670
15 0.174643 0.920655 0.007857 0.017632
15 0.178929 0.887909 0.009286 0.017632
15 0.242500 0.948363 0.007857 0.012594
15 0.255000 0.952771 0.010000 0.013854
15 0.242500 0.966625 0.013571 0.016373
15 0.267500 0.961587 0.010714 0.018892
15 0.282857 0.973552 0.010000 0.015113
15 0.290000 0.984257 0.010000 0.018892
15 0.295000 0.947733 0.010000 0.018892
15 0.281786 0.950252 0.007857 0.016373
15 0.269643 0.936398 0.009286 0.013854
15 0.278929 0.923804 0.007857 0.018892
15 0.320000 0.911839 0.007143 0.012594
15 0.322500 0.901134 0.007857 0.011335
15 0.343929 0.923174 0.009286 0.015113
15 0.329643 0.943955 0.005000 0.013854
15 0.325000 0.950252 0.007143 0.008816
15 0.331786 0.959068 0.005000 0.011335
15 0.335000 0.955290 0.005714 0.011335
15 0.337500 0.943325 0.005000 0.012594
15 0.338929 0.937028 0.006429 0.010076
15 0.345357 0.934509 0.005000 0.012594
15 0.354643 0.954660 0.005000 0.015113
15 0.364643 0.935139 0.005000 0.013854
15 0.367143 0.954660 0.007143 0.015113
15 0.295000 0.838791 0.011429 0.020151
15 0.274286 0.831864 0.008571 0.013854
15 0.269643 0.820529 0.007857 0.013854
15 0.257143 0.809194 0.010000 0.018892
15 0.274643 0.809824 0.007857 0.015113
15 0.293929 0.802897 0.010714 0.011335
15 0.297857 0.815491 0.008571 0.011335
15 0.302857 0.803526 0.011429 0.022670
15 0.322143 0.805416 0.007143 0.013854
15 0.327143 0.807305 0.007143 0.015113
15 0.331429 0.811713 0.005714 0.013854
15 0.334643 0.830605 0.007857 0.013854
15 0.307143 0.836902 0.010000 0.018892
15 0.309286 0.854534 0.011429 0.018892
15 0.324286 0.854534 0.007143 0.018892
15 0.334286 0.854534 0.008571 0.016373
15 0.342500 0.865239 0.006429 0.015113
15 0.352143 0.854534 0.007143 0.013854
15 0.354286 0.871537 0.010000 0.020151
15 0.344286 0.875945 0.008571 0.013854
15 0.332500 0.874685 0.005000 0.011335
15 0.341429 0.883501 0.008571 0.011335
15 0.359643 0.892317 0.007857 0.013854
15 0.364643 0.886650 0.005000 0.017632
15 0.372857 0.965365 0.007143 0.013854
15 0.261786 0.789043 0.007857 0.016373
15 0.257857 0.763854 0.010000 0.016373
15 0.271786 0.778338 0.006429 0.015113
15 0.279286 0.784635 0.007143 0.017632
15 0.291429 0.780227 0.011429 0.021411
15 0.295357 0.768262 0.007857 0.017632
15 0.277857 0.749370 0.010000 0.022670
15 0.295357 0.729849 0.007857 0.023929
15 0.322500 0.741184 0.010714 0.016373
15 0.339286 0.763854 0.011429 0.013854
15 0.343929 0.737406 0.006429 0.011335
15 0.349643 0.746222 0.005000 0.013854
15 0.357143 0.757557 0.015714 0.016373
15 0.369643 0.755038 0.005000 0.021411
15 0.367500 0.784635 0.009286 0.015113
15 0.347143 0.787154 0.010000 0.020151
15 0.333929 0.787154 0.009286 0.017632
15 0.344286 0.811083 0.007143 0.020151
15 0.362143 0.823048 0.007143 0.013854
15 0.365000 0.804786 0.010000 0.012594
15 0.375000 0.821159 0.010000 0.020151
15 0.367500 0.854534 0.009286 0.018892
15 0.372857 0.853275 0.005714 0.013854
15 0.379643 0.870907 0.007857 0.011335
15 0.378929 0.886650 0.006429 0.017632
15 0.230000 0.711587 0.007143 0.015113
15 0.219643 0.678212 0.009286 0.016373
15 0.249286 0.682620 0.008571 0.015113
15 0.264286 0.675693 0.007143 0.011335
15 0.272143 0.695214 0.012857 0.025189
15 0.280357 0.673174 0.006429 0.016373
15 0.292143 0.663098 0.007143 0.018892
15 0.301429 0.661839 0.005714 0.013854
15 0.302143 0.684509 0.007143 0.016373
15 0.311786 0.675063 0.006429 0.015113
15 0.317143 0.676952 0.002857 0.013854
15 0.335000 0.670655 0.011429 0.013854
15 0.342857 0.670655 0.005714 0.013854
15 0.347143 0.688287 0.007143 0.013854
15 0.354286 0.683879 0.007143 0.022670
15 0.357143 0.704030 0.007143 0.020151
15 0.360000 0.727960 0.005714 0.015113
15 0.370000 0.727960 0.004286 0.015113
15 0.376786 0.727330 0.013571 0.034005
15 0.103929 0.641688 0.012143 0.018892
15 0.115000 0.627834 0.010000 0.016373
15 0.149643 0.644836 0.009286 0.022670
15 0.153929 0.625315 0.009286 0.018892
15 0.143929 0.612091 0.012143 0.015113
15 0.145357 0.597607 0.009286 0.013854
15 0.160000 0.609572 0.010000 0.025189
15 0.169643 0.630353 0.007857 0.013854
15 0.165000 0.654912 0.012857 0.022670
15 0.182500 0.645466 0.005000 0.013854
15 0.182143 0.620907 0.007143 0.017632
15 0.192143 0.615869 0.010000 0.017632
15 0.212143 0.630982 0.010000 0.022670
15 0.236786 0.654912 0.005000 0.017632
15 0.209286 0.592569 0.005714 0.013854
15 0.251786 0.647985 0.010714 0.023929
15 0.261429 0.644836 0.008571 0.020151
15 0.257143 0.607053 0.007143 0.017632
15 0.262500 0.617758 0.005000 0.013854
15 0.269643 0.615239 0.005000 0.013854
15 0.269643 0.597607 0.009286 0.016373
15 0.295357 0.616499 0.012143 0.018892
15 0.302143 0.593829 0.007143 0.013854
15 0.309643 0.608312 0.015000 0.017632
15 0.317143 0.632872 0.012857 0.028967
15 0.327857 0.625315 0.011429 0.018892
15 0.332143 0.644207 0.010000 0.016373
15 0.338929 0.651134 0.009286 0.012594
15 0.349643 0.637280 0.010714 0.017632
15 0.365000 0.643577 0.010000 0.020151
15 0.373929 0.595718 0.013571 0.020151
15 0.340000 0.605164 0.007143 0.008816
15 0.341429 0.618388 0.014286 0.012594
15 0.327500 0.591940 0.009286 0.012594
15 0.005714 0.574937 0.010000 0.018892
15 0.027143 0.581864 0.007143 0.017632
15 0.049643 0.531486 0.007857 0.022670
15 0.064286 0.536524 0.007143 0.020151
15 0.025000 0.491184 0.010000 0.020151
15 0.059286 0.484887 0.008571 0.017632
15 0.050000 0.452771 0.010000 0.021411
15 0.060000 0.464106 0.007143 0.013854
15 0.068929 0.457179 0.010714 0.025189
15 0.070000 0.438917 0.010000 0.016373
15 0.081429 0.428841 0.007143 0.013854
15 0.076429 0.411839 0.011429 0.017632
15 0.087143 0.423804 0.007143 0.013854
15 0.099643 0.409320 0.012143 0.020151
15 0.100357 0.393577 0.007857 0.013854
15 0.104643 0.382242 0.010714 0.016373
15 0.112143 0.370907 0.010000 0.016373
15 0.117143 0.341310 0.010000 0.015113
15 0.126786 0.323048 0.007857 0.013854
15 0.136429 0.318640 0.008571 0.015113
15 0.145000 0.387909 0.007143 0.020151
15 0.147857 0.409320 0.010000 0.015113
15 0.139286 0.416877 0.012857 0.020151
15 0.120000 0.431990 0.010000 0.015113
15 0.132857 0.450252 0.011429 0.021411
15 0.120357 0.464106 0.007857 0.016373
15 0.090357 0.481108 0.010714 0.017632
15 0.074643 0.481738 0.012143 0.013854
15 0.095000 0.525819 0.010000 0.034005
15 0.106786 0.548489 0.009286 0.021411
15 0.107500 0.584383 0.005000 0.020151
15 0.130000 0.551008 0.011429 0.034005
15 0.142500 0.545340 0.019286 0.020151
15 0.147500 0.530227 0.015000 0.017632
15 0.136429 0.503149 0.010000 0.023929
15 0.134643 0.479849 0.007857 0.015113
15 0.157143 0.467884 0.010000 0.013854
15 0.152500 0.448363 0.009286 0.017632
15 0.165357 0.449622 0.007857 0.020151
15 0.179286 0.438917 0.010000 0.016373
15 0.167500 0.481738 0.010714 0.021411
15 0.179643 0.488035 0.007857 0.016373
15 0.185000 0.476071 0.010000 0.017632
15 0.199286 0.491184 0.012857 0.025189
15 0.164286 0.571788 0.012857 0.022670
15 0.174643 0.568640 0.012143 0.021411
15 0.189286 0.555416 0.007143 0.020151
15 0.196786 0.559194 0.009286 0.022670
15 0.207143 0.559194 0.010000 0.022670
15 0.217857 0.559824 0.008571 0.016373
15 0.201786 0.534635 0.007857 0.016373
15 0.193929 0.534005 0.009286 0.015113
15 0.225000 0.513854 0.005714 0.020151
15 0.230000 0.519521 0.008571 0.013854
15 0.236786 0.523300 0.006429 0.016373
15 0.229643 0.503778 0.007857 0.020151
15 0.221429 0.472922 0.008571 0.013854
15 0.216786 0.459068 0.009286 0.013854
15 0.241786 0.457179 0.012143 0.017632
15 0.196786 0.428841 0.006429 0.011335
15 0.207857 0.401134 0.008571 0.013854
15 0.215000 0.401134 0.007143 0.018892
15 0.219286 0.390428 0.007143 0.017632
15 0.200000 0.373426 0.010000 0.016373
15 0.192857 0.362091 0.008571 0.013854
15 0.184643 0.376574 0.012143 0.015113
15 0.172143 0.384761 0.007143 0.016373
15 0.182143 0.355164 0.010000 0.022670
15 0.167857 0.336272 0.010000 0.020151
15 0.184286 0.335642 0.011429 0.013854
15 0.186429 0.318640 0.010000 0.015113
15 0.189643 0.292821 0.012143 0.013854
15 0.037500 0.426322 0.012143 0.013854
15 0.039286 0.394207 0.008571 0.020151
15 0.039286 0.343199 0.010000 0.018892
15 0.051429 0.342569 0.012857 0.022670
15 0.079643 0.330605 0.007857 0.013854
15 0.072143 0.316121 0.010000 0.017632
15 0.064643 0.306675 0.009286 0.011335
15 0.057857 0.304786 0.008571 0.020151
15 0.044643 0.311713 0.007857 0.011335
15 0.026429 0.323678 0.008571 0.015113
15 0.037500 0.295970 0.007857 0.015113
15 0.031786 0.284635 0.007857 0.015113
15 0.046786 0.289043 0.007857 0.016373
15 0.023929 0.282746 0.010714 0.013854
15 0.019643 0.284005 0.010714 0.013854
15 0.011429 0.278338 0.008571 0.017632
15 0.005000 0.272670 0.007143 0.013854
15 0.092143 0.289043 0.015714 0.023929
15 0.077143 0.261965 0.015714 0.017632
15 0.087143 0.251259 0.007143 0.011335
15 0.107857 0.260076 0.017143 0.016373
15 0.092857 0.225441 0.012857 0.015113
15 0.107143 0.222292 0.005714 0.011335
15 0.122500 0.235516 0.013571 0.020151
15 0.133929 0.221033 0.009286 0.011335
15 0.154286 0.238665 0.010000 0.011335
15 0.160000 0.234257 0.005714 0.012594
15 0.174643 0.250000 0.012143 0.016373
15 0.154643 0.255038 0.007857 0.013854
15 0.146429 0.268262 0.007143 0.015113
15 0.127143 0.302897 0.010000 0.013854
15 0.109643 0.291562 0.007857 0.011335
15 0.091429 0.363980 0.011429 0.012594
15 0.101429 0.343199 0.008571 0.018892
15 0.060000 0.232368 0.010000 0.021411
15 0.019286 0.222292 0.011429 0.013854
15 0.005357 0.233627 0.009286 0.016373
15 0.014286 0.255038 0.010000 0.013854
15 0.232857 0.418136 0.007143 0.020151
15 0.244643 0.428212 0.010714 0.015113
15 0.246429 0.411839 0.012857 0.010076
15 0.242143 0.397985 0.010000 0.015113
15 0.254643 0.389169 0.007857 0.015113
15 0.257143 0.375315 0.010000 0.017632
15 0.262143 0.359572 0.007143 0.011335
15 0.227500 0.366499 0.010714 0.015113
15 0.224286 0.354534 0.008571 0.013854
15 0.211786 0.352645 0.012143 0.017632
15 0.252857 0.565491 0.008571 0.020151
15 0.262143 0.562343 0.005714 0.018892
15 0.282143 0.557935 0.010000 0.020151
15 0.294286 0.558564 0.008571 0.016373
15 0.300357 0.551637 0.003571 0.015113
15 0.307143 0.552897 0.005714 0.022670
15 0.322143 0.564232 0.007143 0.017632
15 0.310000 0.570529 0.010000 0.012594
15 0.300000 0.577456 0.010000 0.008816
15 0.309643 0.582494 0.007857 0.011335
15 0.320357 0.578086 0.007857 0.012594
15 0.329286 0.577456 0.005714 0.011335
15 0.334643 0.584383 0.005000 0.012594
15 0.345357 0.564232 0.010714 0.015113
15 0.332143 0.554786 0.010000 0.016373
15 0.316429 0.513854 0.007143 0.012594
15 0.300357 0.505668 0.009286 0.013854
15 0.307143 0.502519 0.007143 0.015113
15 0.307143 0.490554 0.005714 0.011335
15 0.278929 0.511965 0.006429 0.016373
15 0.293929 0.522670 0.007857 0.012594
15 0.290000 0.539043 0.011429 0.015113
15 0.256786 0.505668 0.006429 0.011335
15 0.246429 0.511335 0.005714 0.017632
15 0.247143 0.489295 0.007143 0.018892
15 0.254286 0.477330 0.004286 0.015113
15 0.262143 0.475441 0.007143 0.021411
15 0.269286 0.462217 0.007143 0.022670
15 0.267143 0.428841 0.007143 0.013854
15 0.272500 0.421285 0.007857 0.016373
15 0.282857 0.467254 0.007143 0.020151
15 0.275000 0.486776 0.007143 0.013854
15 0.357500 0.579975 0.006429 0.016373
15 0.367857 0.567380 0.005714 0.016373
15 0.376429 0.555416 0.005714 0.015113
15 0.380357 0.570529 0.007857 0.020151
15 0.357857 0.542191 0.011429 0.011335
15 0.352857 0.550378 0.007143 0.015113
15 0.362857 0.559824 0.007143 0.013854
15 0.381786 0.523300 0.007857 0.013854
15 0.377857 0.508186 0.007143 0.011335
15 0.354643 0.506927 0.007857 0.013854
15 0.367500 0.529597 0.007857 0.016373
15 0.341786 0.519521 0.005000 0.013854
15 0.344286 0.533375 0.008571 0.016373
15 0.335000 0.539043 0.007143 0.017632
15 0.332500 0.510705 0.012143 0.013854
15 0.338929 0.493073 0.007857 0.013854
15 0.326429 0.490554 0.005714 0.011335
15 0.316429 0.472922 0.004286 0.011335
15 0.320000 0.470403 0.007143 0.013854
15 0.320000 0.459698 0.008571 0.012594
15 0.302500 0.459068 0.010714 0.018892
15 0.292143 0.466625 0.002857 0.013854
15 0.295357 0.435139 0.007857 0.013854
15 0.304643 0.431990 0.007857 0.017632
15 0.312500 0.440176 0.007857 0.016373
15 0.322857 0.427582 0.008571 0.016373
15 0.314643 0.409950 0.009286 0.013854
15 0.294643 0.397355 0.012143 0.013854
15 0.277857 0.403023 0.005714 0.012594
15 0.284643 0.379723 0.007857 0.011335
15 0.292857 0.368388 0.007143 0.013854
15 0.302857 0.364610 0.007143 0.011335
15 0.302143 0.377834 0.007143 0.010076
15 0.308929 0.387280 0.006429 0.016373
15 0.314286 0.377204 0.007143 0.013854
15 0.319643 0.375945 0.007857 0.013854
15 0.425000 0.900504 0.008571 0.015113
15 0.420000 0.875945 0.007143 0.011335
15 0.435000 0.886650 0.010000 0.017632
15 0.442857 0.870907 0.012857 0.016373
15 0.432500 0.869018 0.009286 0.015113
15 0.432143 0.848237 0.010000 0.013854
15 0.415357 0.853904 0.006429 0.020151
15 0.422857 0.845718 0.007143 0.016373
15 0.412857 0.839421 0.010000 0.011335
15 0.412143 0.827456 0.007143 0.015113
15 0.399643 0.828086 0.012143 0.013854
15 0.401786 0.841310 0.007857 0.012594
15 0.383929 0.857053 0.007857 0.013854
15 0.402143 0.812343 0.010000 0.022670
15 0.385000 0.825567 0.007143 0.016373
15 0.390000 0.839421 0.010000 0.013854
15 0.381786 0.801008 0.007857 0.012594
15 0.382143 0.780227 0.010000 0.021411
15 0.396786 0.766373 0.007857 0.018892
15 0.387857 0.752519 0.007143 0.011335
15 0.407143 0.781486 0.007143 0.013854
15 0.417500 0.801008 0.007857 0.010076
15 0.419643 0.770781 0.007857 0.017632
15 0.422857 0.757557 0.005714 0.013854
15 0.425000 0.745592 0.008571 0.015113
15 0.417500 0.743703 0.005000 0.013854
15 0.407500 0.743703 0.007857 0.013854
15 0.392143 0.715365 0.014286 0.020151
15 0.385357 0.694584 0.007857 0.011335
15 0.391786 0.684509 0.006429 0.008816
15 0.400000 0.682620 0.010000 0.012594
15 0.386786 0.663728 0.006429 0.012594
15 0.385000 0.641688 0.007143 0.013854
15 0.385357 0.617758 0.009286 0.011335
15 0.388929 0.606423 0.005000 0.011335
15 0.394643 0.615869 0.005000 0.012594
15 0.398929 0.596348 0.006429 0.013854
15 0.405357 0.593199 0.007857 0.012594
15 0.404643 0.612720 0.007857 0.011335
15 0.407500 0.630353 0.012143 0.013854
15 0.397500 0.654282 0.007857 0.011335
15 0.408929 0.645466 0.007857 0.011335
15 0.412857 0.661839 0.005714 0.016373
15 0.404643 0.664358 0.005000 0.013854
15 0.424643 0.659950 0.005000 0.015113
15 0.415357 0.702141 0.007857 0.011335
15 0.424643 0.710957 0.005000 0.016373
15 0.415357 0.721033 0.012143 0.013854
15 0.434643 0.743703 0.005000 0.013854
15 0.445000 0.757557 0.008571 0.016373
15 0.441786 0.773300 0.009286 0.015113
15 0.434643 0.761965 0.007857 0.007557
15 0.428929 0.787154 0.007857 0.012594
15 0.429643 0.802897 0.007857 0.013854
15 0.424643 0.807305 0.007857 0.012594
15 0.448929 0.819270 0.007857 0.016373
15 0.442500 0.800378 0.009286 0.013854
15 0.467500 0.791562 0.006429 0.013854
15 0.459643 0.804156 0.007857 0.011335
15 0.483929 0.821159 0.012143 0.020151
15 0.475000 0.805416 0.007143 0.013854
15 0.462143 0.767632 0.007143 0.013854
15 0.452500 0.768892 0.009286 0.013854
15 0.455000 0.734257 0.008571 0.015113
15 0.461786 0.743073 0.006429 0.012594
15 0.444643 0.727330 0.012143 0.013854
15 0.452143 0.715995 0.007143 0.013854
15 0.462500 0.709698 0.010714 0.011335
15 0.499643 0.778338 0.007857 0.015113
15 0.506786 0.772040 0.005000 0.017632
15 0.520000 0.763854 0.005714 0.011335
15 0.520357 0.756297 0.003571 0.008816
15 0.522500 0.746222 0.005000 0.008816
15 0.527857 0.750000 0.007143 0.016373
15 0.539643 0.748741 0.007857 0.013854
15 0.536786 0.733627 0.010714 0.011335
15 0.517143 0.732368 0.007143 0.013854
15 0.512857 0.739924 0.005714 0.011335
15 0.502143 0.729849 0.007143 0.013854
15 0.514643 0.717254 0.005000 0.011335
15 0.495357 0.711587 0.007857 0.012594
15 0.504643 0.707179 0.007857 0.011335
15 0.471429 0.726071 0.004286 0.013854
15 0.476786 0.722292 0.006429 0.011335
15 0.475000 0.744962 0.007143 0.013854
15 0.479643 0.731108 0.007857 0.013854
15 0.486429 0.734887 0.005714 0.013854
15 0.491786 0.732368 0.006429 0.011335
15 0.489643 0.753149 0.005000 0.015113
15 0.496786 0.757557 0.005000 0.011335
15 0.502143 0.746222 0.007143 0.011335
15 0.485000 0.772040 0.012857 0.022670
15 0.513929 0.807305 0.009286 0.012594
15 0.507143 0.824937 0.010000 0.015113
15 0.527500 0.802897 0.013571 0.016373
15 0.538929 0.791562 0.007857 0.018892
15 0.542143 0.767003 0.010000 0.017632
15 0.554643 0.756927 0.005000 0.012594
15 0.561786 0.743703 0.005000 0.016373
15 0.568929 0.715995 0.010714 0.021411
15 0.539643 0.665617 0.007857 0.013854
15 0.551429 0.650504 0.005714 0.013854
15 0.514286 0.653023 0.007143 0.013854
15 0.523929 0.636650 0.007857 0.013854
15 0.507143 0.685768 0.010000 0.013854
15 0.502500 0.668766 0.013571 0.017632
15 0.493929 0.659950 0.007857 0.012594
15 0.470357 0.681990 0.007857 0.013854
15 0.476786 0.667506 0.007857 0.017632
15 0.468929 0.654912 0.006429 0.010076
15 0.461429 0.654282 0.007143 0.011335
15 0.457857 0.663728 0.005714 0.010076
15 0.463929 0.673174 0.005000 0.011335
15 0.457857 0.681990 0.004286 0.011335
15 0.443929 0.666247 0.006429 0.010076
15 0.452143 0.666247 0.007143 0.012594
15 0.439286 0.676952 0.008571 0.011335
15 0.432500 0.674433 0.007857 0.013854
15 0.415357 0.677582 0.006429 0.010076
15 0.452500 0.632872 0.007857 0.013854
15 0.465357 0.621537 0.013571 0.011335
15 0.472500 0.607053 0.009286 0.015113
15 0.481429 0.608312 0.011429 0.020151
15 0.486429 0.593829 0.005714 0.016373
15 0.502143 0.591940 0.010000 0.012594
15 0.501429 0.600126 0.010000 0.013854
15 0.504643 0.610831 0.009286 0.007557
15 0.484286 0.637909 0.012857 0.013854
15 0.509643 0.625315 0.007857 0.008816
15 0.517143 0.605164 0.007143 0.011335
15 0.514286 0.591940 0.004286 0.012594
15 0.525357 0.612091 0.005000 0.012594
15 0.535357 0.603904 0.013571 0.026448
15 0.557143 0.630353 0.010000 0.011335
15 0.441429 0.636650 0.010000 0.016373
15 0.433929 0.621537 0.009286 0.016373
15 0.427143 0.613980 0.010000 0.016373
15 0.415000 0.605164 0.007143 0.011335
15 0.423929 0.625945 0.007857 0.017632
15 0.417500 0.638539 0.007857 0.010076
15 0.440000 0.568640 0.008571 0.021411
15 0.447857 0.559824 0.007143 0.013854
15 0.455000 0.554156 0.010000 0.022670
15 0.462500 0.589421 0.007857 0.012594
15 0.470000 0.582494 0.005714 0.016373
15 0.475000 0.575567 0.008571 0.012594
15 0.432500 0.593829 0.005000 0.011335
15 0.440000 0.602645 0.010000 0.018892
15 0.451429 0.614610 0.014286 0.012594
15 0.474643 0.539673 0.009286 0.016373
15 0.496429 0.544710 0.011429 0.013854
15 0.482500 0.518892 0.012143 0.017632
15 0.492143 0.506297 0.010000 0.017632
15 0.477500 0.500630 0.007857 0.013854
15 0.468929 0.491814 0.013571 0.018892
15 0.462857 0.512594 0.010000 0.022670
15 0.451786 0.512594 0.009286 0.022670
15 0.439643 0.532116 0.015000 0.011335
15 0.442500 0.547859 0.006429 0.015113
15 0.431429 0.548489 0.011429 0.016373
15 0.429286 0.573048 0.010000 0.027708
15 0.412500 0.570529 0.013571 0.012594
15 0.402500 0.557305 0.006429 0.008816
15 0.407143 0.545970 0.007143 0.008816
15 0.399286 0.545340 0.008571 0.012594
15 0.390000 0.557305 0.007143 0.016373
15 0.389643 0.572418 0.009286 0.011335
15 0.400000 0.529597 0.020000 0.016373
15 0.419643 0.527708 0.007857 0.017632
15 0.418929 0.542191 0.010714 0.011335
15 0.427143 0.499370 0.022857 0.016373
15 0.420357 0.477330 0.007857 0.015113
15 0.426786 0.466625 0.009286 0.008816
15 0.447857 0.468514 0.012857 0.015113
15 0.462857 0.472922 0.010000 0.013854
15 0.467857 0.473552 0.004286 0.012594
15 0.392143 0.481108 0.010000 0.015113
15 0.400000 0.468514 0.010000 0.012594
15 0.392143 0.442695 0.007143 0.011335
15 0.382143 0.452771 0.007143 0.011335
15 0.375000 0.471033 0.008571 0.020151
15 0.367857 0.457809 0.007143 0.016373
15 0.360000 0.455290 0.007143 0.013854
15 0.361786 0.441436 0.010714 0.013854
15 0.346786 0.430101 0.009286 0.016373
15 0.334643 0.411839 0.012143 0.012594
15 0.335000 0.400504 0.010000 0.015113
15 0.344643 0.409320 0.007857 0.017632
15 0.352500 0.407431 0.006429 0.013854
15 0.354643 0.389169 0.005000 0.015113
15 0.359286 0.382242 0.007143 0.016373
15 0.364643 0.387280 0.005000 0.016373
15 0.370357 0.396096 0.005000 0.013854
15 0.370000 0.405542 0.007143 0.012594
15 0.374643 0.416247 0.007857 0.011335
15 0.369286 0.417506 0.004286 0.011335
15 0.381786 0.424433 0.005000 0.007557
15 0.389643 0.423804 0.005000 0.013854
15 0.399643 0.423174 0.007857 0.015113
15 0.393929 0.401134 0.009286 0.016373
15 0.381786 0.380353 0.007857 0.017632
15 0.391786 0.380982 0.010714 0.016373
15 0.391429 0.352645 0.008571 0.012594
15 0.397143 0.343199 0.007143 0.008816
15 0.386429 0.341940 0.008571 0.013854
15 0.382857 0.324307 0.007143 0.008816
15 0.374643 0.323048 0.007857 0.011335
15 0.352500 0.365869 0.005000 0.008816
15 0.411786 0.406171 0.005000 0.011335
15 0.411786 0.413098 0.009286 0.007557
15 0.421786 0.403023 0.006429 0.015113
15 0.427143 0.387280 0.007143 0.011335
15 0.415000 0.377834 0.008571 0.015113
15 0.409286 0.362091 0.005714 0.011335
15 0.349643 0.346348 0.007857 0.010076
15 0.342143 0.348237 0.007143 0.008816
15 0.344286 0.355164 0.007143 0.010076
15 0.362857 0.317380 0.011429 0.020151
15 0.370000 0.292821 0.011429 0.013854
15 0.357857 0.297859 0.007143 0.013854
15 0.361786 0.270151 0.009286 0.011335
15 0.352143 0.275189 0.007143 0.011335
15 0.327500 0.295340 0.007857 0.013854
15 0.334643 0.290302 0.005000 0.011335
15 0.335000 0.300378 0.008571 0.006297
15 0.342500 0.309824 0.007857 0.005038
15 0.342857 0.325567 0.012857 0.013854
15 0.327143 0.320529 0.010000 0.013854
15 0.316786 0.332494 0.006429 0.012594
15 0.322143 0.358312 0.007143 0.011335
15 0.314643 0.357053 0.009286 0.016373
15 0.282857 0.347607 0.010000 0.015113
15 0.272143 0.360202 0.007143 0.012594
15 0.272143 0.339421 0.007143 0.006297
15 0.264286 0.336902 0.011429 0.013854
15 0.299643 0.336902 0.012143 0.011335
15 0.241429 0.343199 0.012857 0.013854
15 0.236786 0.324937 0.009286 0.015113
15 0.242857 0.318640 0.007143 0.015113
15 0.244643 0.297229 0.012143 0.017632
15 0.255357 0.302267 0.009286 0.012594
15 0.262143 0.293451 0.010000 0.015113
15 0.264643 0.312343 0.010714 0.010076
15 0.279286 0.307305 0.010000 0.012594
15 0.226429 0.307305 0.012857 0.012594
15 0.220357 0.275189 0.016429 0.013854
15 0.215000 0.260076 0.010000 0.011335
15 0.208929 0.239295 0.010714 0.007557
15 0.227500 0.241814 0.007857 0.012594
15 0.231429 0.221033 0.012857 0.011335
15 0.236429 0.250630 0.010000 0.010076
15 0.237143 0.258816 0.010000 0.011335
15 0.245000 0.260076 0.008571 0.016373
15 0.254286 0.255668 0.008571 0.017632
15 0.259643 0.248111 0.009286 0.015113
15 0.261429 0.266373 0.011429 0.011335
15 0.260357 0.276448 0.012143 0.011335
15 0.430000 0.423804 0.007143 0.011335
15 0.437500 0.428212 0.005000 0.010076
15 0.429643 0.440176 0.007857 0.011335
15 0.421786 0.441436 0.007857 0.011335
15 0.414286 0.447103 0.008571 0.015113
15 0.440000 0.445214 0.007143 0.011335
15 0.449286 0.445844 0.007143 0.015113
15 0.440000 0.411839 0.010000 0.012594
15 0.338929 0.270781 0.010714 0.017632
15 0.312857 0.301637 0.008571 0.013854
15 0.277143 0.275819 0.010000 0.015113
15 0.286786 0.282116 0.007857 0.017632
15 0.295000 0.297229 0.012857 0.022670
15 0.302143 0.264484 0.007143 0.015113
15 0.306786 0.275189 0.007857 0.008816
15 0.302143 0.281486 0.010000 0.011335
15 0.309643 0.286524 0.005000 0.008816
15 0.290000 0.250630 0.007143 0.012594
15 0.292857 0.266373 0.007143 0.011335
15 0.279643 0.265113 0.017857 0.011335
15 0.286786 0.234887 0.007857 0.008816
15 0.289643 0.231738 0.007857 0.012594
15 0.296786 0.236776 0.007857 0.015113
15 0.302500 0.231108 0.005000 0.011335
15 0.307500 0.225441 0.005000 0.012594
15 0.308929 0.218514 0.003571 0.011335
15 0.314643 0.226700 0.005000 0.007557
15 0.321786 0.225441 0.007857 0.010076
15 0.319643 0.264484 0.007857 0.010076
15 0.324286 0.251259 0.007143 0.011335
15 0.331786 0.237406 0.007857 0.013854
15 0.340000 0.241184 0.007143 0.011335
15 0.350357 0.255038 0.007857 0.011335
15 0.262143 0.210957 0.007143 0.011335
15 0.281429 0.199622 0.007143 0.011335
15 0.286786 0.195844 0.006429 0.018892
15 0.293929 0.200252 0.005000 0.012594
15 0.294286 0.190176 0.005714 0.007557
15 0.303929 0.192065 0.006429 0.011335
15 0.301429 0.205919 0.008571 0.011335
15 0.318929 0.209068 0.009286 0.010076
15 0.317143 0.190806 0.007143 0.011335
15 0.305357 0.180101 0.010714 0.007557
15 0.302143 0.166247 0.007143 0.012594
15 0.294643 0.163098 0.005000 0.011335
15 0.302143 0.154912 0.005714 0.010076
15 0.275000 0.153023 0.007143 0.011335
15 0.264643 0.145466 0.007857 0.008816
15 0.256429 0.153023 0.007143 0.008816
15 0.257143 0.171914 0.007143 0.013854
15 0.266429 0.175693 0.007143 0.013854
15 0.275357 0.174433 0.007857 0.011335
15 0.281429 0.179471 0.005714 0.011335
15 0.272143 0.193325 0.007143 0.011335
15 0.265357 0.193325 0.007857 0.013854
15 0.234643 0.156801 0.007857 0.011335
15 0.249286 0.125315 0.005714 0.013854
15 0.259643 0.127834 0.007857 0.013854
15 0.270357 0.125945 0.009286 0.017632
15 0.279643 0.127834 0.007857 0.023929
15 0.222143 0.166247 0.012857 0.022670
15 0.210000 0.186398 0.015714 0.012594
15 0.196786 0.207179 0.012143 0.018892
15 0.191786 0.221033 0.009286 0.013854
15 0.190357 0.275189 0.013571 0.013854
15 0.198929 0.168766 0.013571 0.017632
15 0.186429 0.181990 0.011429 0.016373
15 0.215000 0.147985 0.010000 0.011335
15 0.207857 0.154282 0.008571 0.011335
15 0.205000 0.136650 0.010000 0.013854
15 0.231786 0.123426 0.006429 0.012594
15 0.225000 0.115869 0.005714 0.015113
15 0.220357 0.121537 0.006429 0.008816
15 0.217143 0.125315 0.005714 0.008816
15 0.221429 0.137280 0.008571 0.010076
15 0.174286 0.216625 0.012857 0.022670
15 0.161786 0.163098 0.007857 0.011335
15 0.165357 0.175693 0.009286 0.016373
15 0.139643 0.148615 0.007857 0.012594
15 0.137500 0.170655 0.009286 0.013854
15 0.114286 0.181990 0.010000 0.013854
15 0.104286 0.197733 0.011429 0.015113
15 0.097143 0.208438 0.010000 0.011335
15 0.130000 0.180730 0.007143 0.011335
15 0.130357 0.189547 0.006429 0.011335
15 0.137143 0.209068 0.010000 0.015113
15 0.063929 0.196474 0.010714 0.015113
15 0.060000 0.174433 0.008571 0.013854
15 0.074643 0.178212 0.010714 0.018892
15 0.039643 0.183249 0.007857 0.011335
15 0.036786 0.202141 0.009286 0.011335
15 0.016786 0.208438 0.007857 0.011335
15 0.012857 0.198363 0.007143 0.013854
15 0.047500 0.125315 0.012143 0.016373
15 0.062500 0.124055 0.005000 0.011335
15 0.057500 0.104534 0.009286 0.015113
15 0.082500 0.119018 0.005000 0.008816
15 0.081786 0.154912 0.006429 0.015113
15 0.087143 0.162469 0.007143 0.012594
15 0.092500 0.168766 0.009286 0.012594
15 0.087857 0.178212 0.008571 0.011335
15 0.094643 0.142947 0.007857 0.013854
15 0.100000 0.134131 0.010000 0.016373
15 0.110357 0.141058 0.007857 0.015113
15 0.119286 0.150504 0.007143 0.013854
15 0.132143 0.126574 0.007143 0.013854
15 0.036786 0.104534 0.007857 0.012594
15 0.029643 0.088791 0.009286 0.011335
15 0.049643 0.075567 0.009286 0.015113
15 0.042857 0.088791 0.008571 0.013854
15 0.057857 0.062972 0.008571 0.017632
15 0.060000 0.045340 0.010000 0.015113
15 0.079643 0.096348 0.005000 0.011335
15 0.092143 0.091940 0.007143 0.015113
15 0.100357 0.092569 0.006429 0.013854
15 0.114643 0.086902 0.007857 0.015113
15 0.097143 0.075567 0.007143 0.015113
15 0.106429 0.074937 0.005714 0.011335
15 0.102143 0.057305 0.010000 0.016373
15 0.117143 0.066751 0.010000 0.017632
15 0.125357 0.056045 0.012143 0.016373
15 0.105357 0.037783 0.007857 0.017632
15 0.034286 0.051008 0.007143 0.011335
15 0.042143 0.051008 0.005714 0.013854
15 0.029643 0.066121 0.007857 0.011335
15 0.024643 0.054786 0.007857 0.011335
15 0.009286 0.086272 0.011429 0.011335
15 0.002143 0.173174 0.002857 0.008816
15 0.019286 0.032746 0.007143 0.015113
15 0.015357 0.009446 0.006429 0.011335
15 0.024286 0.010076 0.005714 0.007557
15 0.003929 0.030856 0.006429 0.011335
15 0.002143 0.045970 0.002857 0.011335
15 0.052857 0.021411 0.008571 0.012594
15 0.042857 0.017003 0.012857 0.011335
15 0.087143 0.014484 0.010000 0.011335
15 0.071429 0.013224 0.008571 0.011335
15 0.150357 0.074937 0.010714 0.013854
15 0.159286 0.100126 0.010000 0.016373
15 0.167143 0.113980 0.007143 0.013854
15 0.174286 0.107053 0.010000 0.025189
15 0.189643 0.112720 0.015000 0.013854
15 0.185357 0.135390 0.007857 0.011335
15 0.172857 0.081864 0.010000 0.015113
15 0.164643 0.083753 0.007857 0.011335
15 0.232500 0.083753 0.007857 0.011335
15 0.215357 0.110831 0.007857 0.007557
15 0.212857 0.120277 0.008571 0.011335
15 0.204643 0.105164 0.007857 0.011335
15 0.202500 0.082494 0.013571 0.011335
15 0.203929 0.069899 0.012143 0.011335
15 0.172500 0.068640 0.013571 0.011335
15 0.175000 0.057935 0.015714 0.010076
15 0.158929 0.049748 0.009286 0.011335
15 0.163929 0.036524 0.007857 0.012594
15 0.131786 0.037154 0.012143 0.018892
15 0.139286 0.016373 0.010000 0.015113
15 0.125000 0.013224 0.007143 0.011335
15 0.104286 0.008186 0.010000 0.013854
15 0.177143 0.030227 0.005714 0.012594
15 0.169643 0.024559 0.005000 0.011335
15 0.177500 0.013224 0.006429 0.011335
15 0.204286 0.027708 0.004286 0.010076
15 0.212143 0.024559 0.004286 0.011335
15 0.226786 0.032746 0.010714 0.012594
15 0.219643 0.047229 0.005000 0.008816
15 0.215357 0.071159 0.003571 0.013854
15 0.225000 0.075567 0.004286 0.007557
16 0.538571 0.985516 0.007143 0.013854
16 0.544643 0.976700 0.009286 0.016373
16 0.548214 0.965995 0.006429 0.010076
16 0.550714 0.949622 0.005714 0.012594
16 0.555714 0.945214 0.005714 0.013854
16 0.555000 0.932620 0.008571 0.018892
16 0.565714 0.916247 0.007143 0.013854
16 0.570357 0.956549 0.005000 0.011335
16 0.562857 0.971033 0.007143 0.012594
16 0.574286 0.976700 0.004286 0.006297
16 0.584643 0.965995 0.007857 0.015113
16 0.576429 0.961587 0.007143 0.016373
16 0.582500 0.950882 0.010714 0.017632
16 0.581429 0.933249 0.005714 0.015113
16 0.582143 0.915617 0.010000 0.017632
16 0.588571 0.910579 0.010000 0.015113
16 0.599643 0.924433 0.007857 0.017632
16 0.608214 0.918766 0.009286 0.021411
16 0.620000 0.918766 0.010000 0.021411
16 0.613571 0.932620 0.012857 0.016373
16 0.618929 0.955919 0.007857 0.017632
16 0.588571 0.981108 0.015714 0.020151
16 0.610714 0.984257 0.005714 0.013854
16 0.619286 0.978589 0.007143 0.015113
16 0.589643 0.885390 0.006429 0.007557
16 0.599286 0.857683 0.014286 0.020151
16 0.609286 0.862091 0.005714 0.013854
16 0.608571 0.874685 0.010000 0.013854
16 0.612143 0.886650 0.007143 0.012594
16 0.630714 0.882872 0.012857 0.027708
16 0.620714 0.865239 0.008571 0.012594
16 0.618571 0.855164 0.008571 0.015113
16 0.622500 0.829975 0.006429 0.017632
16 0.618214 0.819270 0.007857 0.013854
16 0.516429 0.917506 0.015714 0.011335
16 0.534643 0.896096 0.007857 0.011335
16 0.577500 0.887280 0.009286 0.018892
16 0.633214 0.969144 0.006429 0.016373
16 0.630357 0.941436 0.009286 0.016373
16 0.641786 0.929471 0.006429 0.015113
16 0.662857 0.889169 0.005714 0.012594
16 0.670714 0.950882 0.008571 0.015113
16 0.669286 0.957179 0.007143 0.015113
16 0.673929 0.940176 0.005000 0.016373
16 0.653214 0.901763 0.010714 0.015113
16 0.664286 0.913098 0.010000 0.022670
16 0.671429 0.898615 0.007143 0.021411
16 0.641071 0.868388 0.012143 0.021411
16 0.646071 0.991814 0.010714 0.013854
16 0.631429 0.990554 0.012857 0.011335
16 0.632857 0.842569 0.005714 0.012594
16 0.648929 0.821788 0.007857 0.013854
16 0.663571 0.843829 0.008571 0.012594
16 0.625714 0.802897 0.012857 0.018892
16 0.687857 0.890428 0.008571 0.012594
16 0.695000 0.906171 0.008571 0.008816
16 0.695714 0.917506 0.010000 0.013854
16 0.690714 0.933249 0.010000 0.012594
16 0.688571 0.956549 0.011429 0.021411
16 0.698929 0.961587 0.007857 0.016373
16 0.709286 0.971033 0.010000 0.020151
16 0.710000 0.953401 0.008571 0.025189
16 0.722857 0.962846 0.007143 0.016373
16 0.734643 0.982997 0.007857 0.013854
16 0.717500 0.994332 0.012143 0.011335
16 0.745714 0.907431 0.010000 0.016373
16 0.747500 0.887909 0.007857 0.020151
16 0.734286 0.858312 0.005714 0.013854
16 0.742857 0.841310 0.005714 0.020151
16 0.748214 0.848237 0.005000 0.018892
16 0.755000 0.852015 0.008571 0.013854
16 0.755357 0.862091 0.005000 0.011335
16 0.756071 0.876574 0.007857 0.015113
16 0.767857 0.876574 0.007143 0.017632
16 0.762143 0.889169 0.010000 0.017632
16 0.761429 0.911209 0.008571 0.016373
16 0.770000 0.908060 0.010000 0.025189
16 0.716071 0.834383 0.003571 0.006297
16 0.718929 0.844458 0.007857 0.011335
16 0.695714 0.816751 0.011429 0.016373
16 0.706786 0.816751 0.006429 0.011335
16 0.717143 0.805416 0.011429 0.021411
16 0.731429 0.813602 0.008571 0.017632
16 0.768214 0.805416 0.009286 0.016373
16 0.769286 0.836902 0.010000 0.021411
16 0.775357 0.857053 0.007857 0.016373
16 0.730000 0.761335 0.011429 0.021411
16 0.706071 0.748741 0.007857 0.008816
16 0.685000 0.758186 0.011429 0.007557
16 0.668214 0.763224 0.010714 0.017632
16 0.678571 0.799748 0.011429 0.025189
16 0.754643 0.785894 0.012143 0.010076
16 0.767143 0.775819 0.008571 0.017632
16 0.777857 0.972292 0.007143 0.012594
16 0.793929 0.954660 0.009286 0.017632
16 0.787143 0.913098 0.005714 0.015113
16 0.794286 0.897355 0.010000 0.021411
16 0.799286 0.891688 0.008571 0.022670
16 0.813571 0.897985 0.008571 0.022670
16 0.811429 0.911209 0.008571 0.016373
16 0.792143 0.921285 0.007143 0.011335
16 0.797857 0.935139 0.011429 0.021411
16 0.805000 0.938917 0.007143 0.018892
16 0.820000 0.943325 0.010000 0.020151
16 0.821071 0.989295 0.007857 0.018892
16 0.790714 0.983627 0.010000 0.017632
16 0.831786 0.979219 0.013571 0.021411
16 0.834286 0.950252 0.012857 0.026448
16 0.830357 0.901763 0.013571 0.030227
16 0.830357 0.865239 0.007857 0.030227
16 0.846429 0.865869 0.008571 0.028967
16 0.849286 0.970403 0.008571 0.021411
16 0.862143 0.938287 0.005714 0.022670
16 0.870714 0.935768 0.007143 0.027708
16 0.882143 0.908060 0.010000 0.020151
16 0.885714 0.880982 0.011429 0.028967
16 0.903571 0.883501 0.014286 0.021411
16 0.903929 0.914987 0.006429 0.016373
16 0.920714 0.914987 0.010000 0.016373
16 0.921071 0.887909 0.007857 0.020151
16 0.892143 0.965995 0.014286 0.020151
16 0.909643 0.974811 0.006429 0.010076
16 0.920000 0.980479 0.005714 0.011335
16 0.813571 0.840050 0.011429 0.017632
16 0.826071 0.821159 0.013571 0.020151
16 0.800714 0.806675 0.012857 0.021411
16 0.818571 0.790302 0.010000 0.013854
16 0.823571 0.771411 0.007143 0.016373
16 0.831071 0.772040 0.007857 0.012594
16 0.816071 0.760705 0.006429 0.015113
16 0.849286 0.765113 0.011429 0.016373
16 0.861786 0.766373 0.006429 0.018892
16 0.858929 0.776448 0.010714 0.018892
16 0.871071 0.822418 0.012143 0.022670
16 0.887143 0.835642 0.011429 0.013854
16 0.898929 0.807935 0.007857 0.016373
16 0.909286 0.801637 0.007143 0.013854
16 0.890357 0.761335 0.010714 0.021411
16 0.906429 0.761965 0.010000 0.017632
16 0.947143 0.952141 0.007143 0.017632
16 0.933929 0.955919 0.009286 0.012594
16 0.938571 0.988665 0.007143 0.007557
16 0.936786 0.936398 0.010714 0.011335
16 0.964643 0.916877 0.007857 0.020151
16 0.975714 0.888539 0.008571 0.018892
16 0.985357 0.879093 0.005000 0.015113
16 0.974286 0.852015 0.008571 0.013854
16 0.978929 0.833753 0.007857 0.012594
16 0.976071 0.823678 0.009286 0.015113
16 0.959643 0.805416 0.009286 0.018892
16 0.943929 0.833123 0.010714 0.011335
16 0.938929 0.850126 0.009286 0.010076
16 0.938929 0.863980 0.009286 0.012594
16 0.962143 0.759446 0.010000 0.015113
16 0.992857 0.810453 0.005714 0.008816
16 0.983929 0.816751 0.012143 0.008816
16 0.993929 0.761965 0.012143 0.020151
16 0.997857 0.850126 0.004286 0.010076
16 0.845714 0.746851 0.010000 0.012594
16 0.853214 0.732368 0.009286 0.016373
16 0.864643 0.736776 0.009286 0.015113
16 0.862500 0.711587 0.007857 0.015113
16 0.867500 0.704030 0.007857 0.017632
16 0.835000 0.684509 0.007143 0.016373
16 0.845714 0.679471 0.005714 0.011335
16 0.883214 0.673804 0.012143 0.017632
16 0.859286 0.647355 0.010000 0.020151
16 0.871786 0.637909 0.009286 0.026448
16 0.846429 0.625315 0.008571 0.016373
16 0.842143 0.606423 0.005714 0.016373
16 0.846786 0.591310 0.005000 0.013854
16 0.853929 0.585642 0.006429 0.012594
16 0.851786 0.567380 0.005000 0.013854
16 0.846429 0.569899 0.005714 0.011335
16 0.840714 0.570529 0.008571 0.012594
16 0.840357 0.584383 0.006429 0.010076
16 0.830714 0.579345 0.008571 0.012594
16 0.831071 0.561083 0.007857 0.016373
16 0.835714 0.552267 0.010000 0.016373
16 0.842143 0.554156 0.007143 0.010076
16 0.845000 0.542821 0.007143 0.017632
16 0.859643 0.536524 0.012143 0.015113
16 0.877857 0.568010 0.005714 0.012594
16 0.874286 0.586272 0.005714 0.011335
16 0.866071 0.607053 0.010714 0.015113
16 0.869286 0.572418 0.010000 0.013854
16 0.858214 0.568640 0.007857 0.013854
16 0.859286 0.549118 0.007143 0.010076
16 0.853929 0.549748 0.005000 0.011335
16 0.871429 0.552897 0.005714 0.010076
16 0.867500 0.558564 0.007857 0.008816
16 0.872143 0.540932 0.007143 0.016373
16 0.878571 0.540932 0.005714 0.013854
16 0.883929 0.542821 0.007857 0.020151
16 0.879643 0.557305 0.006429 0.013854
16 0.886786 0.614610 0.009286 0.012594
16 0.897500 0.618388 0.007857 0.017632
16 0.895000 0.593829 0.008571 0.023929
16 0.900714 0.579975 0.011429 0.016373
16 0.899286 0.559194 0.010000 0.012594
16 0.905000 0.551008 0.008571 0.026448
16 0.911786 0.557935 0.006429 0.015113
16 0.917857 0.555416 0.007143 0.012594
16 0.916786 0.568640 0.005000 0.016373
16 0.912500 0.587531 0.006429 0.011335
16 0.906071 0.592569 0.006429 0.011335
16 0.922857 0.604534 0.005714 0.012594
16 0.925357 0.586902 0.007857 0.015113
16 0.903571 0.640428 0.005714 0.008816
16 0.922143 0.658690 0.004286 0.007557
16 0.926071 0.686398 0.007857 0.015113
16 0.941429 0.681360 0.010000 0.020151
16 0.950357 0.652393 0.010714 0.017632
16 0.952500 0.619647 0.012143 0.017632
16 0.935000 0.605164 0.008571 0.016373
16 0.967500 0.727330 0.010714 0.013854
16 0.923929 0.733627 0.009286 0.011335
16 0.901071 0.690176 0.007857 0.012594
16 0.982143 0.665617 0.007143 0.013854
16 0.994286 0.665617 0.008571 0.016373
16 0.995714 0.700882 0.008571 0.018892
16 0.941071 0.563602 0.009286 0.021411
16 0.945000 0.573048 0.007143 0.012594
16 0.956071 0.561083 0.006429 0.016373
16 0.979286 0.586902 0.007143 0.010076
16 0.977857 0.628463 0.007143 0.015113
16 0.980000 0.568010 0.007143 0.015113
16 0.993214 0.551008 0.006429 0.016373
16 0.996071 0.530856 0.005000 0.011335
16 0.956071 0.523300 0.009286 0.013854
16 0.934643 0.523300 0.007857 0.008816
16 0.938214 0.547229 0.007857 0.016373
16 0.948571 0.544081 0.007143 0.015113
16 0.928929 0.515743 0.007857 0.011335
16 0.942500 0.515743 0.006429 0.006297
16 0.943571 0.524559 0.004286 0.008816
16 0.945357 0.517003 0.002143 0.006297
16 0.964643 0.498741 0.007857 0.015113
16 0.970714 0.487406 0.004286 0.010076
16 0.977857 0.491184 0.005714 0.010076
16 0.973214 0.502519 0.005000 0.012594
16 0.988214 0.505668 0.007857 0.016373
16 0.989643 0.496851 0.005000 0.011335
16 0.950357 0.500630 0.006429 0.018892
16 0.943929 0.506297 0.005000 0.010076
16 0.929286 0.497481 0.005714 0.010076
16 0.941786 0.484257 0.006429 0.011335
16 0.926071 0.468514 0.010714 0.022670
16 0.919643 0.488035 0.005000 0.006297
16 0.908214 0.499370 0.003571 0.006297
16 0.903929 0.503149 0.003571 0.006297
16 0.905714 0.515113 0.005714 0.007557
16 0.894643 0.508186 0.005000 0.011335
16 0.884643 0.517632 0.007857 0.015113
16 0.876786 0.525819 0.009286 0.008816
16 0.882857 0.525189 0.004286 0.010076
16 0.874643 0.513224 0.015000 0.016373
16 0.863571 0.508816 0.005714 0.007557
16 0.855357 0.525189 0.012143 0.010076
16 0.853214 0.508186 0.007857 0.008816
16 0.843571 0.489924 0.005714 0.012594
16 0.848929 0.485516 0.006429 0.011335
16 0.843571 0.465365 0.011429 0.011335
16 0.854286 0.456549 0.005714 0.016373
16 0.861786 0.472292 0.006429 0.010076
16 0.868929 0.467254 0.003571 0.007557
16 0.881429 0.488035 0.004286 0.008816
16 0.889286 0.479849 0.004286 0.020151
16 0.883929 0.435139 0.012143 0.026448
16 0.895714 0.435139 0.005714 0.016373
16 0.897857 0.409950 0.008571 0.016373
16 0.909286 0.416247 0.007143 0.011335
16 0.915357 0.435139 0.007857 0.016373
16 0.923571 0.430730 0.005714 0.010076
16 0.927857 0.414358 0.007143 0.015113
16 0.933571 0.404912 0.005714 0.008816
16 0.939286 0.391058 0.008571 0.018892
16 0.937143 0.437028 0.010000 0.015113
16 0.947143 0.426952 0.010000 0.010076
16 0.954643 0.443955 0.009286 0.021411
16 0.940000 0.450882 0.011429 0.015113
16 0.959286 0.468514 0.007143 0.010076
16 0.971429 0.456549 0.007143 0.011335
16 0.982143 0.457179 0.008571 0.015113
16 0.987857 0.459698 0.007143 0.012594
16 0.995357 0.449622 0.005000 0.015113
16 0.976071 0.430730 0.007857 0.015113
16 0.970000 0.428212 0.007143 0.012594
16 0.966071 0.420025 0.005000 0.008816
16 0.991429 0.415617 0.008571 0.007557
16 0.986071 0.418136 0.000714 0.012594
16 0.953214 0.396096 0.013571 0.016373
16 0.942500 0.392947 0.010714 0.012594
16 0.956429 0.409950 0.007143 0.008816
16 0.893929 0.382872 0.007857 0.007557
16 0.887143 0.372796 0.012857 0.012594
16 0.879643 0.379723 0.010714 0.008816
16 0.873571 0.382242 0.012857 0.016373
16 0.885000 0.398615 0.004286 0.003778
16 0.857143 0.374055 0.004286 0.007557
16 0.857857 0.391058 0.011429 0.013854
16 0.849286 0.384761 0.007143 0.008816
16 0.836786 0.380982 0.005000 0.006297
16 0.837500 0.421285 0.013571 0.011335
16 0.837500 0.437657 0.005000 0.003778
16 0.832857 0.462846 0.005714 0.008816
16 0.833929 0.483627 0.010714 0.012594
16 0.911429 0.356423 0.010000 0.012594
16 0.894643 0.362720 0.006429 0.007557
16 0.895714 0.350126 0.004286 0.010076
16 0.886786 0.358942 0.005000 0.007557
16 0.880357 0.352015 0.005000 0.008816
16 0.882500 0.360202 0.005000 0.010076
16 0.882857 0.336272 0.004286 0.005038
16 0.886429 0.335013 0.007143 0.012594
16 0.887500 0.346977 0.006429 0.006297
16 0.859286 0.343199 0.007143 0.008816
16 0.849286 0.338161 0.007143 0.013854
16 0.856429 0.321159 0.010000 0.012594
16 0.867143 0.323678 0.005714 0.007557
16 0.878571 0.318640 0.011429 0.017632
16 0.865357 0.299748 0.009286 0.015113
16 0.840714 0.313602 0.007143 0.010076
16 0.836429 0.301637 0.004286 0.008816
16 0.833571 0.365869 0.005714 0.011335
16 0.824643 0.348866 0.010714 0.020151
16 0.821429 0.366499 0.011429 0.017632
16 0.810714 0.374055 0.005714 0.010076
16 0.812500 0.380353 0.009286 0.015113
16 0.811429 0.396096 0.007143 0.011335
16 0.819643 0.402393 0.003571 0.008816
16 0.821071 0.391688 0.003571 0.012594
16 0.813214 0.410579 0.007857 0.017632
16 0.795357 0.416877 0.005000 0.007557
16 0.801786 0.425693 0.006429 0.010076
16 0.802143 0.439547 0.011429 0.015113
16 0.802143 0.378463 0.011429 0.021411
16 0.790714 0.384761 0.004286 0.006297
16 0.786429 0.370907 0.005714 0.008816
16 0.793214 0.371537 0.006429 0.017632
16 0.790714 0.396725 0.005714 0.010076
16 0.795000 0.397355 0.005714 0.016373
16 0.786429 0.421914 0.007143 0.010076
16 0.783929 0.439547 0.010714 0.017632
16 0.792500 0.440176 0.007857 0.013854
16 0.765714 0.406801 0.007143 0.010076
16 0.770357 0.392947 0.006429 0.017632
16 0.777857 0.396096 0.007143 0.011335
16 0.760357 0.386020 0.010714 0.013854
16 0.766786 0.374055 0.012143 0.015113
16 0.749286 0.385390 0.005714 0.007557
16 0.760714 0.365239 0.007143 0.015113
16 0.761429 0.345088 0.007143 0.012594
16 0.777143 0.358942 0.007143 0.010076
16 0.791786 0.349496 0.009286 0.023929
16 0.769286 0.335642 0.010000 0.013854
16 0.786429 0.330605 0.008571 0.011335
16 0.814286 0.318640 0.005714 0.010076
16 0.791071 0.268262 0.009286 0.012594
16 0.803929 0.261335 0.007857 0.018892
16 0.702857 0.727960 0.007143 0.017632
16 0.701429 0.703401 0.008571 0.021411
16 0.708571 0.694584 0.005714 0.011335
16 0.722857 0.717884 0.007143 0.022670
16 0.736429 0.697103 0.007143 0.021411
16 0.732143 0.679471 0.005714 0.013854
16 0.727500 0.654912 0.012143 0.027708
16 0.748929 0.656171 0.010714 0.025189
16 0.765357 0.656171 0.007857 0.012594
16 0.772143 0.647355 0.007143 0.015113
16 0.781071 0.624685 0.005000 0.005038
16 0.798929 0.642317 0.006429 0.010076
16 0.780000 0.654912 0.010000 0.012594
16 0.787500 0.671285 0.007857 0.015113
16 0.798571 0.692695 0.007143 0.015113
16 0.785714 0.702141 0.007143 0.018892
16 0.778214 0.741184 0.013571 0.023929
16 0.766071 0.736776 0.007857 0.012594
16 0.766786 0.718514 0.010714 0.018892
16 0.759643 0.699622 0.006429 0.013854
16 0.767857 0.695214 0.011429 0.027708
16 0.746071 0.690806 0.006429 0.013854
16 0.757857 0.675063 0.007143 0.025189
16 0.753214 0.700252 0.012143 0.015113
16 0.740000 0.746222 0.010000 0.028967
16 0.722857 0.748111 0.007143 0.012594
16 0.695714 0.731738 0.008571 0.015113
16 0.680714 0.741184 0.011429 0.013854
16 0.664286 0.735516 0.014286 0.015113
16 0.674286 0.673174 0.012857 0.013854
16 0.683214 0.670655 0.012143 0.013854
16 0.698571 0.655542 0.007143 0.011335
16 0.705000 0.642317 0.008571 0.020151
16 0.683214 0.636020 0.013571 0.012594
16 0.676071 0.644207 0.007857 0.013854
16 0.660714 0.648615 0.011429 0.017632
16 0.649286 0.647985 0.011429 0.016373
16 0.640000 0.647355 0.010000 0.012594
16 0.642857 0.619647 0.012857 0.025189
16 0.650000 0.620907 0.005714 0.010076
16 0.623929 0.631612 0.012143 0.018892
16 0.607143 0.634761 0.014286 0.015113
16 0.600714 0.608942 0.012857 0.018892
16 0.614286 0.606423 0.011429 0.013854
16 0.620357 0.590050 0.012143 0.021411
16 0.631429 0.579345 0.005714 0.012594
16 0.637143 0.586902 0.007143 0.017632
16 0.645000 0.578086 0.008571 0.017632
16 0.667500 0.602645 0.006429 0.011335
16 0.682143 0.615869 0.007143 0.012594
16 0.695000 0.619647 0.007143 0.017632
16 0.682857 0.595088 0.008571 0.013854
16 0.689286 0.593829 0.005714 0.011335
16 0.705000 0.584383 0.011429 0.022670
16 0.710714 0.607683 0.007143 0.013854
16 0.729286 0.596977 0.012857 0.027708
16 0.733214 0.617758 0.012143 0.018892
16 0.749643 0.620907 0.007857 0.012594
16 0.758929 0.596977 0.010714 0.020151
16 0.763929 0.588161 0.006429 0.017632
16 0.764643 0.559824 0.010714 0.026448
16 0.736786 0.574937 0.010714 0.011335
16 0.740714 0.561083 0.014286 0.013854
16 0.733929 0.549748 0.012143 0.016373
16 0.741429 0.535894 0.010000 0.018892
16 0.732500 0.530856 0.013571 0.018892
16 0.712500 0.540302 0.015000 0.012594
16 0.716429 0.559194 0.002857 0.005038
16 0.701429 0.551637 0.008571 0.012594
16 0.689643 0.564861 0.009286 0.018892
16 0.678929 0.551008 0.012143 0.013854
16 0.670714 0.557305 0.005714 0.006297
16 0.674286 0.570529 0.008571 0.010076
16 0.673571 0.581234 0.008571 0.006297
16 0.657143 0.549118 0.007143 0.010076
16 0.654643 0.537783 0.010714 0.012594
16 0.663929 0.539673 0.009286 0.011335
16 0.656786 0.527078 0.013571 0.023929
16 0.637500 0.531486 0.012143 0.012594
16 0.639643 0.521411 0.006429 0.012594
16 0.646429 0.512594 0.007143 0.010076
16 0.650357 0.522040 0.007857 0.011335
16 0.642500 0.558564 0.006429 0.006297
16 0.600714 0.563602 0.011429 0.011335
16 0.589643 0.549118 0.022143 0.025189
16 0.601071 0.527708 0.012143 0.017632
16 0.595000 0.515743 0.010000 0.008816
16 0.583929 0.504408 0.013571 0.016373
16 0.597857 0.493703 0.005714 0.007557
16 0.607500 0.489295 0.005000 0.006297
16 0.616429 0.487406 0.008571 0.015113
16 0.618571 0.503149 0.007143 0.013854
16 0.621786 0.509446 0.005000 0.006297
16 0.613214 0.501889 0.009286 0.016373
16 0.613571 0.516373 0.007143 0.010076
16 0.567857 0.504408 0.017143 0.026448
16 0.585000 0.479219 0.005714 0.008816
16 0.593214 0.473552 0.010714 0.010076
16 0.600714 0.477330 0.010000 0.012594
16 0.626429 0.474811 0.008571 0.012594
16 0.634643 0.465365 0.005000 0.006297
16 0.632857 0.455919 0.012857 0.027708
16 0.636071 0.440806 0.007857 0.012594
16 0.647143 0.438917 0.014286 0.026448
16 0.619643 0.443325 0.010714 0.022670
16 0.607500 0.407431 0.015000 0.028967
16 0.595000 0.408690 0.014286 0.016373
16 0.596071 0.422544 0.012143 0.023929
16 0.578214 0.407431 0.007857 0.013854
16 0.578214 0.421285 0.010714 0.018892
16 0.578571 0.445214 0.015714 0.031486
16 0.585714 0.460327 0.001429 0.001259
16 0.608929 0.459068 0.012143 0.023929
16 0.656786 0.500630 0.012143 0.028967
16 0.677500 0.508186 0.013571 0.023929
16 0.690714 0.501259 0.012857 0.022670
16 0.678929 0.481108 0.012143 0.017632
16 0.701071 0.493073 0.016429 0.023929
16 0.713571 0.450882 0.011429 0.020151
16 0.705357 0.436398 0.010714 0.016373
16 0.708929 0.425063 0.007857 0.008816
16 0.722143 0.433879 0.010000 0.026448
16 0.727143 0.406801 0.008571 0.015113
16 0.741786 0.426322 0.007857 0.013854
16 0.735714 0.430101 0.005714 0.013854
16 0.726786 0.450882 0.007857 0.015113
16 0.737857 0.471033 0.010000 0.020151
16 0.747143 0.459698 0.007143 0.015113
16 0.750714 0.436398 0.010000 0.028967
16 0.755000 0.454030 0.005714 0.013854
16 0.765000 0.450882 0.007143 0.012594
16 0.753571 0.471033 0.007143 0.020151
16 0.749643 0.495592 0.016429 0.021411
16 0.735714 0.491814 0.007143 0.018892
16 0.727857 0.513854 0.011429 0.020151
16 0.713929 0.522040 0.015000 0.018892
16 0.760714 0.507557 0.008571 0.022670
16 0.773214 0.494962 0.010714 0.017632
16 0.768929 0.479219 0.005000 0.016373
16 0.782857 0.474811 0.010000 0.027708
16 0.798214 0.472292 0.007857 0.020151
16 0.774286 0.513854 0.008571 0.015113
16 0.773214 0.523929 0.006429 0.020151
16 0.785714 0.547229 0.012857 0.011335
16 0.785357 0.558564 0.012143 0.013854
16 0.790357 0.576196 0.016429 0.023929
16 0.801429 0.573048 0.011429 0.020151
16 0.808929 0.471033 0.010714 0.010076
16 0.805357 0.484257 0.012143 0.006297
16 0.811786 0.479849 0.009286 0.010076
16 0.818571 0.491184 0.008571 0.017632
16 0.821786 0.470403 0.007857 0.021411
16 0.803214 0.510705 0.006429 0.013854
16 0.817857 0.527078 0.010000 0.008816
16 0.805000 0.539043 0.007143 0.012594
16 0.811786 0.544081 0.005000 0.012594
16 0.805714 0.557935 0.007143 0.012594
16 0.823214 0.561083 0.009286 0.026448
16 0.827143 0.537783 0.011429 0.027708
16 0.811071 0.594458 0.009286 0.010076
16 0.816071 0.576826 0.007857 0.015113
16 0.809286 0.715995 0.008571 0.011335
16 0.821786 0.682620 0.009286 0.017632
16 0.801429 0.660579 0.015714 0.008816
16 0.816429 0.642947 0.004286 0.006297
16 0.824643 0.635390 0.005000 0.008816
16 0.816071 0.615239 0.007857 0.013854
16 0.802143 0.610202 0.005714 0.013854
16 0.785714 0.603904 0.011429 0.016373
16 0.786786 0.619018 0.005000 0.008816
16 0.828571 0.607683 0.007143 0.008816
16 0.747143 0.637909 0.010000 0.011335
16 0.563571 0.560453 0.018571 0.025189
16 0.555000 0.524559 0.010000 0.011335
16 0.546786 0.513854 0.012143 0.012594
16 0.554643 0.501889 0.009286 0.013854
16 0.543571 0.493073 0.010000 0.013854
16 0.533214 0.488035 0.012143 0.016373
16 0.676786 0.459698 0.007857 0.010076
16 0.690000 0.459698 0.010000 0.015113
16 0.660000 0.459068 0.018571 0.011335
16 0.669643 0.425693 0.013571 0.010076
16 0.682500 0.437657 0.006429 0.008816
16 0.663929 0.397985 0.015000 0.017632
16 0.647500 0.397355 0.009286 0.006297
16 0.642143 0.394207 0.008571 0.017632
16 0.659643 0.374055 0.009286 0.017632
16 0.657143 0.355164 0.011429 0.025189
16 0.661071 0.348237 0.007857 0.011335
16 0.669643 0.338161 0.006429 0.011335
16 0.678929 0.346348 0.005000 0.015113
16 0.673214 0.360831 0.006429 0.008816
16 0.676786 0.391058 0.007857 0.016373
16 0.683929 0.375945 0.005000 0.016373
16 0.697500 0.372166 0.009286 0.013854
16 0.701429 0.363350 0.008571 0.013854
16 0.695714 0.350756 0.008571 0.013854
16 0.685714 0.329345 0.008571 0.013854
16 0.675000 0.314232 0.010000 0.016373
16 0.686071 0.284635 0.007857 0.012594
16 0.693571 0.269521 0.005714 0.012594
16 0.673214 0.267003 0.015000 0.017632
16 0.668929 0.236776 0.005000 0.010076
16 0.650357 0.303526 0.005000 0.012594
16 0.697500 0.277708 0.003571 0.006297
16 0.708571 0.278338 0.010000 0.012594
16 0.712857 0.307935 0.007143 0.013854
16 0.716786 0.340050 0.007857 0.020151
16 0.721786 0.331234 0.006429 0.012594
16 0.725357 0.314861 0.006429 0.012594
16 0.727857 0.283375 0.007143 0.015113
16 0.737500 0.267003 0.007857 0.015113
16 0.745000 0.251259 0.011429 0.028967
16 0.738214 0.337531 0.010714 0.010076
16 0.725357 0.357053 0.006429 0.008816
16 0.712857 0.388539 0.011429 0.013854
16 0.690000 0.399244 0.010000 0.010076
16 0.686429 0.406171 0.008571 0.008816
16 0.724286 0.374685 0.012857 0.011335
16 0.735000 0.380353 0.012857 0.017632
16 0.727500 0.392317 0.010714 0.008816
16 0.736429 0.310453 0.012857 0.018892
16 0.748571 0.307305 0.005714 0.015113
16 0.756429 0.299748 0.008571 0.027708
16 0.754643 0.316121 0.010714 0.015113
16 0.763929 0.306675 0.003571 0.011335
16 0.773929 0.304156 0.005000 0.016373
16 0.766429 0.277708 0.017143 0.026448
16 0.722857 0.209698 0.008571 0.016373
16 0.734643 0.213476 0.015000 0.023929
16 0.740000 0.210957 0.007143 0.008816
16 0.723214 0.220403 0.006429 0.012594
16 0.710357 0.224181 0.013571 0.015113
16 0.705000 0.237406 0.007143 0.011335
16 0.718214 0.252519 0.010714 0.018892
16 0.735000 0.244962 0.005714 0.008816
16 0.748571 0.222292 0.007143 0.013854
16 0.758214 0.219773 0.006429 0.016373
16 0.767857 0.234257 0.007143 0.015113
16 0.771786 0.212217 0.010714 0.026448
16 0.800357 0.296599 0.010714 0.016373
16 0.816786 0.278967 0.007857 0.013854
16 0.823929 0.274559 0.007857 0.020151
16 0.788929 0.282746 0.006429 0.011335
16 0.688571 0.220403 0.014286 0.015113
16 0.676786 0.193955 0.013571 0.017632
16 0.689286 0.172544 0.007143 0.012594
16 0.697500 0.190806 0.006429 0.008816
16 0.708214 0.185139 0.007857 0.010076
16 0.713929 0.173174 0.006429 0.013854
16 0.702143 0.203401 0.008571 0.016373
16 0.734643 0.170655 0.002143 0.003778
16 0.741071 0.192065 0.007857 0.013854
16 0.747857 0.199622 0.008571 0.013854
16 0.730000 0.153652 0.008571 0.012594
16 0.719643 0.139169 0.009286 0.016373
16 0.705714 0.150504 0.012857 0.011335
16 0.681071 0.137280 0.005000 0.010076
16 0.682500 0.160579 0.006429 0.008816
16 0.650357 0.181990 0.009286 0.008816
16 0.659643 0.195844 0.009286 0.011335
16 0.663214 0.207809 0.012143 0.017632
16 0.642143 0.148615 0.017143 0.020151
16 0.661071 0.131612 0.020714 0.013854
16 0.672857 0.120907 0.012857 0.012594
16 0.675000 0.095718 0.011429 0.017632
16 0.694643 0.076196 0.019286 0.016373
16 0.693929 0.088161 0.009286 0.010076
16 0.700000 0.094458 0.002857 0.002519
16 0.703929 0.107053 0.006429 0.015113
16 0.665714 0.057935 0.012857 0.020151
16 0.646429 0.065491 0.012857 0.012594
16 0.654643 0.048489 0.015000 0.031486
16 0.641071 0.040932 0.012143 0.013854
16 0.652857 0.018892 0.011429 0.020151
16 0.647500 0.106423 0.013571 0.016373
16 0.639643 0.110831 0.010714 0.017632
16 0.648571 0.217884 0.008571 0.020151
16 0.639643 0.199622 0.007857 0.008816
16 0.641786 0.181990 0.012143 0.018892
16 0.657500 0.076196 0.009286 0.016373
16 0.663571 0.078086 0.014286 0.012594
16 0.659643 0.088161 0.015000 0.007557
16 0.642143 0.087531 0.010000 0.013854
16 0.635000 0.077456 0.010000 0.011335
16 0.621786 0.077456 0.005000 0.006297
16 0.623571 0.085013 0.012857 0.011335
16 0.615714 0.083753 0.010000 0.008816
16 0.610714 0.097607 0.014286 0.013854
16 0.591786 0.095088 0.013571 0.013854
16 0.580714 0.079345 0.015714 0.015113
16 0.622143 0.149244 0.008571 0.023929
16 0.606786 0.146725 0.010714 0.023929
16 0.578929 0.166877 0.015000 0.023929
16 0.587857 0.173174 0.011429 0.018892
16 0.596786 0.181990 0.005000 0.011335
16 0.615714 0.187657 0.011429 0.017632
16 0.627500 0.193955 0.009286 0.012594
16 0.616429 0.200252 0.014286 0.017632
16 0.620714 0.212846 0.008571 0.012594
16 0.633929 0.214736 0.009286 0.018892
16 0.591071 0.218514 0.009286 0.013854
16 0.572500 0.186398 0.006429 0.010076
16 0.581429 0.183879 0.010000 0.017632
16 0.560000 0.208438 0.015714 0.021411
16 0.547500 0.222922 0.015000 0.017632
16 0.544286 0.181360 0.015714 0.025189
16 0.541071 0.154912 0.016429 0.025189
16 0.532143 0.159320 0.020000 0.023929
16 0.520714 0.139169 0.005714 0.008816
16 0.524643 0.141058 0.012143 0.012594
16 0.541071 0.138539 0.009286 0.012594
16 0.555357 0.137280 0.010714 0.015113
16 0.566786 0.132242 0.013571 0.012594
16 0.556429 0.159950 0.010000 0.017632
16 0.564643 0.159320 0.007857 0.013854
16 0.575000 0.261965 0.014286 0.020151
16 0.556786 0.254408 0.015000 0.017632
16 0.533571 0.265113 0.015714 0.016373
16 0.516786 0.241814 0.019286 0.025189
16 0.520714 0.227960 0.011429 0.015113
16 0.513929 0.190176 0.012143 0.017632
16 0.505000 0.171285 0.012857 0.020151
16 0.501429 0.144836 0.012857 0.020151
16 0.515714 0.076826 0.011429 0.012594
16 0.508929 0.108942 0.012143 0.013854
16 0.516429 0.119018 0.010000 0.016373
16 0.545000 0.108312 0.015714 0.027708
16 0.560000 0.103904 0.012857 0.018892
16 0.564643 0.074937 0.016429 0.018892
16 0.556786 0.062972 0.012143 0.022670
16 0.545714 0.057305 0.012857 0.028967
16 0.530714 0.052267 0.011429 0.018892
16 0.538929 0.035264 0.013571 0.017632
16 0.519286 0.051637 0.007143 0.015113
16 0.527143 0.074307 0.007143 0.012594
16 0.539286 0.083753 0.014286 0.016373
16 0.603929 0.066121 0.010714 0.016373
16 0.610000 0.036524 0.010000 0.052897
16 0.606429 0.033375 0.002857 0.034005
16 0.591786 0.036524 0.009286 0.015113
16 0.578571 0.030856 0.020000 0.018892
16 0.566786 0.012594 0.012143 0.010076
16 0.585357 0.014484 0.013571 0.011335
16 0.619286 0.275189 0.014286 0.018892
16 0.626429 0.268892 0.015714 0.016373
16 0.621429 0.250000 0.011429 0.016373
16 0.608214 0.235516 0.019286 0.020151
16 0.603929 0.282116 0.007857 0.015113
16 0.596429 0.288413 0.011429 0.015113
16 0.588571 0.271411 0.011429 0.016373
16 0.587500 0.314861 0.007857 0.012594
16 0.597500 0.333753 0.012143 0.022670
16 0.611786 0.314861 0.012143 0.022670
16 0.593929 0.346348 0.009286 0.015113
16 0.600000 0.346977 0.005714 0.011335
16 0.612857 0.335642 0.011429 0.021411
16 0.622857 0.362720 0.008571 0.022670
16 0.623214 0.373426 0.006429 0.011335
16 0.616786 0.380982 0.012143 0.016373
16 0.626071 0.385390 0.010714 0.022670
16 0.635357 0.369647 0.009286 0.006297
16 0.538571 0.359572 0.014286 0.026448
16 0.527143 0.352015 0.012857 0.011335
16 0.515000 0.365239 0.012857 0.010076
16 0.508571 0.384131 0.014286 0.010076
16 0.506786 0.394836 0.010714 0.008816
16 0.516786 0.392317 0.007857 0.013854
16 0.522500 0.395466 0.009286 0.015113
16 0.519643 0.411209 0.015000 0.011335
16 0.534286 0.414358 0.011429 0.015113
16 0.544643 0.419395 0.016429 0.027708
16 0.539286 0.439547 0.014286 0.017632
16 0.518571 0.434509 0.008571 0.010076
16 0.521071 0.449622 0.017857 0.015113
16 0.549286 0.440806 0.008571 0.012594
16 0.563571 0.447103 0.011429 0.015113
16 0.563571 0.433249 0.010000 0.017632
16 0.559286 0.406801 0.005714 0.012594
16 0.563929 0.382872 0.010714 0.017632
16 0.552857 0.381612 0.011429 0.012594
16 0.557500 0.358312 0.007857 0.023929
16 0.561429 0.339421 0.014286 0.016373
16 0.537500 0.326196 0.006429 0.010076
16 0.578571 0.285264 0.005714 0.011335
16 0.559286 0.283375 0.010000 0.015113
16 0.554286 0.266373 0.011429 0.018892
16 0.545000 0.264484 0.011429 0.017632
16 0.532500 0.282116 0.002143 0.002519
16 0.547857 0.294710 0.008571 0.020151
16 0.515357 0.305416 0.013571 0.018892
16 0.520000 0.329345 0.011429 0.016373
16 0.527500 0.324937 0.012143 0.020151
16 0.501429 0.340680 0.017143 0.018892
16 0.501786 0.374685 0.012143 0.006297
16 0.497500 0.364610 0.007857 0.008816
16 0.476429 0.379723 0.005714 0.008816
16 0.473929 0.365239 0.007857 0.015113
16 0.477500 0.348237 0.012143 0.013854
16 0.482500 0.340050 0.010714 0.012594
16 0.490000 0.346977 0.008571 0.013854
16 0.497143 0.323048 0.010000 0.023929
16 0.478929 0.315491 0.007857 0.011335
16 0.481786 0.311083 0.009286 0.020151
16 0.473571 0.299748 0.012857 0.015113
16 0.485000 0.278967 0.007143 0.026448
16 0.492143 0.267632 0.007143 0.013854
16 0.499643 0.261335 0.007857 0.026448
16 0.460000 0.329975 0.014286 0.015113
16 0.463214 0.301008 0.010714 0.017632
16 0.454643 0.311713 0.017857 0.016373
16 0.452500 0.297859 0.015000 0.013854
16 0.459643 0.276448 0.010714 0.018892
16 0.468929 0.262594 0.007857 0.016373
16 0.467857 0.277078 0.018571 0.022670
16 0.480714 0.226071 0.012857 0.016373
16 0.463214 0.227330 0.015000 0.011335
16 0.462500 0.187657 0.005000 0.012594
16 0.476786 0.192695 0.005000 0.010076
16 0.482143 0.178212 0.010000 0.023929
16 0.486071 0.183879 0.005000 0.012594
16 0.489286 0.173174 0.007143 0.013854
16 0.497143 0.204660 0.008571 0.011335
16 0.486786 0.209068 0.013571 0.017632
16 0.446429 0.197733 0.011429 0.022670
16 0.447857 0.216625 0.014286 0.027708
16 0.444643 0.267632 0.010714 0.021411
16 0.455714 0.165617 0.007143 0.011335
16 0.448214 0.153652 0.012143 0.015113
16 0.462857 0.122796 0.008571 0.011335
16 0.451786 0.129093 0.010714 0.006297
16 0.447500 0.133501 0.012143 0.017632
16 0.466429 0.142947 0.007143 0.011335
16 0.459643 0.155542 0.013571 0.016373
16 0.473214 0.156171 0.007857 0.010076
16 0.474286 0.101385 0.008571 0.016373
16 0.473929 0.084383 0.010714 0.015113
16 0.488929 0.082494 0.012143 0.016373
16 0.478571 0.069270 0.007143 0.015113
16 0.466429 0.066121 0.008571 0.016373
16 0.452500 0.068640 0.010714 0.021411
16 0.454286 0.054156 0.007143 0.015113
16 0.458214 0.045970 0.007857 0.016373
16 0.467857 0.025819 0.008571 0.018892
16 0.483571 0.041562 0.011429 0.022670
16 0.493214 0.032116 0.007857 0.018892
16 0.498929 0.038413 0.005000 0.011335
16 0.522500 0.010076 0.010714 0.017632
16 0.511786 0.007557 0.006429 0.012594
16 0.493571 0.004408 0.004286 0.006297
16 0.473929 0.007557 0.009286 0.012594
16 0.458571 0.005668 0.011429 0.008816
16 0.434643 0.302267 0.009286 0.022670
16 0.424643 0.299118 0.006429 0.016373
16 0.423929 0.284635 0.012143 0.010076
16 0.430357 0.268892 0.012143 0.006297
16 0.435357 0.267632 0.010714 0.013854
16 0.426429 0.250000 0.011429 0.011335
16 0.428214 0.239924 0.010714 0.011335
16 0.416429 0.240554 0.010000 0.020151
16 0.418214 0.271411 0.009286 0.018892
16 0.402857 0.261335 0.011429 0.006297
16 0.407500 0.253778 0.009286 0.006297
16 0.399643 0.236776 0.009286 0.017632
16 0.412500 0.215365 0.009286 0.012594
16 0.387143 0.197733 0.010000 0.010076
16 0.382143 0.178841 0.011429 0.017632
16 0.384286 0.157431 0.010000 0.017632
16 0.371071 0.153023 0.013571 0.021411
16 0.416786 0.169395 0.010714 0.021411
16 0.394286 0.170655 0.005714 0.008816
16 0.399286 0.188917 0.005714 0.010076
16 0.404286 0.205919 0.007143 0.018892
16 0.386786 0.219144 0.003571 0.005038
16 0.423571 0.208438 0.008571 0.018892
16 0.423214 0.188917 0.010714 0.010076
16 0.431786 0.196474 0.007857 0.020151
16 0.435357 0.215365 0.005000 0.012594
16 0.393571 0.141688 0.007143 0.011335
16 0.406071 0.142947 0.007857 0.011335
16 0.416071 0.142317 0.010714 0.007557
16 0.420000 0.154282 0.011429 0.003778
16 0.400000 0.158060 0.007143 0.018892
16 0.423214 0.115869 0.005000 0.015113
16 0.430000 0.137909 0.005714 0.016373
16 0.386429 0.132872 0.015714 0.028967
16 0.365714 0.120277 0.014286 0.013854
16 0.346429 0.124685 0.014286 0.015113
16 0.361429 0.149874 0.014286 0.017632
16 0.332857 0.093199 0.018571 0.022670
16 0.328929 0.064232 0.012143 0.020151
16 0.314286 0.080605 0.015714 0.012594
16 0.306429 0.057935 0.008571 0.012594
16 0.311429 0.057935 0.007143 0.007557
16 0.310357 0.026448 0.009286 0.002519
16 0.307143 0.032746 0.005714 0.005038
16 0.299643 0.025819 0.006429 0.011335
16 0.301071 0.018262 0.006429 0.013854
16 0.297143 0.005668 0.007143 0.006297
16 0.308929 0.010076 0.010714 0.017632
16 0.360357 0.090050 0.009286 0.016373
16 0.353571 0.086902 0.007143 0.012594
16 0.353571 0.074307 0.010000 0.010076
16 0.347143 0.075567 0.011429 0.012594
16 0.343214 0.059824 0.007857 0.011335
16 0.352143 0.045340 0.011429 0.020151
16 0.368929 0.076826 0.012143 0.025189
16 0.361429 0.068010 0.012857 0.015113
16 0.370357 0.060453 0.012143 0.010076
16 0.368214 0.051008 0.007857 0.011335
16 0.362500 0.035264 0.009286 0.012594
16 0.395000 0.017632 0.012857 0.032746
16 0.388571 0.069899 0.011429 0.016373
16 0.380000 0.058564 0.010000 0.016373
16 0.378214 0.077456 0.009286 0.018892
16 0.382500 0.101385 0.010714 0.016373
16 0.403929 0.091310 0.010714 0.011335
16 0.417143 0.057935 0.012857 0.027708
16 0.407143 0.066121 0.011429 0.026448
16 0.417857 0.011335 0.010000 0.020151
16 0.435357 0.019521 0.012143 0.013854
16 0.438214 0.046599 0.009286 0.010076
16 0.423929 0.042191 0.007857 0.018892
16 0.433929 0.085013 0.006429 0.013854
16 0.431429 0.076196 0.010000 0.013854
16 0.417143 0.084383 0.010000 0.015113
16 0.405357 0.124055 0.015000 0.026448
16 0.327143 0.039043 0.007143 0.012594
16 0.327500 0.017003 0.007857 0.016373
16 0.320357 0.017632 0.007857 0.015113
16 0.350357 0.026448 0.012143 0.012594
16 0.356786 0.011965 0.010714 0.011335
16 0.374643 0.017632 0.013571 0.012594
16 0.391786 0.042191 0.010714 0.013854
16 0.381786 0.044081 0.013571 0.015113
16 0.479643 0.119647 0.010714 0.007557
