15 0.818116 0.626615 0.059420 0.074935
15 0.898551 0.723514 0.081159 0.108527
15 0.734058 0.437984 0.053623 0.090439
15 0.800725 0.350129 0.044928 0.054264
15 0.609420 0.249354 0.044928 0.059432
15 0.643478 0.145995 0.052174 0.069767
15 0.865217 0.174419 0.046377 0.074935
15 0.900000 0.295866 0.069565 0.100775
15 0.284058 0.822997 0.028986 0.059432
15 0.032609 0.357881 0.062319 0.116279
15 0.021739 0.198966 0.040580 0.062016
15 0.123188 0.414729 0.037681 0.059432
15 0.213043 0.399225 0.055072 0.074935
15 0.457971 0.308786 0.043478 0.049096
15 0.484058 0.372093 0.028986 0.051680
15 0.473188 0.454780 0.033333 0.051680
15 0.538406 0.444444 0.053623 0.046512
15 0.597826 0.507752 0.036232 0.043928
15 0.392029 0.157623 0.030435 0.041344
15 0.370290 0.103359 0.021739 0.041344
15 0.440580 0.195090 0.055072 0.059432
15 0.802899 0.971576 0.040580 0.056848
