15 0.371824 0.532520 0.027714 0.037398
15 0.504042 0.609756 0.021940 0.029268
15 0.830831 0.490244 0.038106 0.040650
15 0.694573 0.669919 0.031178 0.045528
15 0.826790 0.323577 0.034642 0.055285
15 0.887413 0.892683 0.031178 0.061789
15 0.438222 0.889431 0.028868 0.045528
15 0.445150 0.768293 0.040416 0.043902
15 0.135681 0.273984 0.038106 0.043902
15 0.184180 0.234959 0.026559 0.024390
15 0.221132 0.237398 0.021940 0.029268
15 0.241339 0.215447 0.018476 0.021138
15 0.293303 0.252033 0.041570 0.032520
15 0.371247 0.251220 0.024249 0.034146
15 0.303695 0.403252 0.030023 0.035772
15 0.270208 0.381301 0.020785 0.030894
15 0.128176 0.488618 0.027714 0.030894
15 0.096998 0.485366 0.027714 0.027642
15 0.096998 0.511382 0.018476 0.024390
15 0.085450 0.548780 0.011547 0.024390
15 0.108545 0.578862 0.016166 0.042276
15 0.098152 0.686992 0.025404 0.037398
15 0.088915 0.654472 0.016166 0.027642
15 0.068707 0.656911 0.021940 0.029268
15 0.029446 0.708130 0.024249 0.030894
15 0.080254 0.747154 0.024249 0.030894
15 0.144342 0.904065 0.020785 0.032520
15 0.158776 0.836585 0.021940 0.030894
15 0.112587 0.855285 0.021940 0.019512
15 0.105081 0.828455 0.018476 0.014634
15 0.103926 0.809756 0.018476 0.026016
15 0.072748 0.852033 0.018476 0.029268
15 0.028868 0.843089 0.020785 0.037398
15 0.028291 0.908130 0.026559 0.037398
15 0.060624 0.926016 0.019630 0.021138
15 0.426674 0.956911 0.019630 0.034146
15 0.460739 0.967480 0.016166 0.026016
15 0.524249 0.964228 0.020785 0.029268
15 0.470554 0.885366 0.021940 0.027642
15 0.517321 0.908130 0.027714 0.034146
15 0.623557 0.925203 0.032333 0.042276
15 0.582564 0.834959 0.028868 0.027642
15 0.595843 0.785366 0.020785 0.029268
15 0.672633 0.780488 0.015012 0.029268
15 0.706120 0.812195 0.024249 0.040650
15 0.751155 0.868293 0.024249 0.029268
15 0.816975 0.847967 0.012702 0.034146
15 0.300231 0.515447 0.025404 0.032520
15 0.255774 0.558537 0.028868 0.034146
15 0.232102 0.588618 0.023095 0.022764
15 0.202079 0.584553 0.025404 0.027642
15 0.110855 0.321951 0.025404 0.029268
15 0.086605 0.314634 0.016166 0.021138
15 0.061778 0.260163 0.015012 0.022764
15 0.040416 0.312195 0.025404 0.022764
15 0.014434 0.342276 0.021940 0.024390
15 0.059469 0.352846 0.045035 0.026016
15 0.104503 0.413008 0.026559 0.032520
15 0.073903 0.419512 0.020785 0.019512
15 0.323903 0.060163 0.021940 0.035772
15 0.377598 0.056098 0.032333 0.034146
15 0.275404 0.036585 0.017321 0.021138
15 0.251732 0.085366 0.020785 0.030894
15 0.247691 0.122764 0.017321 0.027642
15 0.312933 0.159350 0.030023 0.026016
15 0.201501 0.067480 0.026559 0.024390
15 0.152425 0.040650 0.018476 0.032520
15 0.210162 0.028455 0.018476 0.024390
15 0.049076 0.155285 0.024249 0.037398
