15 0.652008 0.723062 0.091778 0.069943
15 0.505736 0.559546 0.059273 0.064272
15 0.189293 0.398866 0.068834 0.049149
15 0.266730 0.637996 0.101338 0.092628
15 0.462715 0.875236 0.061185 0.056711
15 0.380497 0.868620 0.045889 0.043478
15 0.260994 0.915879 0.047801 0.051040
15 0.297323 0.959357 0.047801 0.043478
15 0.763862 0.570888 0.032505 0.030246
15 0.815488 0.603970 0.028681 0.032136
15 0.718929 0.528355 0.042065 0.032136
15 0.514340 0.299622 0.057361 0.051040
15 0.337476 0.082231 0.032505 0.039698
