15 0.850943 0.617886 0.049057 0.056911
15 0.873585 0.456301 0.052830 0.071138
15 0.254717 0.679878 0.037736 0.030488
15 0.354717 0.711382 0.060377 0.032520
15 0.297170 0.859756 0.039623 0.048780
15 0.336792 0.843496 0.024528 0.036585
15 0.380189 0.855691 0.024528 0.028455
15 0.440566 0.972561 0.039623 0.046748
15 0.383019 0.946138 0.045283 0.022358
15 0.450943 0.916667 0.030189 0.024390
15 0.638679 0.678862 0.050943 0.052846
15 0.336792 0.611789 0.035849 0.036585
15 0.281132 0.617886 0.060377 0.036585
15 0.195283 0.663618 0.043396 0.038618
15 0.152830 0.709350 0.052830 0.032520
15 0.535849 0.454268 0.030189 0.030488
