15 0.618026 0.298780 0.036481 0.050523
15 0.634120 0.239547 0.032189 0.043554
15 0.803648 0.205575 0.032189 0.062718
15 0.864807 0.238676 0.025751 0.045296
15 0.971567 0.252613 0.031116 0.045296
15 0.843884 0.640244 0.026824 0.057491
15 0.392704 0.736934 0.030043 0.052265
15 0.371781 0.766551 0.028970 0.041812
15 0.200644 0.828397 0.032189 0.047038
15 0.168455 0.875436 0.032189 0.047038
15 0.119099 0.734321 0.042918 0.054007
15 0.051502 0.623693 0.038627 0.052265
15 0.035944 0.830139 0.033262 0.043554
15 0.158798 0.441638 0.034335 0.050523
15 0.199034 0.357143 0.035408 0.045296
15 0.216202 0.273519 0.024678 0.045296
15 0.226931 0.214286 0.028970 0.041812
15 0.261803 0.258711 0.030043 0.036585
15 0.454399 0.067073 0.037554 0.047038
15 0.620172 0.501742 0.027897 0.041812
15 0.553648 0.552265 0.025751 0.052265
15 0.498391 0.588850 0.037554 0.038328
15 0.462446 0.677700 0.021459 0.059233
15 0.482296 0.790941 0.041845 0.052265
15 0.532189 0.868467 0.023605 0.036585
15 0.502146 0.888502 0.017167 0.020906
15 0.526824 0.974739 0.027897 0.047038
15 0.103541 0.235192 0.037554 0.045296
15 0.043455 0.262195 0.026824 0.033101
15 0.686695 0.702091 0.021459 0.038328
15 0.649678 0.654181 0.035408 0.040070
15 0.613734 0.689024 0.032189 0.036585
15 0.671137 0.898955 0.026824 0.038328
