15 0.382017 0.722940 0.059252 0.079160
15 0.180873 0.701131 0.029106 0.032310
15 0.199064 0.651858 0.025988 0.046850
15 0.324324 0.437803 0.029106 0.058158
15 0.420998 0.518578 0.035343 0.048465
15 0.552495 0.176090 0.032225 0.051696
15 0.616424 0.121971 0.024948 0.037157
15 0.650208 0.141357 0.023909 0.040388
15 0.696985 0.123586 0.028067 0.043619
15 0.900728 0.092892 0.028067 0.043619
15 0.903326 0.490307 0.020790 0.050081
15 0.875780 0.507270 0.038462 0.045234
15 0.877339 0.795638 0.031185 0.063005
15 0.839397 0.708401 0.036383 0.050081
15 0.610187 0.660743 0.041580 0.067851
15 0.593035 0.614701 0.023909 0.040388
15 0.624740 0.578352 0.029106 0.045234
15 0.577443 0.496769 0.032225 0.027464
15 0.670998 0.421648 0.040541 0.042003
15 0.731809 0.436995 0.031185 0.046850
15 0.661123 0.352989 0.022869 0.043619
15 0.749480 0.307754 0.022869 0.033926
15 0.779106 0.340065 0.028067 0.056543
15 0.254678 0.924879 0.037422 0.066236
15 0.472453 0.920840 0.044699 0.032310
15 0.025468 0.894992 0.048857 0.061389
15 0.049376 0.852181 0.038462 0.053312
15 0.106029 0.848142 0.024948 0.048465
15 0.148649 0.784330 0.029106 0.037157
15 0.176195 0.763328 0.017672 0.033926
15 0.039501 0.680937 0.027027 0.050081
15 0.057173 0.510501 0.029106 0.051696
15 0.086798 0.448304 0.025988 0.056543
15 0.034823 0.444265 0.019751 0.038772
15 0.014033 0.482229 0.025988 0.046850
15 0.326403 0.050889 0.024948 0.037157
15 0.688669 0.025040 0.030146 0.037157
15 0.724532 0.040388 0.022869 0.054927
15 0.689189 0.819063 0.020790 0.051696
15 0.739605 0.697092 0.034304 0.043619
15 0.765593 0.748788 0.028067 0.050081
15 0.389293 0.302100 0.030146 0.048465
