15 0.506667 0.561588 0.050370 0.043760
15 0.417037 0.487034 0.031111 0.040519
15 0.393333 0.441653 0.040000 0.034036
15 0.432593 0.199352 0.035556 0.058347
15 0.510370 0.177472 0.031111 0.037277
15 0.291852 0.854133 0.029630 0.045381
15 0.420000 0.769854 0.031111 0.042139
15 0.353333 0.701783 0.040000 0.061588
15 0.399259 0.619125 0.045926 0.048622
15 0.191852 0.764182 0.037037 0.050243
15 0.145926 0.800648 0.037037 0.029173
15 0.157778 0.349271 0.060741 0.050243
15 0.280000 0.316045 0.041481 0.042139
15 0.337037 0.309562 0.022222 0.029173
15 0.081481 0.435170 0.044444 0.053485
15 0.125185 0.394652 0.040000 0.030794
15 0.098519 0.290924 0.045926 0.040519
15 0.282963 0.123987 0.029630 0.034036
15 0.337037 0.115073 0.031111 0.045381
15 0.252593 0.149109 0.034074 0.035656
15 0.257037 0.106159 0.034074 0.037277
15 0.226667 0.089141 0.035556 0.038898
15 0.169630 0.038898 0.042963 0.035656
15 0.304444 0.033225 0.042963 0.037277
15 0.117037 0.102107 0.038519 0.029173
15 0.838519 0.181524 0.047407 0.035656
15 0.907407 0.162075 0.031111 0.038898
15 0.769630 0.152350 0.031111 0.032415
15 0.714815 0.119125 0.040000 0.037277
15 0.725185 0.083468 0.028148 0.037277
15 0.681481 0.066451 0.041481 0.035656
15 0.894074 0.680713 0.028148 0.025932
15 0.546667 0.893841 0.035556 0.040519
