15 0.911202 0.400722 0.032787 0.050542
15 0.900273 0.304152 0.032787 0.048736
15 0.752049 0.398014 0.039617 0.048736
15 0.836749 0.501805 0.031421 0.043321
15 0.722678 0.634477 0.027322 0.048736
15 0.939891 0.602888 0.038251 0.039711
15 0.947404 0.663357 0.034153 0.045126
15 0.808060 0.777978 0.039617 0.043321
15 0.808743 0.840253 0.030055 0.041516
15 0.840847 0.831227 0.025956 0.037906
15 0.885929 0.857401 0.028689 0.043321
15 0.950820 0.936823 0.024590 0.039711
15 0.867486 0.973827 0.019126 0.034296
15 0.765710 0.975632 0.017760 0.041516
15 0.767077 0.882671 0.034153 0.028881
15 0.653689 0.889892 0.025956 0.043321
15 0.719262 0.815884 0.028689 0.032491
15 0.641393 0.764440 0.023224 0.048736
15 0.614754 0.694043 0.032787 0.045126
15 0.594945 0.774368 0.025956 0.046931
15 0.536885 0.781588 0.027322 0.043321
15 0.488388 0.816787 0.034153 0.045126
15 0.485656 0.899819 0.039617 0.045126
15 0.353142 0.891697 0.025956 0.032491
15 0.356557 0.931408 0.032787 0.028881
15 0.118852 0.866426 0.035519 0.043321
15 0.127049 0.824007 0.027322 0.041516
15 0.150956 0.798736 0.042350 0.048736
15 0.241120 0.627256 0.039617 0.045126
15 0.288934 0.607401 0.039617 0.041516
15 0.318306 0.710289 0.030055 0.052347
15 0.122268 0.675993 0.056011 0.030686
15 0.078552 0.628159 0.031421 0.028881
15 0.334699 0.491877 0.027322 0.030686
15 0.360656 0.502708 0.021858 0.034296
15 0.444672 0.339350 0.028689 0.043321
15 0.341530 0.379964 0.024590 0.034296
15 0.316257 0.445848 0.036885 0.050542
15 0.237022 0.433213 0.028689 0.028881
15 0.196721 0.414260 0.030055 0.041516
15 0.042350 0.556859 0.030055 0.041516
15 0.166667 0.567690 0.040984 0.030686
15 0.081967 0.423285 0.035519 0.048736
15 0.049180 0.380866 0.030055 0.036101
15 0.351093 0.144404 0.032787 0.039711
15 0.306011 0.101986 0.030055 0.034296
15 0.519809 0.070397 0.036885 0.032491
15 0.527322 0.255415 0.030055 0.037906
15 0.595628 0.227437 0.027322 0.032491
15 0.704918 0.079422 0.024590 0.032491
15 0.942623 0.158845 0.049180 0.054152
15 0.063525 0.305054 0.039617 0.050542
15 0.067623 0.262635 0.025956 0.048736
15 0.040984 0.109206 0.032787 0.037906
15 0.173497 0.160650 0.027322 0.032491
15 0.104508 0.758123 0.034153 0.032491
15 0.047814 0.735560 0.032787 0.041516
15 0.039617 0.833935 0.032787 0.046931
15 0.068306 0.936823 0.032787 0.036101
15 0.440574 0.776173 0.039617 0.043321
15 0.202869 0.723827 0.034153 0.039711
15 0.247951 0.727437 0.034153 0.043321
15 0.845628 0.575812 0.024590 0.025271
15 0.622268 0.925090 0.025956 0.023466
