15 0.849519 0.868376 0.020192 0.023932
15 0.925000 0.895726 0.015385 0.023932
15 0.907692 0.903419 0.019231 0.025641
15 0.960096 0.949573 0.024038 0.032479
15 0.800481 0.947863 0.014423 0.018803
15 0.735577 0.887179 0.028846 0.037607
15 0.712019 0.853846 0.027885 0.035897
15 0.804327 0.879487 0.018269 0.025641
15 0.790865 0.886325 0.016346 0.022222
15 0.801442 0.914530 0.014423 0.020513
15 0.788942 0.917094 0.010577 0.022222
15 0.712019 0.968376 0.018269 0.025641
15 0.697115 0.955556 0.011538 0.017094
15 0.517788 0.857265 0.014423 0.018803
15 0.773558 0.781197 0.016346 0.023932
15 0.861538 0.776923 0.015385 0.029060
15 0.851442 0.751282 0.010577 0.018803
15 0.855288 0.710256 0.010577 0.022222
15 0.861538 0.915385 0.017308 0.018803
15 0.814423 0.958120 0.007692 0.022222
15 0.856250 0.990598 0.016346 0.018803
15 0.870673 0.986325 0.012500 0.027350
15 0.635577 0.798291 0.015385 0.027350
15 0.645673 0.775214 0.014423 0.018803
15 0.688462 0.907692 0.011538 0.020513
15 0.774038 0.829060 0.021154 0.030769
15 0.806250 0.837607 0.010577 0.020513
15 0.905288 0.829915 0.012500 0.018803
15 0.927404 0.844444 0.016346 0.023932
15 0.960096 0.847009 0.010577 0.018803
15 0.957212 0.825641 0.008654 0.017094
15 0.950962 0.808547 0.009615 0.017094
15 0.987019 0.817094 0.010577 0.017094
15 0.992788 0.839316 0.010577 0.023932
15 0.959135 0.887179 0.016346 0.023932
15 0.780288 0.398291 0.010577 0.010256
15 0.798558 0.387179 0.012500 0.015385
15 0.775481 0.377778 0.010577 0.013675
15 0.751923 0.391453 0.009615 0.017094
15 0.750000 0.312821 0.023077 0.027350
15 0.814423 0.427350 0.015385 0.017094
15 0.786058 0.425641 0.012500 0.017094
15 0.794712 0.406838 0.010577 0.013675
15 0.825000 0.481197 0.013462 0.018803
15 0.795673 0.443590 0.010577 0.015385
15 0.775000 0.460684 0.013462 0.015385
15 0.772115 0.442735 0.013462 0.017094
15 0.534135 0.493162 0.008654 0.015385
15 0.551923 0.496581 0.009615 0.015385
15 0.527885 0.763248 0.015385 0.018803
15 0.506250 0.747009 0.014423 0.020513
15 0.654327 0.220513 0.016346 0.017094
15 0.686538 0.201709 0.011538 0.020513
15 0.608654 0.234188 0.011538 0.020513
15 0.496635 0.082906 0.012500 0.015385
15 0.595673 0.073504 0.012500 0.017094
15 0.592308 0.110256 0.011538 0.018803
15 0.575000 0.093162 0.009615 0.015385
15 0.566827 0.075214 0.010577 0.017094
15 0.745192 0.275214 0.011538 0.013675
15 0.645192 0.283761 0.013462 0.017094
15 0.665385 0.238462 0.013462 0.011966
15 0.632692 0.256410 0.007692 0.010256
15 0.175481 0.435043 0.029808 0.025641
15 0.160096 0.517094 0.022115 0.029060
15 0.208654 0.468376 0.023077 0.030769
15 0.245192 0.521368 0.019231 0.023932
15 0.199038 0.523932 0.025000 0.015385
15 0.061538 0.072650 0.017308 0.015385
15 0.051442 0.145299 0.018269 0.027350
15 0.381731 0.145299 0.025000 0.013675
15 0.348558 0.153846 0.010577 0.020513
15 0.357692 0.138462 0.013462 0.017094
15 0.323558 0.133333 0.012500 0.017094
15 0.308173 0.126496 0.010577 0.017094
15 0.287981 0.130769 0.012500 0.015385
15 0.144712 0.825641 0.022115 0.023932
15 0.112019 0.824786 0.018269 0.022222
15 0.204327 0.818803 0.024038 0.034188
15 0.184615 0.788034 0.017308 0.020513
15 0.186058 0.723932 0.027885 0.025641
15 0.365865 0.659829 0.018269 0.027350
15 0.340865 0.631624 0.014423 0.022222
15 0.400962 0.688034 0.017308 0.022222
15 0.266346 0.276923 0.017308 0.020513
15 0.256731 0.247009 0.023077 0.022222
15 0.315385 0.265812 0.011538 0.022222
15 0.335096 0.227350 0.016346 0.017094
