15 0.658813 0.787856 0.033159 0.025487
15 0.700698 0.809595 0.029668 0.023988
15 0.653578 0.826837 0.033159 0.022489
15 0.506981 0.829835 0.043630 0.031484
15 0.513089 0.893553 0.031414 0.032984
15 0.432810 0.870315 0.031414 0.025487
15 0.362129 0.943778 0.033159 0.022489
15 0.277487 0.943778 0.031414 0.031484
15 0.245201 0.919040 0.026178 0.023988
15 0.211169 0.958021 0.031414 0.035982
15 0.095986 0.976012 0.045375 0.023988
15 0.023560 0.942279 0.043630 0.025487
15 0.097731 0.913043 0.038394 0.023988
15 0.325480 0.802099 0.036649 0.032984
15 0.408377 0.695652 0.048866 0.044978
15 0.485166 0.711394 0.052356 0.043478
15 0.908377 0.615442 0.043630 0.040480
15 0.940663 0.568966 0.031414 0.031484
15 0.960733 0.479010 0.033159 0.031484
15 0.780105 0.386057 0.038394 0.031484
15 0.469459 0.516492 0.031414 0.037481
15 0.534031 0.507496 0.024433 0.031484
15 0.369983 0.449775 0.038394 0.032984
15 0.178010 0.569715 0.027923 0.032984
15 0.226876 0.576462 0.031414 0.028486
15 0.095113 0.477511 0.047120 0.031484
15 0.033159 0.488756 0.048866 0.035982
15 0.289703 0.209895 0.048866 0.041979
15 0.288831 0.169415 0.043630 0.035982
15 0.168412 0.189655 0.057592 0.046477
15 0.169284 0.128936 0.034904 0.038981
15 0.169284 0.053223 0.048866 0.043478
15 0.101222 0.043478 0.052356 0.038981
15 0.055846 0.260120 0.045375 0.049475
15 0.070681 0.336582 0.043630 0.031484
15 0.113438 0.377061 0.038394 0.037481
15 0.773124 0.175412 0.041885 0.038981
15 0.842059 0.038231 0.050611 0.055472
15 0.894415 0.089205 0.029668 0.028486
15 0.972077 0.111694 0.031414 0.034483
15 0.763525 0.598201 0.050611 0.050975
15 0.945026 0.924288 0.029668 0.037481
15 0.726003 0.904798 0.048866 0.040480
15 0.526178 0.973763 0.054101 0.037481
15 0.442408 0.943028 0.050611 0.023988
15 0.463351 0.986507 0.026178 0.026987
15 0.671030 0.408546 0.040140 0.034483
15 0.316754 0.369565 0.036649 0.031484
15 0.351658 0.356072 0.029668 0.028486
15 0.245201 0.330585 0.036649 0.025487
15 0.201571 0.403298 0.029668 0.035982
15 0.431937 0.128936 0.036649 0.026987
15 0.547993 0.070465 0.024433 0.032984
15 0.654450 0.086207 0.034904 0.028486
15 0.611693 0.126687 0.029668 0.022489
15 0.262653 0.653673 0.043630 0.032984
15 0.130017 0.678411 0.036649 0.031484
15 0.077661 0.622939 0.050611 0.037481
15 0.034904 0.606447 0.027923 0.028486
