15 0.064671 0.356775 0.023952 0.037736
15 0.034731 0.709262 0.035928 0.056604
15 0.400000 0.680103 0.045509 0.042882
15 0.271856 0.531732 0.033533 0.037736
15 0.541317 0.255575 0.026347 0.024014
15 0.552096 0.214408 0.021557 0.037736
15 0.589222 0.226415 0.021557 0.027444
15 0.597006 0.190395 0.017964 0.030875
15 0.622156 0.248714 0.020359 0.041166
15 0.616766 0.557461 0.031138 0.044597
15 0.575449 0.584048 0.027545 0.029160
15 0.394012 0.909949 0.031138 0.053173
15 0.594611 0.956261 0.041916 0.039451
15 0.815569 0.766724 0.031138 0.044597
15 0.976647 0.902230 0.041916 0.041166
15 0.894611 0.971698 0.033533 0.025729
15 0.849701 0.929674 0.015569 0.030875
15 0.777844 0.203259 0.025150 0.042882
15 0.689222 0.175815 0.027545 0.036021
15 0.719162 0.501715 0.029940 0.039451
15 0.861078 0.450257 0.019162 0.036021
15 0.986826 0.588336 0.016766 0.041166
15 0.337725 0.310463 0.028743 0.027444
