15 0.496042 0.516892 0.039578 0.060811
15 0.562665 0.533784 0.030343 0.047297
15 0.538259 0.438345 0.039578 0.042230
15 0.422164 0.466216 0.036939 0.040541
15 0.256596 0.717061 0.067282 0.076014
15 0.364116 0.792230 0.039578 0.027027
15 0.217018 0.842061 0.054090 0.045608
15 0.111478 0.789696 0.038259 0.042230
15 0.150396 0.341216 0.036939 0.054054
15 0.013852 0.532095 0.025066 0.064189
15 0.108179 0.966216 0.036939 0.040541
15 0.511214 0.960304 0.043536 0.035473
15 0.443272 0.896959 0.031662 0.023649
15 0.406992 0.907095 0.025066 0.027027
15 0.668865 0.837838 0.047493 0.050676
15 0.753958 0.836993 0.032982 0.048986
15 0.821900 0.893581 0.031662 0.040541
15 0.784301 0.923986 0.022427 0.037162
15 0.923483 0.961993 0.029024 0.038851
15 0.866095 0.893581 0.032982 0.064189
15 0.977573 0.832770 0.044855 0.040541
15 0.730871 0.630068 0.050132 0.054054
15 0.788918 0.629223 0.044855 0.059122
15 0.755277 0.513514 0.038259 0.040541
15 0.199208 0.988176 0.026385 0.020270
