15 0.099579 0.875559 0.039271 0.043219
15 0.238429 0.835320 0.050491 0.046200
15 0.204067 0.909091 0.046283 0.029806
15 0.181627 0.932936 0.040673 0.026826
15 0.296634 0.962742 0.029453 0.032787
15 0.243338 0.969449 0.026648 0.031297
15 0.352735 0.831595 0.040673 0.053651
15 0.263675 0.798063 0.028050 0.037258
15 0.199860 0.707899 0.037868 0.050671
15 0.155680 0.612519 0.028050 0.041729
15 0.183731 0.526826 0.050491 0.040238
15 0.230715 0.549925 0.032258 0.032787
15 0.208976 0.593890 0.036466 0.049180
15 0.338008 0.660954 0.039271 0.028316
15 0.421459 0.728763 0.040673 0.044709
15 0.462132 0.781669 0.021038 0.031297
15 0.597475 0.785395 0.025245 0.029806
15 0.506311 0.877049 0.036466 0.046200
15 0.538569 0.871088 0.022440 0.037258
15 0.535063 0.918778 0.018233 0.040238
15 0.552595 0.907601 0.025245 0.035768
15 0.610098 0.914307 0.030856 0.040238
15 0.644460 0.891207 0.032258 0.050671
15 0.662693 0.864382 0.021038 0.035768
15 0.782609 0.889717 0.033661 0.038748
15 0.740533 0.929955 0.025245 0.038748
15 0.711781 0.952310 0.040673 0.047690
15 0.838008 0.944113 0.032258 0.034277
15 0.781907 0.940387 0.023843 0.029806
15 0.906732 0.838301 0.029453 0.034277
15 0.906031 0.806259 0.025245 0.035768
15 0.876578 0.740686 0.025245 0.026826
15 0.903927 0.717586 0.026648 0.031297
15 0.839411 0.692250 0.037868 0.034277
15 0.781206 0.748137 0.028050 0.041729
15 0.743338 0.676602 0.025245 0.032787
15 0.685835 0.637854 0.016830 0.020864
15 0.611501 0.577496 0.028050 0.031297
15 0.515428 0.650522 0.035063 0.043219
15 0.736325 0.536513 0.039271 0.044709
15 0.678822 0.472429 0.039271 0.038748
15 0.806452 0.362891 0.042076 0.049180
15 0.776999 0.245902 0.036466 0.038748
15 0.886396 0.377794 0.044881 0.046200
15 0.069425 0.292846 0.035063 0.037258
