15 0.230159 0.177225 0.047619 0.040724
15 0.377778 0.209653 0.053968 0.039216
15 0.597619 0.151584 0.036508 0.022624
15 0.633333 0.177225 0.022222 0.031674
15 0.729365 0.196833 0.033333 0.037707
15 0.780159 0.053544 0.042857 0.043741
15 0.659524 0.021870 0.030159 0.034691
15 0.693651 0.021116 0.028571 0.030166
15 0.919048 0.089744 0.069841 0.061840
15 0.970635 0.276772 0.039683 0.034691
15 0.940476 0.224736 0.033333 0.048265
15 0.827778 0.199849 0.065079 0.040724
15 0.737302 0.552790 0.030159 0.046757
15 0.782540 0.533937 0.031746 0.033183
15 0.819841 0.544495 0.023810 0.036199
15 0.889683 0.531674 0.046032 0.049774
15 0.622222 0.499246 0.044444 0.036199
15 0.657143 0.433635 0.034921 0.043741
15 0.773810 0.435897 0.042857 0.039216
15 0.532540 0.394419 0.049206 0.040724
15 0.482540 0.482655 0.047619 0.045249
15 0.384127 0.398944 0.057143 0.040724
15 0.196825 0.454751 0.066667 0.028658
15 0.163492 0.348416 0.041270 0.030166
15 0.143651 0.550528 0.030159 0.048265
15 0.086508 0.538462 0.039683 0.048265
15 0.257143 0.543741 0.031746 0.031674
15 0.307143 0.535445 0.023810 0.042232
15 0.361111 0.559578 0.046032 0.042232
15 0.512698 0.689291 0.038095 0.027149
15 0.568254 0.645551 0.034921 0.030166
15 0.580159 0.676471 0.042857 0.034691
15 0.668254 0.632730 0.031746 0.031674
15 0.740476 0.659879 0.033333 0.034691
15 0.800000 0.696833 0.031746 0.033183
15 0.803968 0.638009 0.026984 0.042232
15 0.865873 0.650830 0.042857 0.034691
15 0.847619 0.690799 0.025397 0.036199
15 0.900000 0.680995 0.022222 0.025641
15 0.930952 0.766214 0.030159 0.033183
15 0.947619 0.783560 0.028571 0.034691
15 0.916667 0.826546 0.026984 0.030166
15 0.888889 0.840121 0.022222 0.039216
15 0.667460 0.834842 0.039683 0.037707
15 0.785714 0.891403 0.041270 0.036199
15 0.674603 0.915535 0.069841 0.051282
15 0.446825 0.834087 0.058730 0.042232
15 0.379365 0.735294 0.038095 0.028658
