15 0.210136 0.775000 0.032138 0.034375
15 0.230532 0.790625 0.028430 0.031250
15 0.279975 0.689844 0.028430 0.039062
15 0.389370 0.664844 0.032138 0.042188
15 0.332509 0.693750 0.034611 0.040625
15 0.326947 0.927344 0.038319 0.051562
15 0.224969 0.910937 0.024722 0.034375
15 0.858467 0.496094 0.045735 0.060937
15 0.686650 0.588281 0.050680 0.042188
15 0.569221 0.611719 0.043263 0.045312
15 0.708282 0.161719 0.042027 0.060937
15 0.373918 0.412500 0.038319 0.059375
15 0.612485 0.416406 0.023486 0.032813
15 0.363412 0.144531 0.039555 0.048438
15 0.173053 0.128125 0.037083 0.046875
