15 0.651297 0.776230 0.048991 0.063934
15 0.610231 0.777049 0.030259 0.036066
15 0.645533 0.628689 0.031700 0.037705
15 0.823487 0.840984 0.033141 0.039344
15 0.734150 0.775410 0.047550 0.062295
15 0.904899 0.693443 0.037464 0.052459
15 0.843660 0.656557 0.050432 0.073770
15 0.519452 0.455738 0.047550 0.055738
15 0.546830 0.337705 0.038905 0.055738
15 0.548271 0.239344 0.087896 0.091803
15 0.673631 0.295902 0.070605 0.083607
15 0.144092 0.221311 0.048991 0.055738
15 0.254323 0.454918 0.053314 0.073770
15 0.240634 0.946721 0.046110 0.050820
15 0.342939 0.790984 0.034582 0.031148
15 0.343660 0.831148 0.044669 0.042623
15 0.424352 0.785246 0.036023 0.039344
15 0.402738 0.836885 0.036023 0.037705
15 0.386888 0.502459 0.047550 0.047541
15 0.334294 0.535246 0.043228 0.047541
15 0.854467 0.452459 0.046110 0.062295
15 0.424352 0.300000 0.059078 0.052459
15 0.085014 0.135246 0.046110 0.047541
