15 0.658750 0.754491 0.040000 0.055888
15 0.633750 0.719561 0.050000 0.053892
15 0.689375 0.606786 0.048750 0.059880
15 0.810000 0.702595 0.052500 0.067864
15 0.782500 0.618762 0.035000 0.055888
15 0.846875 0.624750 0.056250 0.059880
15 0.851250 0.580838 0.045000 0.051896
15 0.891875 0.546906 0.041250 0.043912
15 0.843750 0.507984 0.045000 0.045908
15 0.901250 0.497006 0.062500 0.055888
15 0.961875 0.494012 0.048750 0.053892
15 0.935625 0.585828 0.071250 0.061876
15 0.893125 0.661677 0.046250 0.049900
15 0.936250 0.739521 0.035000 0.049900
15 0.720625 0.465070 0.088750 0.059880
15 0.589375 0.514970 0.053750 0.055888
15 0.634375 0.487026 0.028750 0.039920
15 0.615000 0.451098 0.020000 0.027944
15 0.295000 0.775449 0.032500 0.045908
15 0.346875 0.698603 0.033750 0.035928
15 0.102500 0.800399 0.037500 0.031936
15 0.185625 0.821357 0.066250 0.057884
15 0.261875 0.829341 0.031250 0.061876
15 0.201250 0.667665 0.027500 0.033932
15 0.183125 0.586826 0.041250 0.047904
15 0.291875 0.605788 0.033750 0.041916
15 0.311875 0.560878 0.036250 0.043912
15 0.269375 0.511976 0.031250 0.033932
15 0.206250 0.514970 0.037500 0.023952
15 0.159375 0.500000 0.051250 0.037924
15 0.164375 0.460080 0.038750 0.037924
15 0.223750 0.438124 0.035000 0.037924
15 0.168125 0.420160 0.031250 0.029940
15 0.118750 0.439122 0.025000 0.027944
15 0.053750 0.494012 0.032500 0.037924
15 0.041875 0.546906 0.071250 0.039920
15 0.071875 0.639721 0.041250 0.049900
15 0.035000 0.679641 0.030000 0.033932
15 0.018750 0.640719 0.025000 0.035928
15 0.012500 0.608782 0.022500 0.027944
15 0.051250 0.431138 0.082500 0.043912
15 0.059375 0.369261 0.036250 0.039920
15 0.026875 0.323353 0.028750 0.039920
15 0.010625 0.277445 0.018750 0.047904
15 0.103750 0.306387 0.052500 0.045908
15 0.163125 0.342315 0.068750 0.029940
15 0.109375 0.368263 0.031250 0.029940
15 0.145625 0.222555 0.043750 0.037924
15 0.174375 0.261477 0.051250 0.031936
15 0.200625 0.291417 0.038750 0.043912
15 0.319375 0.342315 0.078750 0.045908
15 0.254375 0.346307 0.028750 0.053892
15 0.251875 0.294411 0.056250 0.033932
15 0.284375 0.256487 0.041250 0.033932
15 0.241250 0.235529 0.030000 0.027944
15 0.237500 0.214571 0.027500 0.037924
15 0.274375 0.196607 0.046250 0.041916
15 0.350625 0.513972 0.036250 0.033932
15 0.351875 0.479042 0.038750 0.039920
15 0.275000 0.412176 0.032500 0.041916
15 0.361250 0.423154 0.040000 0.035928
15 0.720625 0.290419 0.036250 0.033932
15 0.686250 0.286427 0.045000 0.041916
15 0.628750 0.245509 0.040000 0.043912
15 0.580625 0.242515 0.023750 0.021956
15 0.598125 0.146707 0.033750 0.045908
15 0.681250 0.129741 0.032500 0.027944
15 0.743125 0.139721 0.041250 0.031936
15 0.680000 0.206587 0.050000 0.033932
15 0.758750 0.248503 0.050000 0.037924
15 0.801875 0.250499 0.043750 0.029940
15 0.836250 0.203593 0.030000 0.031936
15 0.886875 0.219561 0.053750 0.035928
15 0.823750 0.324351 0.070000 0.041916
15 0.781875 0.356287 0.038750 0.025948
15 0.771250 0.379242 0.035000 0.023952
15 0.796875 0.402196 0.058750 0.029940
15 0.974375 0.339321 0.038750 0.043912
15 0.969375 0.298403 0.061250 0.041916
15 0.934375 0.213573 0.018750 0.031936
15 0.396250 0.296407 0.040000 0.041916
15 0.416875 0.270459 0.038750 0.029940
15 0.402500 0.240519 0.052500 0.041916
15 0.323125 0.283433 0.033750 0.031936
15 0.424375 0.132735 0.021250 0.025948
15 0.621875 0.864271 0.061250 0.063872
15 0.378750 0.771457 0.035000 0.045908
15 0.815000 0.099800 0.050000 0.035928
15 0.923750 0.140719 0.035000 0.041916
15 0.618125 0.401198 0.043750 0.035928
15 0.563125 0.454092 0.031250 0.037924
