15 0.202830 0.935725 0.058491 0.056801
15 0.036792 0.868460 0.069811 0.080717
15 0.355660 0.872945 0.066038 0.077728
15 0.422642 0.852018 0.052830 0.053812
15 0.438679 0.801196 0.062264 0.044843
15 0.459434 0.741405 0.054717 0.050822
15 0.312264 0.732436 0.084906 0.059791
15 0.421698 0.651719 0.058491 0.050822
15 0.326415 0.591928 0.049057 0.044843
15 0.236792 0.578475 0.058491 0.050822
15 0.205660 0.459641 0.060377 0.067265
15 0.114151 0.436472 0.058491 0.050822
15 0.063208 0.479073 0.066038 0.067265
15 0.023585 0.397608 0.043396 0.083707
15 0.592453 0.576233 0.083019 0.058296
15 0.814151 0.733184 0.073585 0.061286
15 0.588679 0.716741 0.060377 0.049327
15 0.239623 0.199552 0.045283 0.055306
15 0.158491 0.207025 0.060377 0.052317
15 0.249057 0.326607 0.064151 0.046338
15 0.044340 0.188341 0.054717 0.050822
15 0.068868 0.234679 0.039623 0.038864
15 0.132075 0.040359 0.041509 0.044843
15 0.215094 0.023169 0.064151 0.037369
15 0.229245 0.106129 0.043396 0.050822
15 0.295283 0.082212 0.054717 0.038864
15 0.316981 0.020927 0.060377 0.038864
15 0.432075 0.053064 0.052830 0.040359
15 0.405660 0.087444 0.060377 0.043348
15 0.451887 0.180120 0.043396 0.040359
15 0.462264 0.146487 0.037736 0.032885
15 0.517925 0.153214 0.043396 0.043348
15 0.566981 0.115845 0.047170 0.052317
15 0.748113 0.242152 0.081132 0.065770
15 0.466981 0.287743 0.073585 0.052317
15 0.350943 0.437220 0.075472 0.046338
15 0.582075 0.357250 0.047170 0.047833
15 0.771698 0.852018 0.049057 0.041854
15 0.982075 0.722720 0.035849 0.058296
