15 0.110497 0.857450 0.058932 0.058739
15 0.209945 0.832378 0.047882 0.045845
15 0.067219 0.615330 0.068140 0.044413
15 0.288214 0.681232 0.108656 0.078797
15 0.383978 0.577364 0.071823 0.063037
15 0.219153 0.522923 0.058932 0.048711
15 0.237569 0.464900 0.062615 0.041547
15 0.151934 0.470630 0.057090 0.047278
15 0.103131 0.365330 0.066298 0.063037
15 0.127072 0.272923 0.047882 0.035817
15 0.131676 0.169771 0.060773 0.058739
15 0.052486 0.032235 0.057090 0.038682
15 0.217311 0.285100 0.036832 0.037249
15 0.338858 0.224928 0.051565 0.063037
15 0.405157 0.129656 0.114180 0.084527
15 0.504604 0.136103 0.044199 0.040115
15 0.501842 0.191977 0.060773 0.045845
15 0.411602 0.272923 0.049724 0.053009
15 0.546961 0.263610 0.066298 0.071633
15 0.627993 0.218481 0.047882 0.032951
15 0.624309 0.132521 0.047882 0.044413
15 0.535912 0.066619 0.044199 0.053009
15 0.272560 0.052292 0.062615 0.055874
15 0.382136 0.040115 0.049724 0.048711
15 0.304788 0.365330 0.068140 0.045845
15 0.348066 0.391117 0.066298 0.037249
15 0.314917 0.420487 0.073665 0.038682
15 0.476059 0.522206 0.068140 0.041547
15 0.522099 0.414756 0.057090 0.044413
15 0.579190 0.358883 0.064457 0.067335
15 0.548803 0.589542 0.047882 0.038682
15 0.572744 0.553009 0.040516 0.031519
15 0.624309 0.562321 0.036832 0.041547
15 0.679558 0.497851 0.047882 0.041547
15 0.592081 0.441977 0.057090 0.055874
15 0.691529 0.419054 0.046041 0.030086
15 0.702578 0.466332 0.042357 0.038682
15 0.666667 0.355301 0.044199 0.045845
15 0.766114 0.352436 0.040516 0.040115
15 0.803867 0.407593 0.053407 0.038682
15 0.746777 0.763610 0.053407 0.045845
15 0.545120 0.684097 0.092081 0.058739
15 0.387661 0.686246 0.038674 0.048711
15 0.462247 0.842407 0.103131 0.074499
15 0.427256 0.948424 0.073665 0.063037
15 0.760589 0.902579 0.081031 0.068768
15 0.858195 0.749284 0.055249 0.057307
15 0.831492 0.820917 0.060773 0.040115
15 0.767956 0.610315 0.066298 0.065903
15 0.830571 0.569484 0.066298 0.044413
15 0.840700 0.631089 0.046041 0.035817
15 0.935543 0.555874 0.051565 0.034384
15 0.837937 0.471347 0.040516 0.037249
15 0.767035 0.483524 0.042357 0.035817
