15 0.140000 0.484547 0.033600 0.041943
15 0.239200 0.505519 0.030400 0.044150
15 0.326400 0.490066 0.032000 0.044150
15 0.358400 0.467991 0.022400 0.030905
15 0.389600 0.348786 0.033600 0.048565
15 0.460800 0.539735 0.048000 0.059603
15 0.406400 0.783664 0.041600 0.048565
15 0.457600 0.940397 0.044800 0.044150
15 0.696000 0.841060 0.025600 0.048565
15 0.641600 0.863135 0.035200 0.039735
15 0.618400 0.888521 0.040000 0.037528
15 0.732800 0.920530 0.025600 0.039735
15 0.691200 0.955850 0.041600 0.044150
15 0.770400 0.679912 0.043200 0.070640
15 0.693600 0.700883 0.036800 0.072848
15 0.707200 0.541943 0.038400 0.050773
15 0.694400 0.458057 0.035200 0.037528
15 0.574400 0.433775 0.028800 0.037528
15 0.614400 0.406181 0.032000 0.048565
15 0.649600 0.380795 0.025600 0.037528
15 0.929600 0.366446 0.028800 0.052980
15 0.932800 0.280353 0.041600 0.057395
15 0.884000 0.116998 0.040000 0.057395
15 0.707200 0.162252 0.041600 0.046358
15 0.816800 0.193157 0.027200 0.050773
15 0.542400 0.110375 0.035200 0.044150
15 0.140800 0.048565 0.064000 0.052980
