15 0.366830 0.636531 0.057190 0.066421
15 0.149510 0.640221 0.060458 0.047970
15 0.149510 0.871771 0.044118 0.053506
15 0.339869 0.843173 0.035948 0.047970
15 0.605392 0.739852 0.037582 0.044280
15 0.759804 0.657749 0.032680 0.057196
15 0.522876 0.303506 0.035948 0.049815
15 0.348856 0.339483 0.060458 0.055351
15 0.241830 0.357934 0.045752 0.036900
15 0.219771 0.435424 0.037582 0.059041
15 0.177288 0.279520 0.034314 0.049815
15 0.207516 0.173432 0.045752 0.040590
15 0.629085 0.096863 0.049020 0.049815
15 0.682190 0.222325 0.031046 0.042435
15 0.636438 0.304428 0.047386 0.066421
15 0.696895 0.392066 0.037582 0.053506
15 0.919118 0.252768 0.063725 0.070111
15 0.963235 0.218635 0.034314 0.035055
15 0.927288 0.148524 0.037582 0.046125
15 0.876634 0.168819 0.027778 0.046125
15 0.843954 0.190037 0.037582 0.036900
