15 0.407986 0.614035 0.076389 0.092105
15 0.163194 0.645833 0.065972 0.072368
15 0.089410 0.600877 0.071181 0.065789
15 0.095486 0.291667 0.059028 0.087719
15 0.107639 0.179825 0.062500 0.043860
15 0.126736 0.118421 0.055556 0.048246
15 0.717882 0.151316 0.046875 0.043860
15 0.923611 0.192982 0.052083 0.061404
15 0.846354 0.328947 0.043403 0.048246
15 0.811632 0.376096 0.029514 0.041667
15 0.771701 0.550439 0.032986 0.039474
15 0.794271 0.529605 0.019097 0.041667
15 0.849826 0.554825 0.032986 0.035088
15 0.706597 0.703947 0.052083 0.057018
15 0.800347 0.652412 0.045139 0.046053
15 0.899306 0.802632 0.027778 0.052632
15 0.510417 0.030702 0.031250 0.039474
15 0.412326 0.025219 0.029514 0.032895
15 0.457465 0.327851 0.032986 0.054825
