15 0.399038 0.471047 0.044231 0.051225
15 0.437500 0.468820 0.025000 0.046771
15 0.515385 0.347439 0.034615 0.035635
15 0.517308 0.265033 0.030769 0.044543
15 0.603846 0.304009 0.038462 0.042316
15 0.734615 0.203786 0.026923 0.033408
15 0.742308 0.437639 0.046154 0.064588
15 0.603846 0.550111 0.030769 0.035635
15 0.514423 0.787305 0.036538 0.055679
15 0.215385 0.756125 0.030769 0.037862
15 0.236538 0.356347 0.023077 0.048998
15 0.277885 0.261693 0.036538 0.033408
15 0.323077 0.272829 0.046154 0.046771
15 0.414423 0.277283 0.036538 0.046771
15 0.163462 0.310690 0.042308 0.037862
15 0.086538 0.179287 0.030769 0.033408
15 0.210577 0.553452 0.059615 0.064588
