15 0.179924 0.651163 0.036616 0.043189
15 0.217803 0.649502 0.039141 0.056478
15 0.296717 0.751661 0.055556 0.064784
15 0.214015 0.906977 0.041667 0.056478
15 0.268939 0.955150 0.040404 0.043189
15 0.397727 0.934385 0.050505 0.044850
15 0.489268 0.927741 0.031566 0.034884
15 0.584596 0.721761 0.030303 0.048173
15 0.630682 0.753322 0.036616 0.054817
15 0.215278 0.466777 0.061869 0.059801
15 0.251894 0.419435 0.044192 0.054817
15 0.238005 0.258306 0.034091 0.041528
15 0.228535 0.215947 0.037879 0.043189
15 0.444444 0.216777 0.035354 0.044850
15 0.507576 0.260797 0.032828 0.043189
15 0.445076 0.284884 0.036616 0.048173
15 0.482955 0.348007 0.029040 0.048173
15 0.659722 0.253322 0.026515 0.038206
15 0.827020 0.539867 0.032828 0.043189
15 0.824495 0.685216 0.032828 0.064784
15 0.916035 0.676910 0.041667 0.041528
15 0.936237 0.369601 0.029040 0.048173
15 0.936237 0.194352 0.031566 0.066445
