15 0.389137 0.736989 0.037202 0.061338
15 0.334077 0.721190 0.031250 0.033457
15 0.346726 0.800186 0.035714 0.050186
15 0.219494 0.640335 0.049107 0.050186
15 0.254464 0.456320 0.032738 0.046468
15 0.219494 0.456320 0.028274 0.042751
15 0.179315 0.426580 0.037202 0.050186
15 0.111607 0.397770 0.038690 0.055762
15 0.060268 0.477695 0.043155 0.059480
15 0.372768 0.344796 0.022321 0.039033
15 0.404018 0.349442 0.040179 0.052045
15 0.537202 0.378253 0.032738 0.046468
15 0.630952 0.303903 0.047619 0.072491
15 0.697173 0.171004 0.040179 0.048327
15 0.587054 0.044610 0.031250 0.044610
15 0.668155 0.587361 0.041667 0.059480
15 0.680060 0.657993 0.035714 0.048327
15 0.634673 0.779740 0.025298 0.050186
15 0.753720 0.839219 0.031250 0.061338
15 0.802827 0.800186 0.040179 0.053903
15 0.861607 0.734201 0.041667 0.063197
15 0.918899 0.787175 0.028274 0.042751
15 0.799107 0.632900 0.038690 0.039033
