15 0.398477 0.802895 0.091371 0.069042
15 0.474619 0.581292 0.045685 0.053452
15 0.531726 0.525612 0.068528 0.062361
15 0.422589 0.547884 0.048223 0.053452
15 0.357868 0.530067 0.076142 0.057906
15 0.237310 0.562361 0.058376 0.051225
15 0.180203 0.520045 0.071066 0.042316
15 0.168782 0.613586 0.058376 0.064588
15 0.446701 0.356347 0.055838 0.080178
15 0.436548 0.233853 0.055838 0.040089
15 0.538071 0.238307 0.060914 0.035635
15 0.527919 0.281737 0.076142 0.051225
15 0.657360 0.220490 0.060914 0.057906
15 0.918782 0.584633 0.050761 0.042316
