15 0.028906 0.980556 0.021875 0.030556
15 0.077344 0.946528 0.025000 0.029167
15 0.091406 0.890278 0.020313 0.025000
15 0.066016 0.881250 0.022656 0.020833
15 0.035937 0.878472 0.020313 0.020833
15 0.052344 0.856250 0.020313 0.023611
15 0.088281 0.784722 0.014063 0.025000
15 0.101562 0.794444 0.007812 0.016667
15 0.128516 0.772222 0.014844 0.016667
15 0.071875 0.762500 0.014063 0.016667
15 0.062891 0.738889 0.013281 0.022222
15 0.039062 0.727083 0.017188 0.015278
15 0.033984 0.754167 0.016406 0.016667
15 0.015625 0.708333 0.012500 0.019444
15 0.031250 0.709028 0.017188 0.023611
15 0.049219 0.679861 0.012500 0.026389
15 0.023047 0.654167 0.014844 0.016667
15 0.020703 0.597222 0.013281 0.022222
15 0.034375 0.591667 0.014063 0.019444
15 0.021875 0.545833 0.021875 0.016667
15 0.065625 0.565972 0.012500 0.015278
15 0.078516 0.584028 0.010156 0.018056
15 0.089453 0.554861 0.011719 0.015278
15 0.106641 0.562500 0.014844 0.019444
15 0.093750 0.597222 0.012500 0.025000
15 0.111328 0.637500 0.017969 0.025000
15 0.130859 0.645139 0.016406 0.023611
15 0.129297 0.587500 0.024219 0.025000
15 0.167969 0.602778 0.015625 0.025000
15 0.173828 0.667361 0.016406 0.020833
15 0.183984 0.861111 0.022656 0.033333
15 0.123828 0.876389 0.019531 0.033333
15 0.127344 0.905556 0.017188 0.030556
15 0.144141 0.912500 0.014844 0.030556
15 0.181250 0.977083 0.018750 0.029167
15 0.223047 0.958333 0.019531 0.025000
15 0.236719 0.907639 0.021875 0.031944
15 0.255078 0.879167 0.017969 0.027778
15 0.279297 0.804861 0.016406 0.026389
15 0.288281 0.845833 0.014063 0.022222
15 0.221875 0.755556 0.014063 0.025000
15 0.239453 0.729167 0.016406 0.016667
15 0.239844 0.702778 0.012500 0.025000
15 0.231250 0.665972 0.012500 0.015278
15 0.231641 0.623611 0.019531 0.030556
15 0.259766 0.716667 0.011719 0.025000
15 0.283984 0.706944 0.010156 0.027778
15 0.281250 0.660417 0.014063 0.023611
15 0.268359 0.615278 0.019531 0.025000
15 0.251563 0.625694 0.012500 0.018056
15 0.283984 0.620833 0.011719 0.025000
15 0.296484 0.620139 0.013281 0.023611
15 0.298047 0.713194 0.013281 0.023611
15 0.332422 0.706250 0.016406 0.020833
15 0.333203 0.724306 0.019531 0.023611
15 0.344531 0.756944 0.018750 0.030556
15 0.353516 0.805556 0.028906 0.033333
15 0.374219 0.829861 0.020313 0.026389
15 0.387109 0.840972 0.017969 0.029167
15 0.326953 0.864583 0.014844 0.018056
15 0.333594 0.923611 0.023438 0.030556
15 0.343750 0.954861 0.015625 0.034722
15 0.410547 0.911111 0.024219 0.033333
15 0.407031 0.945139 0.025000 0.034722
15 0.435547 0.954861 0.022656 0.029167
15 0.169141 0.540972 0.017969 0.026389
15 0.145313 0.504167 0.015625 0.022222
15 0.124609 0.481944 0.016406 0.022222
15 0.138672 0.466667 0.014844 0.016667
15 0.144141 0.417361 0.013281 0.015278
15 0.149219 0.406944 0.012500 0.016667
15 0.085547 0.407639 0.017969 0.015278
15 0.087500 0.427083 0.015625 0.012500
15 0.062109 0.475000 0.022656 0.025000
15 0.033984 0.487500 0.021094 0.027778
15 0.173047 0.477083 0.014844 0.020833
15 0.170313 0.448611 0.029687 0.025000
15 0.219141 0.510417 0.019531 0.034722
15 0.258594 0.538889 0.018750 0.025000
15 0.288672 0.502778 0.014844 0.022222
15 0.319141 0.611111 0.013281 0.022222
15 0.313672 0.593750 0.011719 0.018056
15 0.322266 0.584722 0.011719 0.019444
15 0.323437 0.574306 0.015625 0.018056
15 0.320312 0.563194 0.015625 0.023611
15 0.342187 0.578472 0.015625 0.015278
15 0.344922 0.560417 0.008594 0.020833
15 0.358984 0.575000 0.014844 0.025000
15 0.361719 0.631250 0.012500 0.026389
15 0.390234 0.638889 0.014844 0.025000
15 0.257812 0.459028 0.023438 0.020833
15 0.238672 0.431250 0.014844 0.020833
15 0.223047 0.403472 0.019531 0.015278
15 0.264453 0.422222 0.014844 0.025000
15 0.280859 0.402083 0.016406 0.015278
15 0.276562 0.384028 0.018750 0.020833
15 0.267969 0.338889 0.018750 0.019444
15 0.172266 0.383333 0.019531 0.019444
15 0.188672 0.320833 0.016406 0.013889
15 0.192188 0.295833 0.010937 0.013889
15 0.180859 0.284028 0.011719 0.015278
15 0.167187 0.305556 0.014063 0.016667
15 0.138281 0.307639 0.018750 0.018056
15 0.125000 0.329167 0.014063 0.011111
15 0.121484 0.344444 0.016406 0.013889
15 0.085156 0.320833 0.012500 0.013889
15 0.089844 0.311111 0.012500 0.013889
15 0.090234 0.290278 0.014844 0.013889
15 0.097266 0.261111 0.013281 0.013889
15 0.098437 0.239583 0.012500 0.015278
15 0.112891 0.225694 0.014844 0.020833
15 0.133203 0.228472 0.011719 0.012500
15 0.141406 0.238194 0.010937 0.015278
15 0.060156 0.223611 0.015625 0.016667
15 0.039453 0.199306 0.010156 0.012500
15 0.019922 0.188889 0.008594 0.011111
15 0.045703 0.168750 0.010156 0.015278
15 0.042578 0.119444 0.010156 0.011111
15 0.029687 0.122917 0.009375 0.012500
15 0.009766 0.093750 0.008594 0.009722
15 0.042578 0.100000 0.010156 0.011111
15 0.060156 0.095139 0.007812 0.009722
15 0.076953 0.096528 0.007031 0.009722
15 0.089453 0.095833 0.007031 0.008333
15 0.099609 0.131250 0.013281 0.012500
15 0.080859 0.146528 0.008594 0.009722
15 0.081641 0.171528 0.007031 0.009722
15 0.119531 0.171528 0.010937 0.009722
15 0.127734 0.184722 0.011719 0.016667
15 0.179688 0.185417 0.012500 0.015278
15 0.170313 0.134722 0.007812 0.013889
15 0.180859 0.150000 0.007031 0.011111
15 0.199219 0.138889 0.007812 0.008333
15 0.211719 0.166667 0.010937 0.011111
15 0.216016 0.175694 0.008594 0.009722
15 0.222266 0.185417 0.010156 0.009722
15 0.216797 0.200694 0.011719 0.012500
15 0.226953 0.227778 0.008594 0.011111
15 0.206250 0.257639 0.012500 0.018056
15 0.214062 0.275000 0.007812 0.016667
15 0.257031 0.297222 0.009375 0.013889
15 0.279687 0.320833 0.009375 0.013889
15 0.309375 0.290972 0.010937 0.018056
15 0.314844 0.267361 0.009375 0.015278
15 0.347266 0.256944 0.008594 0.013889
15 0.232031 0.156250 0.018750 0.015278
15 0.277734 0.147917 0.008594 0.015278
15 0.310156 0.166667 0.006250 0.011111
15 0.301563 0.187500 0.009375 0.013889
15 0.285938 0.193750 0.007812 0.009722
15 0.314453 0.222917 0.008594 0.012500
15 0.324609 0.215972 0.007031 0.009722
15 0.372266 0.204167 0.008594 0.013889
15 0.405859 0.176389 0.007031 0.013889
15 0.415234 0.142361 0.008594 0.015278
15 0.363281 0.138889 0.010937 0.013889
15 0.337891 0.156944 0.010156 0.016667
15 0.275391 0.115972 0.016406 0.012500
15 0.242578 0.133333 0.013281 0.011111
15 0.242969 0.119444 0.007812 0.008333
15 0.219531 0.122917 0.007812 0.009722
15 0.204687 0.109028 0.007812 0.009722
15 0.187109 0.112500 0.008594 0.013889
15 0.195312 0.094444 0.007812 0.013889
15 0.146875 0.127083 0.007812 0.015278
15 0.136328 0.125694 0.008594 0.012500
15 0.126953 0.121528 0.011719 0.015278
15 0.125391 0.088194 0.010156 0.012500
15 0.104688 0.091667 0.007812 0.008333
15 0.210156 0.081944 0.007812 0.008333
15 0.257031 0.081944 0.010937 0.013889
15 0.251172 0.097222 0.011719 0.013889
15 0.315625 0.328472 0.012500 0.018056
15 0.327734 0.331944 0.013281 0.016667
15 0.315625 0.397222 0.010937 0.016667
15 0.305078 0.415972 0.011719 0.015278
15 0.282422 0.452778 0.011719 0.019444
15 0.291016 0.486806 0.008594 0.015278
15 0.298828 0.488194 0.010156 0.012500
15 0.304297 0.504167 0.014844 0.022222
15 0.339062 0.482639 0.020313 0.020833
15 0.342187 0.394444 0.012500 0.022222
15 0.365625 0.382639 0.014063 0.012500
15 0.371484 0.406250 0.010156 0.012500
15 0.358203 0.416667 0.013281 0.016667
15 0.403125 0.420833 0.012500 0.013889
15 0.391797 0.395833 0.008594 0.013889
15 0.400000 0.371528 0.014063 0.020833
15 0.406250 0.352778 0.010937 0.016667
15 0.421484 0.338889 0.010156 0.013889
15 0.411719 0.322917 0.009375 0.015278
15 0.390625 0.320833 0.014063 0.013889
15 0.389453 0.331944 0.013281 0.011111
15 0.377734 0.299306 0.014844 0.020833
15 0.384766 0.287500 0.008594 0.016667
15 0.385937 0.273611 0.009375 0.013889
15 0.397656 0.275000 0.010937 0.016667
15 0.376172 0.224306 0.011719 0.015278
15 0.376953 0.234028 0.010156 0.012500
15 0.382812 0.242361 0.009375 0.012500
15 0.401953 0.235417 0.010156 0.015278
15 0.415234 0.226389 0.008594 0.016667
15 0.412891 0.254861 0.008594 0.015278
15 0.455859 0.256944 0.008594 0.013889
15 0.453125 0.229167 0.007812 0.011111
15 0.446875 0.218750 0.006250 0.006944
15 0.440625 0.215972 0.007812 0.015278
15 0.451172 0.206250 0.008594 0.009722
15 0.453906 0.196528 0.006250 0.009722
15 0.458594 0.169444 0.009375 0.011111
15 0.444922 0.157639 0.007031 0.009722
15 0.447656 0.164583 0.006250 0.012500
15 0.452734 0.160417 0.005469 0.006944
15 0.457422 0.156250 0.008594 0.015278
15 0.439844 0.150000 0.007812 0.013889
15 0.446875 0.143750 0.007812 0.009722
15 0.345703 0.513194 0.014844 0.018056
15 0.395313 0.480556 0.015625 0.013889
15 0.394922 0.468056 0.013281 0.016667
15 0.399609 0.442361 0.014844 0.015278
15 0.452734 0.428472 0.014844 0.015278
15 0.430469 0.388194 0.012500 0.018056
15 0.458203 0.372917 0.010156 0.020833
15 0.432422 0.317361 0.010156 0.015278
15 0.440234 0.312500 0.010156 0.016667
15 0.441797 0.292361 0.010156 0.012500
15 0.463672 0.277083 0.010156 0.015278
15 0.473438 0.291667 0.009375 0.013889
15 0.471875 0.306944 0.012500 0.011111
15 0.470313 0.322917 0.012500 0.015278
15 0.475391 0.360417 0.010156 0.012500
15 0.476562 0.377083 0.007812 0.012500
15 0.477734 0.395139 0.008594 0.015278
15 0.471875 0.420833 0.010937 0.013889
15 0.460156 0.470833 0.014063 0.016667
15 0.478125 0.470139 0.012500 0.015278
15 0.451562 0.497222 0.012500 0.025000
15 0.416406 0.541667 0.012500 0.013889
15 0.413672 0.552083 0.021094 0.015278
15 0.406250 0.564583 0.023438 0.012500
15 0.384375 0.570139 0.009375 0.015278
15 0.385937 0.591667 0.009375 0.011111
15 0.408203 0.592361 0.010156 0.015278
15 0.426563 0.594444 0.009375 0.016667
15 0.404297 0.629861 0.008594 0.012500
15 0.392188 0.656944 0.010937 0.013889
15 0.405469 0.672917 0.010937 0.012500
15 0.401562 0.685417 0.010937 0.009722
15 0.387500 0.700000 0.021875 0.025000
15 0.360938 0.693056 0.017188 0.016667
15 0.353906 0.672917 0.021875 0.020833
15 0.416406 0.733333 0.015625 0.022222
15 0.451953 0.663194 0.013281 0.018056
15 0.460938 0.644444 0.018750 0.022222
15 0.472266 0.617361 0.011719 0.018056
15 0.471484 0.581944 0.019531 0.025000
15 0.439844 0.567361 0.014063 0.018056
15 0.416406 0.800000 0.015625 0.019444
15 0.448047 0.803472 0.010156 0.015278
15 0.456250 0.796528 0.009375 0.015278
15 0.453906 0.783333 0.009375 0.016667
15 0.441016 0.754861 0.010156 0.015278
15 0.472656 0.771528 0.009375 0.012500
15 0.514844 0.981944 0.025000 0.025000
15 0.546094 0.949306 0.010937 0.020833
15 0.563281 0.946528 0.014063 0.020833
15 0.504687 0.951389 0.014063 0.019444
15 0.491797 0.959028 0.016406 0.018056
15 0.492969 0.907639 0.012500 0.012500
15 0.479297 0.848611 0.011719 0.025000
15 0.499609 0.859028 0.011719 0.018056
15 0.543750 0.817361 0.020313 0.018056
15 0.568359 0.729861 0.017969 0.026389
15 0.484375 0.754167 0.012500 0.011111
15 0.514062 0.770139 0.014063 0.015278
15 0.480078 0.742361 0.013281 0.018056
15 0.451953 0.729167 0.021094 0.019444
15 0.485156 0.727778 0.012500 0.016667
15 0.504297 0.635417 0.016406 0.020833
15 0.502344 0.611806 0.015625 0.020833
15 0.523047 0.584028 0.019531 0.026389
15 0.498437 0.553472 0.017188 0.026389
15 0.480469 0.536111 0.017188 0.019444
15 0.480859 0.502778 0.016406 0.019444
15 0.528125 0.534028 0.015625 0.020833
15 0.532031 0.649306 0.018750 0.040278
15 0.567187 0.624306 0.015625 0.020833
15 0.568750 0.604167 0.015625 0.019444
15 0.581250 0.594444 0.014063 0.025000
15 0.601172 0.577778 0.011719 0.016667
15 0.606641 0.630556 0.022656 0.027778
15 0.588672 0.693056 0.011719 0.016667
15 0.594922 0.718750 0.011719 0.018056
15 0.534766 0.428472 0.025781 0.023611
15 0.557813 0.451389 0.017188 0.016667
15 0.576953 0.446528 0.010156 0.012500
15 0.591797 0.461111 0.010156 0.013889
15 0.593750 0.480556 0.014063 0.016667
15 0.605469 0.484028 0.010937 0.015278
15 0.619141 0.490278 0.008594 0.019444
15 0.567969 0.511806 0.015625 0.020833
15 0.551953 0.507639 0.014844 0.015278
15 0.531250 0.488889 0.015625 0.013889
15 0.526172 0.468750 0.017969 0.018056
15 0.512891 0.463194 0.013281 0.015278
15 0.492969 0.464583 0.010937 0.009722
15 0.500781 0.483333 0.014063 0.013889
15 0.500391 0.409028 0.014844 0.018056
15 0.514844 0.416667 0.012500 0.016667
15 0.539844 0.406250 0.020313 0.023611
15 0.570703 0.420139 0.014844 0.018056
15 0.595703 0.544444 0.014844 0.016667
15 0.599609 0.408333 0.010156 0.016667
15 0.594531 0.389583 0.010937 0.009722
15 0.594141 0.381250 0.010156 0.012500
15 0.607422 0.376389 0.008594 0.013889
15 0.578516 0.372917 0.011719 0.015278
15 0.557422 0.383333 0.014844 0.011111
15 0.553516 0.372222 0.019531 0.011111
15 0.541016 0.364583 0.013281 0.009722
15 0.541797 0.356250 0.008594 0.012500
15 0.530859 0.341667 0.021094 0.013889
15 0.513281 0.342361 0.012500 0.009722
15 0.497656 0.361111 0.014063 0.016667
15 0.505078 0.375694 0.013281 0.015278
15 0.481641 0.338194 0.013281 0.015278
15 0.483984 0.315278 0.013281 0.022222
15 0.504297 0.320139 0.014844 0.020833
15 0.519531 0.325000 0.009375 0.013889
15 0.548828 0.313194 0.017969 0.015278
15 0.559766 0.322222 0.010156 0.013889
15 0.569141 0.340972 0.014844 0.015278
15 0.582031 0.339583 0.007812 0.018056
15 0.599609 0.362500 0.011719 0.016667
15 0.607031 0.354167 0.015625 0.008333
15 0.610547 0.336111 0.008594 0.013889
15 0.600781 0.322222 0.009375 0.013889
15 0.607031 0.311806 0.012500 0.020833
15 0.620313 0.298611 0.012500 0.019444
15 0.621875 0.429861 0.010937 0.012500
15 0.637109 0.479861 0.013281 0.015278
15 0.636328 0.511806 0.008594 0.015278
15 0.696484 0.609028 0.022656 0.023611
15 0.676953 0.543056 0.013281 0.022222
15 0.689063 0.539583 0.007812 0.015278
15 0.725391 0.543056 0.014844 0.025000
15 0.745703 0.541667 0.011719 0.016667
15 0.723437 0.511111 0.012500 0.013889
15 0.725781 0.491667 0.014063 0.019444
15 0.718750 0.477083 0.014063 0.015278
15 0.639062 0.422917 0.010937 0.015278
15 0.630469 0.408333 0.010937 0.016667
15 0.616016 0.404861 0.011719 0.012500
15 0.641797 0.385417 0.011719 0.015278
15 0.650000 0.375694 0.010937 0.015278
15 0.632422 0.359028 0.010156 0.015278
15 0.640234 0.353472 0.010156 0.015278
15 0.637500 0.327778 0.009375 0.016667
15 0.658203 0.328472 0.011719 0.020833
15 0.636328 0.302083 0.014844 0.020833
15 0.601953 0.284028 0.014844 0.018056
15 0.548828 0.297222 0.016406 0.013889
15 0.538672 0.290972 0.010156 0.009722
15 0.523438 0.286806 0.012500 0.012500
15 0.498047 0.276389 0.014844 0.016667
15 0.484766 0.274306 0.011719 0.012500
15 0.480859 0.261806 0.011719 0.009722
15 0.504687 0.228472 0.015625 0.018056
15 0.474219 0.234028 0.014063 0.020833
15 0.523828 0.225000 0.013281 0.011111
15 0.530078 0.234722 0.007031 0.011111
15 0.536328 0.228472 0.013281 0.012500
15 0.535937 0.207639 0.010937 0.012500
15 0.535937 0.197222 0.009375 0.013889
15 0.503906 0.190972 0.010937 0.015278
15 0.550781 0.265972 0.017188 0.015278
15 0.509375 0.263889 0.009375 0.011111
15 0.500000 0.258333 0.007812 0.008333
15 0.522656 0.272917 0.006250 0.012500
15 0.556250 0.223611 0.010937 0.019444
15 0.561328 0.213889 0.010156 0.011111
15 0.555859 0.198611 0.010156 0.016667
15 0.546875 0.191667 0.010937 0.016667
15 0.525391 0.168750 0.014844 0.015278
15 0.525781 0.153472 0.010937 0.015278
15 0.523828 0.134722 0.011719 0.013889
15 0.535937 0.129861 0.010937 0.012500
15 0.507422 0.146528 0.011719 0.012500
15 0.495703 0.144444 0.008594 0.011111
15 0.484766 0.128472 0.008594 0.012500
15 0.476172 0.136806 0.008594 0.012500
15 0.478516 0.145139 0.010156 0.015278
15 0.468359 0.143750 0.007031 0.012500
15 0.582031 0.237500 0.015625 0.019444
15 0.587891 0.228472 0.008594 0.018056
15 0.589453 0.206944 0.010156 0.013889
15 0.597266 0.205556 0.007031 0.016667
15 0.610156 0.195833 0.009375 0.016667
15 0.571875 0.193750 0.014063 0.018056
15 0.591406 0.147917 0.010937 0.015278
15 0.599609 0.147917 0.008594 0.012500
15 0.604297 0.134028 0.007031 0.009722
15 0.600781 0.245139 0.009375 0.015278
15 0.618750 0.238889 0.012500 0.013889
15 0.616016 0.219444 0.008594 0.016667
15 0.636328 0.225694 0.013281 0.015278
15 0.637109 0.208333 0.007031 0.011111
15 0.648828 0.215972 0.007031 0.009722
15 0.652734 0.227778 0.010156 0.013889
15 0.663281 0.229861 0.006250 0.009722
15 0.657813 0.203472 0.009375 0.015278
15 0.655859 0.172917 0.011719 0.015278
15 0.612891 0.164583 0.010156 0.012500
15 0.646094 0.136806 0.010937 0.012500
15 0.643359 0.124306 0.007031 0.012500
15 0.651563 0.121528 0.006250 0.015278
15 0.664062 0.085417 0.006250 0.009722
15 0.640625 0.079167 0.009375 0.011111
15 0.631250 0.078472 0.009375 0.006944
15 0.629297 0.071528 0.008594 0.006944
15 0.618359 0.071528 0.007031 0.006944
15 0.633594 0.102083 0.014063 0.015278
15 0.678125 0.154861 0.009375 0.012500
15 0.750391 0.484722 0.011719 0.013889
15 0.755078 0.495833 0.013281 0.019444
15 0.790625 0.546528 0.015625 0.020833
15 0.812109 0.516667 0.013281 0.016667
15 0.780859 0.500694 0.013281 0.015278
15 0.776563 0.466667 0.015625 0.019444
15 0.757812 0.461111 0.010937 0.011111
15 0.758984 0.439583 0.008594 0.012500
15 0.723437 0.410417 0.010937 0.018056
15 0.737109 0.402778 0.019531 0.025000
15 0.715625 0.388194 0.010937 0.015278
15 0.705859 0.333333 0.010156 0.013889
15 0.712109 0.312500 0.010156 0.011111
15 0.712500 0.303472 0.010937 0.009722
15 0.714844 0.290972 0.010937 0.015278
15 0.722266 0.278472 0.007031 0.012500
15 0.729297 0.287500 0.007031 0.011111
15 0.725781 0.301389 0.009375 0.008333
15 0.720313 0.316667 0.006250 0.011111
15 0.723437 0.325000 0.010937 0.016667
15 0.734766 0.325000 0.010156 0.016667
15 0.733203 0.373611 0.013281 0.016667
15 0.755078 0.378472 0.013281 0.015278
15 0.710938 0.940278 0.010937 0.019444
15 0.655859 0.930556 0.013281 0.022222
15 0.705469 0.786111 0.012500 0.027778
15 0.686719 0.761806 0.012500 0.015278
15 0.706250 0.744444 0.007812 0.016667
15 0.724609 0.733333 0.016406 0.013889
15 0.721484 0.711806 0.017969 0.026389
15 0.711328 0.687500 0.022656 0.025000
15 0.691797 0.729861 0.024219 0.031944
15 0.680078 0.704861 0.013281 0.018056
15 0.751172 0.732639 0.011719 0.012500
15 0.774609 0.752083 0.013281 0.015278
15 0.733984 0.834028 0.022656 0.037500
15 0.766406 0.876389 0.039062 0.041667
15 0.810937 0.899306 0.025000 0.026389
15 0.797266 0.947222 0.022656 0.027778
15 0.789453 0.815278 0.019531 0.025000
15 0.824219 0.860417 0.012500 0.015278
15 0.856641 0.816667 0.016406 0.033333
15 0.876563 0.839583 0.021875 0.043056
15 0.892969 0.878472 0.007812 0.015278
15 0.892969 0.955556 0.015625 0.027778
15 0.922656 0.984722 0.018750 0.030556
15 0.952734 0.941667 0.030469 0.036111
15 0.923047 0.815972 0.028906 0.037500
15 0.910937 0.771528 0.031250 0.034722
15 0.921094 0.730556 0.017188 0.016667
15 0.916797 0.747917 0.041406 0.023611
15 0.858594 0.746528 0.017188 0.026389
15 0.830078 0.747222 0.014844 0.025000
15 0.841016 0.732639 0.016406 0.026389
15 0.860156 0.720833 0.015625 0.025000
15 0.774219 0.717361 0.018750 0.023611
15 0.791797 0.736111 0.013281 0.019444
15 0.789844 0.677083 0.010937 0.018056
15 0.735938 0.665278 0.023438 0.027778
15 0.728906 0.612500 0.023438 0.030556
15 0.706250 0.570833 0.021875 0.030556
15 0.753125 0.581944 0.023438 0.027778
15 0.814844 0.590278 0.015625 0.019444
15 0.837891 0.604861 0.021094 0.023611
15 0.845313 0.622222 0.018750 0.013889
15 0.861328 0.640972 0.022656 0.023611
15 0.875000 0.665972 0.020313 0.026389
15 0.914844 0.653472 0.020313 0.029167
15 0.822656 0.647917 0.018750 0.023611
15 0.839453 0.564583 0.021094 0.026389
15 0.880078 0.529167 0.016406 0.027778
15 0.865625 0.487500 0.015625 0.025000
15 0.807031 0.489583 0.014063 0.015278
15 0.817187 0.481250 0.015625 0.018056
15 0.824609 0.462500 0.011719 0.016667
15 0.871094 0.450000 0.025000 0.022222
15 0.911328 0.484028 0.014844 0.023611
15 0.935156 0.491667 0.020313 0.025000
15 0.928125 0.535417 0.021875 0.026389
15 0.967969 0.557639 0.017188 0.029167
15 0.967187 0.520139 0.014063 0.018056
15 0.978516 0.491667 0.013281 0.019444
15 0.985938 0.456250 0.015625 0.020833
15 0.938672 0.435417 0.019531 0.029167
15 0.892188 0.411806 0.014063 0.020833
15 0.825000 0.419444 0.017188 0.016667
15 0.798438 0.406250 0.015625 0.015278
15 0.768359 0.419444 0.016406 0.019444
15 0.760938 0.399306 0.012500 0.015278
15 0.770703 0.392361 0.011719 0.015278
15 0.783984 0.387500 0.011719 0.019444
15 0.777734 0.369444 0.011719 0.013889
15 0.786719 0.361806 0.010937 0.015278
15 0.776953 0.353472 0.010156 0.018056
15 0.798828 0.343750 0.014844 0.018056
15 0.837109 0.375000 0.019531 0.025000
15 0.828516 0.335417 0.014844 0.018056
15 0.801953 0.327083 0.014844 0.020833
15 0.786328 0.307639 0.013281 0.015278
15 0.779297 0.293750 0.016406 0.018056
15 0.762109 0.300000 0.011719 0.011111
15 0.754297 0.311111 0.011719 0.011111
15 0.749219 0.316667 0.015625 0.019444
15 0.760547 0.324306 0.011719 0.015278
15 0.807031 0.284028 0.012500 0.018056
15 0.776172 0.272917 0.010156 0.012500
15 0.759766 0.267361 0.010156 0.015278
15 0.767188 0.238194 0.010937 0.015278
15 0.732031 0.250000 0.012500 0.022222
15 0.745313 0.216667 0.010937 0.019444
15 0.764453 0.214583 0.017969 0.018056
15 0.749219 0.190972 0.014063 0.015278
15 0.760938 0.181250 0.010937 0.012500
15 0.883984 0.361806 0.014844 0.020833
15 0.891016 0.343750 0.013281 0.018056
15 0.883203 0.336806 0.013281 0.020833
15 0.878516 0.315972 0.011719 0.018056
15 0.896484 0.307639 0.010156 0.015278
15 0.912891 0.320139 0.010156 0.012500
15 0.914844 0.345139 0.015625 0.018056
15 0.939844 0.370139 0.021875 0.031944
15 0.975781 0.383333 0.015625 0.016667
15 0.953516 0.341667 0.021094 0.016667
15 0.992969 0.328472 0.012500 0.020833
15 0.941797 0.281250 0.013281 0.015278
15 0.866016 0.265972 0.010156 0.015278
15 0.880859 0.263194 0.014844 0.012500
15 0.832031 0.275000 0.014063 0.013889
15 0.816406 0.259028 0.009375 0.009722
15 0.794531 0.244444 0.012500 0.016667
15 0.807813 0.231250 0.014063 0.015278
15 0.870313 0.245139 0.018750 0.018056
15 0.850000 0.253472 0.014063 0.012500
15 0.846484 0.265972 0.013281 0.015278
15 0.832422 0.241667 0.011719 0.016667
15 0.838672 0.229167 0.013281 0.019444
15 0.816406 0.207639 0.010937 0.012500
15 0.845313 0.205556 0.012500 0.013889
15 0.836328 0.189583 0.011719 0.018056
15 0.796875 0.175694 0.012500 0.015278
15 0.793750 0.153472 0.010937 0.015278
15 0.807813 0.144444 0.012500 0.019444
15 0.875781 0.181944 0.014063 0.022222
15 0.931641 0.149306 0.011719 0.018056
15 0.921094 0.137500 0.006250 0.008333
15 0.913672 0.123611 0.010156 0.016667
15 0.927734 0.102083 0.019531 0.012500
15 0.956641 0.116667 0.014844 0.016667
15 0.884766 0.113889 0.010156 0.011111
15 0.773047 0.095139 0.016406 0.015278
15 0.973047 0.238194 0.013281 0.015278
15 0.987500 0.261806 0.010937 0.018056
15 0.945312 0.206250 0.010937 0.015278
15 0.935156 0.225000 0.010937 0.011111
15 0.915625 0.298611 0.007812 0.013889
15 0.971094 0.172222 0.010937 0.016667
15 0.935156 0.165972 0.012500 0.012500
15 0.852734 0.145139 0.010156 0.012500
15 0.731250 0.162500 0.010937 0.013889
15 0.725391 0.138889 0.011719 0.013889
15 0.734375 0.112500 0.007812 0.019444
15 0.736328 0.084722 0.011719 0.013889
15 0.750781 0.068056 0.014063 0.013889
15 0.777734 0.068056 0.013281 0.011111
15 0.811719 0.079167 0.012500 0.011111
15 0.862891 0.075694 0.013281 0.009722
15 0.864062 0.061111 0.012500 0.011111
15 0.921094 0.071528 0.014063 0.012500
15 0.934375 0.068750 0.007812 0.015278
15 0.957422 0.061111 0.008594 0.013889
15 0.592187 0.106944 0.010937 0.013889
