15 0.403457 0.723852 0.037943 0.044643
15 0.325885 0.779337 0.034570 0.033163
15 0.368465 0.806760 0.025295 0.036990
15 0.418634 0.908801 0.048061 0.067602
15 0.442243 0.862883 0.022766 0.031888
15 0.521922 0.913265 0.032040 0.040816
15 0.551012 0.914541 0.017707 0.035714
15 0.602445 0.684949 0.022766 0.045918
15 0.630270 0.658801 0.019393 0.036990
15 0.666105 0.776786 0.030354 0.061224
15 0.802277 0.830357 0.041315 0.043367
15 0.701939 0.868622 0.041315 0.045918
15 0.287099 0.382015 0.037943 0.049745
15 0.317454 0.353954 0.027825 0.034439
15 0.368465 0.391582 0.018550 0.035714
15 0.390388 0.421556 0.020236 0.029337
15 0.418212 0.428571 0.023609 0.033163
15 0.464165 0.437500 0.022766 0.025510
15 0.412310 0.505102 0.040472 0.053571
15 0.317454 0.562500 0.026138 0.030612
15 0.225126 0.465561 0.040472 0.040816
15 0.120152 0.420918 0.029511 0.043367
15 0.115514 0.365434 0.040472 0.047194
15 0.241990 0.169643 0.028668 0.053571
15 0.278246 0.255740 0.032040 0.049745
15 0.279933 0.193878 0.016863 0.028061
15 0.450253 0.160077 0.021922 0.044643
15 0.510961 0.277423 0.040472 0.047194
15 0.545110 0.226403 0.024452 0.036990
15 0.626476 0.286990 0.037099 0.056122
15 0.651771 0.270408 0.021922 0.040816
15 0.686341 0.246173 0.023609 0.038265
15 0.735245 0.298469 0.038786 0.043367
15 0.685497 0.466199 0.037099 0.036990
15 0.717538 0.378189 0.021922 0.031888
15 0.728078 0.403699 0.019393 0.024235
15 0.755481 0.426020 0.021922 0.033163
15 0.790472 0.483418 0.026138 0.040816
15 0.838954 0.472577 0.020236 0.031888
15 0.169477 0.119898 0.023609 0.035714
15 0.014755 0.231505 0.024452 0.031888
