15 0.607392 0.610687 0.051604 0.048855
15 0.530683 0.610687 0.040446 0.042748
15 0.429568 0.641985 0.039052 0.038168
15 0.382845 0.623664 0.040446 0.044275
15 0.360530 0.670992 0.034868 0.029008
15 0.230126 0.795420 0.041841 0.042748
15 0.388424 0.780916 0.048815 0.047328
15 0.474895 0.717557 0.032078 0.033588
15 0.792190 0.768702 0.058577 0.044275
15 0.912831 0.831298 0.046025 0.035115
15 0.390516 0.910687 0.036262 0.032061
15 0.474198 0.921374 0.036262 0.032061
15 0.536262 0.896947 0.029289 0.032061
15 0.746165 0.577099 0.044630 0.048855
15 0.873780 0.632824 0.034868 0.050382
15 0.864017 0.561069 0.046025 0.056489
15 0.843096 0.488550 0.029289 0.033588
15 0.962343 0.437405 0.039052 0.047328
15 0.957462 0.483206 0.040446 0.035115
15 0.260112 0.472519 0.048815 0.047328
15 0.390516 0.500763 0.039052 0.048855
15 0.613668 0.086260 0.041841 0.041221
15 0.308229 0.203053 0.030683 0.024427
15 0.187587 0.300763 0.034868 0.036641
15 0.811018 0.041221 0.040446 0.039695
15 0.880753 0.035878 0.034868 0.041221
