15 0.287970 0.384615 0.055639 0.049896
15 0.451880 0.426195 0.043609 0.062370
15 0.400752 0.674636 0.031579 0.043659
15 0.401504 0.785863 0.057143 0.049896
15 0.616541 0.723493 0.042105 0.045738
15 0.574436 0.703742 0.033083 0.035343
15 0.641353 0.650728 0.031579 0.045738
15 0.693233 0.716216 0.048120 0.064449
15 0.633835 0.461538 0.034586 0.062370
15 0.610526 0.386694 0.030075 0.037422
15 0.600000 0.278586 0.048120 0.074844
15 0.527820 0.160083 0.054135 0.066528
15 0.472180 0.262994 0.042105 0.056133
15 0.089474 0.134096 0.040602 0.051975
