15 0.336835 0.471880 0.037815 0.047452
15 0.434174 0.460457 0.033613 0.045694
15 0.530812 0.557118 0.030812 0.049209
15 0.362045 0.673111 0.035014 0.028120
15 0.276611 0.533392 0.026611 0.036907
15 0.107843 0.409490 0.042017 0.045694
15 0.105742 0.516696 0.051821 0.049209
15 0.250000 0.739895 0.043417 0.031634
15 0.247199 0.785589 0.032213 0.049209
15 0.118347 0.857645 0.037815 0.042179
15 0.073529 0.902460 0.032213 0.040422
15 0.023810 0.831283 0.022409 0.035149
15 0.136555 0.929701 0.035014 0.038664
15 0.598039 0.889279 0.039216 0.063269
15 0.369048 0.731986 0.035014 0.047452
15 0.618347 0.676626 0.035014 0.049209
15 0.649860 0.752197 0.033613 0.045694
15 0.680672 0.767135 0.025210 0.043937
15 0.665266 0.794376 0.022409 0.024605
15 0.667367 0.928822 0.032213 0.036907
15 0.761905 0.846221 0.033613 0.040422
15 0.808123 0.767135 0.028011 0.033392
15 0.867647 0.759227 0.035014 0.035149
15 0.815826 0.660808 0.037815 0.052724
15 0.739496 0.624780 0.025210 0.029877
15 0.709384 0.595782 0.023810 0.031634
15 0.738796 0.532513 0.032213 0.063269
15 0.792717 0.541301 0.042017 0.052724
15 0.709384 0.497364 0.037815 0.049209
15 0.670868 0.443761 0.036415 0.040422
15 0.639356 0.417399 0.032213 0.040422
15 0.683473 0.527241 0.011204 0.031634
15 0.579132 0.325132 0.032213 0.045694
15 0.602241 0.352373 0.030812 0.040422
15 0.450980 0.275044 0.042017 0.043937
15 0.360644 0.144991 0.032213 0.040422
15 0.466387 0.164323 0.030812 0.054482
15 0.485994 0.224077 0.036415 0.040422
15 0.514706 0.222320 0.023810 0.036907
15 0.548319 0.238137 0.029412 0.036907
15 0.543417 0.159930 0.044818 0.059754
15 0.580532 0.192443 0.029412 0.036907
15 0.612045 0.177504 0.030812 0.042179
15 0.653361 0.137083 0.029412 0.035149
15 0.719888 0.228471 0.033613 0.038664
15 0.643557 0.199473 0.029412 0.033392
15 0.645658 0.222320 0.039216 0.029877
15 0.614846 0.224077 0.042017 0.047452
15 0.872549 0.493849 0.019608 0.042179
