15 0.630730 0.766667 0.035654 0.057143
15 0.706282 0.738095 0.037351 0.052381
15 0.785229 0.752381 0.042445 0.061905
15 0.691851 0.679762 0.035654 0.045238
15 0.605263 0.666667 0.035654 0.042857
15 0.631579 0.583333 0.027165 0.057143
15 0.677419 0.532143 0.023769 0.030952
15 0.722411 0.450000 0.025467 0.033333
15 0.751273 0.566667 0.028862 0.042857
15 0.782683 0.565476 0.027165 0.040476
15 0.823430 0.644048 0.033956 0.059524
15 0.575552 0.848810 0.033956 0.045238
15 0.531409 0.815476 0.030560 0.054762
15 0.243633 0.867857 0.032258 0.040476
15 0.394737 0.713095 0.039049 0.059524
15 0.426146 0.638095 0.040747 0.047619
15 0.430390 0.577381 0.039049 0.035714
15 0.434635 0.413095 0.030560 0.040476
15 0.408319 0.454762 0.022071 0.028571
15 0.396435 0.504762 0.028862 0.042857
15 0.140068 0.444048 0.032258 0.040476
15 0.146010 0.354762 0.030560 0.028571
15 0.193548 0.377381 0.030560 0.035714
15 0.286927 0.386905 0.033956 0.045238
15 0.180815 0.219048 0.039049 0.052381
15 0.202037 0.157143 0.023769 0.033333
