15 0.406553 0.614516 0.036408 0.048387
15 0.589806 0.619355 0.043689 0.058065
15 0.282767 0.635484 0.036408 0.051613
15 0.257282 0.603226 0.029126 0.045161
15 0.260922 0.485484 0.041262 0.048387
15 0.188107 0.495161 0.041262 0.048387
15 0.106796 0.680645 0.033981 0.051613
15 0.138350 0.717742 0.043689 0.061290
15 0.241505 0.701613 0.036408 0.041935
15 0.133495 0.851613 0.043689 0.058065
15 0.024272 0.667742 0.043689 0.064516
15 0.041262 0.351613 0.038835 0.058065
15 0.199029 0.219355 0.048544 0.058065
15 0.279126 0.293548 0.038835 0.051613
15 0.336165 0.290323 0.041262 0.051613
15 0.463592 0.180645 0.038835 0.051613
15 0.695388 0.282258 0.036408 0.041935
15 0.734223 0.340323 0.046117 0.035484
15 0.819175 0.370968 0.021845 0.038710
15 0.848301 0.390323 0.016990 0.032258
15 0.890777 0.509677 0.019417 0.045161
15 0.868932 0.616129 0.029126 0.070968
15 0.816748 0.801613 0.026699 0.048387
15 0.890777 0.822581 0.033981 0.038710
15 0.802184 0.914516 0.036408 0.041935
15 0.730583 0.748387 0.033981 0.051613
15 0.649272 0.750000 0.046117 0.048387
15 0.526699 0.741935 0.048544 0.038710
