15 0.773466 0.706161 0.052347 0.066351
15 0.860108 0.661137 0.048736 0.052133
15 0.876354 0.591232 0.045126 0.054502
15 0.902527 0.409953 0.057762 0.056872
15 0.632671 0.667062 0.037906 0.078199
15 0.611913 0.542654 0.032491 0.028436
15 0.643502 0.450237 0.030686 0.033175
15 0.633574 0.330569 0.032491 0.063981
15 0.796029 0.347156 0.039711 0.073460
15 0.912455 0.171801 0.041516 0.049763
15 0.904332 0.240521 0.021661 0.030806
15 0.703069 0.178910 0.023466 0.040284
15 0.736462 0.049763 0.043321 0.047393
15 0.880866 0.082938 0.025271 0.028436
15 0.482852 0.216825 0.030686 0.049763
15 0.459386 0.103081 0.034296 0.040284
15 0.622744 0.223934 0.025271 0.035545
15 0.404332 0.409953 0.046931 0.047393
15 0.473827 0.425355 0.045126 0.030806
15 0.379964 0.543839 0.034296 0.045024
15 0.421480 0.669431 0.030686 0.049763
15 0.335740 0.757109 0.025271 0.030806
15 0.326715 0.869668 0.028881 0.042654
15 0.386282 0.958531 0.032491 0.030806
15 0.210289 0.947867 0.055957 0.042654
15 0.150722 0.886256 0.030686 0.042654
15 0.212094 0.806872 0.059567 0.059242
15 0.203069 0.670616 0.045126 0.052133
15 0.117329 0.578199 0.036101 0.042654
15 0.130866 0.475118 0.037906 0.045024
15 0.157040 0.277251 0.050542 0.056872
15 0.214801 0.271327 0.043321 0.059242
15 0.290614 0.104265 0.046931 0.042654
15 0.208484 0.110190 0.048736 0.045024
