15 0.323171 0.743764 0.048780 0.036281
15 0.410569 0.696145 0.036585 0.040816
15 0.521341 0.867347 0.063008 0.070295
15 0.595528 0.883220 0.036585 0.056689
15 0.730691 0.903628 0.046748 0.056689
15 0.464431 0.900227 0.050813 0.036281
15 0.128049 0.874150 0.032520 0.038549
15 0.045732 0.759637 0.030488 0.040816
15 0.071138 0.672336 0.044715 0.034014
15 0.162602 0.631519 0.028455 0.034014
15 0.315041 0.637188 0.040650 0.049887
15 0.406504 0.524943 0.052846 0.056689
15 0.485772 0.488662 0.052846 0.052154
15 0.293699 0.362812 0.042683 0.058957
15 0.344512 0.316327 0.038618 0.043084
15 0.368902 0.241497 0.054878 0.061224
15 0.507114 0.306122 0.038618 0.045351
15 0.712398 0.253968 0.038618 0.045351
15 0.634146 0.238095 0.044715 0.045351
15 0.257114 0.137188 0.034553 0.038549
15 0.196138 0.147392 0.034553 0.036281
15 0.200203 0.061224 0.042683 0.045351
15 0.281504 0.027211 0.038618 0.031746
15 0.328252 0.017007 0.018293 0.024943
15 0.347561 0.060091 0.040650 0.038549
15 0.650407 0.071429 0.036585 0.038549
15 0.678862 0.098639 0.036585 0.034014
15 0.885163 0.386621 0.038618 0.056689
15 0.932927 0.373016 0.052846 0.047619
15 0.697154 0.625850 0.052846 0.045351
15 0.972561 0.963719 0.054878 0.068027
15 0.213415 0.418367 0.048780 0.056689
15 0.091463 0.460317 0.032520 0.040816
15 0.127033 0.447846 0.034553 0.038549
15 0.083333 0.378685 0.036585 0.027211
15 0.530488 0.191610 0.048780 0.047619
15 0.554878 0.103175 0.056911 0.052154
