15 0.308197 0.396181 0.045902 0.066826
15 0.190164 0.517900 0.036066 0.052506
15 0.154098 0.552506 0.052459 0.069212
15 0.090984 0.653938 0.050820 0.076372
15 0.387705 0.712411 0.044262 0.073986
15 0.518033 0.786396 0.032787 0.040573
15 0.575410 0.737470 0.039344 0.057279
15 0.614754 0.605012 0.026230 0.031026
15 0.622131 0.658711 0.031148 0.042959
15 0.831967 0.815036 0.037705 0.059666
15 0.878689 0.914081 0.026230 0.033413
15 0.729508 0.622912 0.022951 0.038186
15 0.753279 0.579952 0.034426 0.042959
15 0.679508 0.570406 0.027869 0.038186
15 0.667213 0.433174 0.026230 0.040573
15 0.836066 0.394988 0.042623 0.045346
15 0.945082 0.600239 0.040984 0.050119
15 0.980328 0.626492 0.039344 0.069212
15 0.034426 0.110979 0.026230 0.045346
15 0.276230 0.837709 0.037705 0.062053
15 0.378689 0.914081 0.045902 0.066826
15 0.118033 0.954654 0.055738 0.066826
