15 0.518519 0.774112 0.029630 0.060914
15 0.586420 0.645939 0.056790 0.053299
15 0.491358 0.596447 0.049383 0.050761
15 0.332099 0.684010 0.046914 0.043147
15 0.376543 0.708122 0.027160 0.035533
15 0.430864 0.730964 0.037037 0.040609
15 0.598765 0.837563 0.037037 0.035533
15 0.609877 0.752538 0.044444 0.043147
15 0.656790 0.729695 0.034568 0.043147
15 0.560494 0.722081 0.044444 0.058376
15 0.764198 0.833756 0.041975 0.043147
15 0.834568 0.808376 0.044444 0.043147
15 0.859259 0.926396 0.044444 0.050761
15 0.765432 0.903553 0.044444 0.035533
15 0.761728 0.946701 0.032099 0.040609
15 0.798765 0.961929 0.027160 0.030457
15 0.702469 0.940355 0.041975 0.027919
15 0.701235 0.978426 0.044444 0.032995
15 0.591358 0.979695 0.032099 0.040609
15 0.544444 0.972081 0.061728 0.045685
15 0.486420 0.940355 0.044444 0.043147
15 0.439506 0.927665 0.039506 0.038071
15 0.387654 0.884518 0.069136 0.053299
15 0.898765 0.582487 0.069136 0.063452
15 0.345679 0.579949 0.054321 0.038071
15 0.283951 0.694162 0.064198 0.053299
15 0.154321 0.717005 0.037037 0.027919
15 0.218519 0.722081 0.027160 0.032995
15 0.213580 0.821066 0.051852 0.043147
15 0.239506 0.875635 0.024691 0.020305
15 0.222222 0.549492 0.044444 0.048223
15 0.137037 0.604061 0.046914 0.040609
15 0.112346 0.565990 0.046914 0.040609
15 0.067901 0.539340 0.046914 0.043147
15 0.146914 0.470812 0.046914 0.038071
15 0.191358 0.454315 0.041975 0.035533
15 0.356790 0.409898 0.051852 0.043147
15 0.397531 0.435279 0.054321 0.043147
15 0.441975 0.395939 0.039506 0.035533
15 0.709877 0.337563 0.032099 0.035533
15 0.740741 0.365482 0.039506 0.035533
15 0.766667 0.331218 0.032099 0.038071
15 0.375309 0.290609 0.064198 0.043147
15 0.335802 0.313452 0.034568 0.032995
15 0.277778 0.291878 0.051852 0.040609
15 0.200000 0.361675 0.044444 0.048223
15 0.260494 0.398477 0.051852 0.045685
15 0.125926 0.352792 0.054321 0.040609
15 0.098765 0.398477 0.059259 0.045685
15 0.044444 0.421320 0.054321 0.040609
15 0.340741 0.213198 0.039506 0.035533
15 0.580247 0.421320 0.039506 0.050761
15 0.483951 0.350254 0.064198 0.055838
15 0.519753 0.277919 0.051852 0.038071
15 0.533333 0.233503 0.034568 0.045685
15 0.459259 0.209391 0.049383 0.038071
15 0.420988 0.236041 0.066667 0.040609
15 0.576543 0.073604 0.032099 0.045685
15 0.791358 0.194162 0.051852 0.048223
15 0.919753 0.177665 0.037037 0.040609
15 0.823457 0.128173 0.056790 0.038071
15 0.675309 0.282995 0.071605 0.053299
