15 0.932500 0.787542 0.046667 0.044494
15 0.892500 0.879867 0.020000 0.022247
15 0.064167 0.743604 0.015000 0.010011
15 0.175417 0.685762 0.020833 0.012236
15 0.266250 0.676307 0.012500 0.013348
15 0.269167 0.660734 0.010000 0.011123
15 0.242083 0.650167 0.010833 0.012236
15 0.192500 0.664071 0.015000 0.013348
15 0.141667 0.703003 0.013333 0.008899
15 0.067083 0.687430 0.017500 0.013348
15 0.092083 0.566185 0.019167 0.024472
15 0.176250 0.558398 0.012500 0.015573
15 0.052917 0.568409 0.017500 0.020022
15 0.028333 0.558398 0.013333 0.017798
15 0.883750 0.730812 0.019167 0.022247
15 0.980833 0.815350 0.016667 0.015573
15 0.891667 0.648498 0.025000 0.028921
15 0.932917 0.022803 0.017500 0.014461
15 0.968750 0.138487 0.014167 0.018910
15 0.985833 0.104561 0.008333 0.011123
15 0.922500 0.098443 0.010000 0.010011
15 0.895000 0.091212 0.010000 0.006674
15 0.876667 0.116240 0.015000 0.012236
15 0.341250 0.104004 0.015833 0.012236
15 0.475000 0.374861 0.016667 0.013348
