15 0.286031 0.910282 0.079823 0.070565
15 0.347007 0.884073 0.068736 0.054435
15 0.402439 0.697581 0.082040 0.064516
15 0.615299 0.433468 0.073171 0.060484
15 0.297118 0.325605 0.053215 0.050403
15 0.535477 0.188508 0.086475 0.054435
15 0.835920 0.698589 0.039911 0.050403
15 0.902439 0.757056 0.039911 0.042339
15 0.696231 0.741935 0.048780 0.036290
15 0.685144 0.897177 0.048780 0.040323
15 0.723947 0.958669 0.033259 0.042339
15 0.056541 0.123992 0.064302 0.042339
15 0.253880 0.084677 0.073171 0.056452
