15 0.275281 0.545131 0.059390 0.064133
15 0.597111 0.477435 0.051364 0.076010
15 0.720706 0.413302 0.060995 0.095012
15 0.795345 0.572447 0.081862 0.090261
15 0.703852 0.760095 0.059390 0.061758
15 0.652488 0.795724 0.046549 0.061758
15 0.592295 0.769596 0.038523 0.052257
15 0.556982 0.853919 0.035313 0.059382
15 0.611557 0.906176 0.044944 0.049881
15 0.890851 0.805226 0.038523 0.052257
15 0.134831 0.704276 0.048154 0.054632
15 0.073034 0.733967 0.056180 0.090261
15 0.599518 0.210214 0.056180 0.087886
15 0.905297 0.445368 0.035313 0.054632
15 0.826645 0.353919 0.048154 0.061758
15 0.175762 0.294537 0.036918 0.047506
15 0.142857 0.477435 0.048154 0.057007
15 0.440610 0.285036 0.033708 0.061758
