15 0.532042 0.575212 0.050671 0.103814
15 0.350969 0.763771 0.031297 0.036017
15 0.381520 0.774364 0.035768 0.061441
15 0.378539 0.829449 0.041729 0.040254
15 0.244411 0.876059 0.044709 0.057203
15 0.102832 0.917373 0.047690 0.050847
15 0.154993 0.791314 0.041729 0.065678
15 0.205663 0.673729 0.029806 0.042373
15 0.142325 0.468220 0.034277 0.033898
15 0.279434 0.265890 0.037258 0.065678
15 0.456781 0.193856 0.031297 0.052966
15 0.496274 0.294492 0.035768 0.055085
15 0.666915 0.282839 0.046200 0.052966
15 0.696721 0.221398 0.031297 0.044492
15 0.729508 0.138771 0.028316 0.044492
15 0.383756 0.059322 0.034277 0.042373
15 0.436662 0.034958 0.026826 0.036017
15 0.903130 0.431144 0.023845 0.040254
15 0.834575 0.497881 0.044709 0.063559
15 0.766766 0.492585 0.058122 0.065678
15 0.779434 0.616525 0.041729 0.059322
15 0.467213 0.955508 0.025335 0.042373
