15 0.614341 0.555896 0.058140 0.082695
15 0.569121 0.555896 0.050388 0.076570
15 0.773256 0.812404 0.045220 0.053599
15 0.578811 0.810107 0.049096 0.042879
15 0.581395 0.896631 0.054264 0.050536
15 0.308140 0.702144 0.068475 0.068913
15 0.310724 0.441041 0.037468 0.039816
15 0.337855 0.471669 0.034884 0.042879
15 0.226744 0.294793 0.050388 0.050536
15 0.049742 0.055130 0.042636 0.045942
15 0.106589 0.384380 0.037468 0.052067
15 0.043282 0.436447 0.032300 0.049005
15 0.135659 0.519142 0.041344 0.036753
15 0.034238 0.736600 0.052972 0.064319
15 0.366279 0.830781 0.047804 0.062787
15 0.784238 0.919602 0.031008 0.047473
15 0.822351 0.899694 0.024548 0.041348
15 0.825581 0.834609 0.036176 0.042879
15 0.888889 0.570444 0.036176 0.038285
15 0.933463 0.513783 0.042636 0.038285
15 0.909561 0.468606 0.031008 0.027565
15 0.655685 0.228178 0.058140 0.058193
15 0.038760 0.956355 0.049096 0.047473
15 0.352067 0.954824 0.045220 0.038285
15 0.417959 0.944870 0.037468 0.033691
