15 0.501553 0.679124 0.043478 0.074742
15 0.844720 0.307990 0.043478 0.110825
15 0.299689 0.712629 0.049689 0.079897
15 0.333075 0.796392 0.035714 0.036082
15 0.297360 0.887887 0.029503 0.043814
15 0.181677 0.789948 0.034161 0.048969
15 0.138975 0.778351 0.032609 0.051546
15 0.062112 0.448454 0.046584 0.067010
15 0.235248 0.443299 0.054348 0.061856
15 0.194876 0.282216 0.038820 0.048969
15 0.421584 0.237113 0.038820 0.056701
15 0.069099 0.255155 0.029503 0.041237
15 0.090839 0.150773 0.032609 0.043814
15 0.029503 0.090206 0.031056 0.041237
15 0.125776 0.061856 0.043478 0.051546
