15 0.376059 0.694203 0.065678 0.078261
15 0.300847 0.765217 0.050847 0.052174
15 0.170551 0.794203 0.052966 0.063768
15 0.215042 0.952174 0.044492 0.049275
15 0.381356 0.527536 0.038136 0.063768
15 0.453390 0.547826 0.072034 0.069565
15 0.606992 0.484058 0.027542 0.057971
15 0.802966 0.502899 0.059322 0.072464
15 0.871822 0.542029 0.031780 0.052174
15 0.441737 0.394203 0.048729 0.052174
15 0.420551 0.278261 0.036017 0.040580
15 0.455508 0.186957 0.055085 0.066667
15 0.367585 0.082609 0.044492 0.055072
