15 0.262887 0.544753 0.055670 0.083333
15 0.375258 0.595679 0.028866 0.043210
15 0.418557 0.626543 0.041237 0.067901
15 0.337113 0.722222 0.059794 0.086420
15 0.454639 0.726852 0.030928 0.033951
15 0.531959 0.658951 0.053608 0.083333
15 0.480412 0.557099 0.041237 0.052469
15 0.548454 0.260802 0.057732 0.083333
15 0.450515 0.310185 0.030928 0.058642
15 0.294845 0.231481 0.057732 0.074074
15 0.375258 0.101852 0.070103 0.067901
15 0.091753 0.594136 0.047423 0.070988
15 0.160825 0.595679 0.041237 0.086420
15 0.062887 0.750000 0.039175 0.049383
15 0.122680 0.865741 0.043299 0.058642
15 0.154639 0.910494 0.037113 0.055556
15 0.412371 0.862654 0.049485 0.064815
15 0.658763 0.739198 0.035052 0.058642
15 0.877320 0.462963 0.035052 0.067901
15 0.909278 0.527778 0.037113 0.061728
15 0.828866 0.243827 0.049485 0.074074
15 0.925773 0.313272 0.037113 0.064815
