15 0.208537 0.727273 0.051220 0.066667
15 0.281707 0.834848 0.051220 0.057576
15 0.224390 0.886364 0.048780 0.051515
15 0.424390 0.703030 0.039024 0.060606
15 0.375610 0.684848 0.034146 0.036364
15 0.196341 0.456061 0.046341 0.069697
15 0.525610 0.253030 0.041463 0.045455
15 0.464634 0.493939 0.056098 0.072727
15 0.551220 0.489394 0.034146 0.051515
15 0.391463 0.451515 0.041463 0.060606
15 0.326829 0.445455 0.043902 0.054545
15 0.360976 0.374242 0.043902 0.045455
15 0.237805 0.245455 0.056098 0.042424
15 0.150000 0.283333 0.051220 0.051515
15 0.121951 0.209091 0.053659 0.060606
15 0.086585 0.042424 0.056098 0.054545
15 0.078049 0.346970 0.048780 0.051515
15 0.676829 0.309091 0.051220 0.048485
15 0.885366 0.115152 0.063415 0.054545
15 0.941463 0.303030 0.063415 0.078788
15 0.723171 0.736364 0.060976 0.060606
15 0.636585 0.842424 0.043902 0.048485
15 0.571951 0.759091 0.051220 0.051515
15 0.626829 0.953030 0.043902 0.051515
15 0.771951 0.865152 0.036585 0.063636
15 0.798780 0.909091 0.041463 0.048485
15 0.931707 0.810606 0.053659 0.075758
15 0.882927 0.656061 0.058537 0.045455
