15 0.200833 0.520626 0.081667 0.108108
15 0.730000 0.699858 0.015000 0.022760
15 0.737083 0.677098 0.014167 0.022760
15 0.747500 0.668563 0.006667 0.017070
15 0.752917 0.652916 0.007500 0.014225
15 0.759167 0.646515 0.006667 0.012802
15 0.757917 0.621622 0.009167 0.017070
15 0.762083 0.611664 0.005833 0.014225
15 0.767917 0.613798 0.004167 0.009957
15 0.680417 0.665007 0.012500 0.018492
15 0.726667 0.635135 0.018333 0.021337
15 0.737083 0.569701 0.015833 0.024182
15 0.716667 0.598151 0.008333 0.024182
15 0.699583 0.598151 0.010833 0.018492
15 0.656250 0.683499 0.015833 0.018492
15 0.643333 0.693457 0.015000 0.018492
15 0.635000 0.709815 0.010000 0.019915
15 0.644583 0.741110 0.009167 0.014225
15 0.657500 0.743954 0.010000 0.019915
15 0.669583 0.724751 0.015833 0.018492
15 0.661250 0.704836 0.009167 0.015647
15 0.618750 0.733997 0.010833 0.025605
15 0.611667 0.704125 0.011667 0.025605
15 0.601667 0.673542 0.013333 0.024182
15 0.611250 0.660028 0.015833 0.031294
15 0.585000 0.591750 0.013333 0.025605
15 0.606250 0.551920 0.012500 0.031294
15 0.622500 0.573257 0.008333 0.019915
15 0.664167 0.532006 0.010000 0.017070
15 0.680000 0.516358 0.013333 0.017070
15 0.686667 0.501422 0.010000 0.018492
15 0.692917 0.494310 0.009167 0.015647
15 0.704583 0.482219 0.014167 0.019915
15 0.695417 0.467994 0.010833 0.011380
15 0.621667 0.509957 0.011667 0.024182
15 0.631250 0.495021 0.010833 0.019915
15 0.654583 0.428165 0.010833 0.019915
15 0.632083 0.450925 0.012500 0.019915
15 0.569167 0.546230 0.011667 0.025605
15 0.654583 0.819346 0.017500 0.025605
15 0.641250 0.784495 0.012500 0.021337
15 0.652917 0.785917 0.012500 0.027027
15 0.626250 0.782361 0.014167 0.034139
15 0.704583 0.804410 0.010833 0.021337
15 0.679167 0.809388 0.008333 0.014225
15 0.682500 0.773115 0.011667 0.021337
15 0.717083 0.761735 0.010833 0.021337
15 0.730833 0.767425 0.008333 0.021337
15 0.727500 0.744666 0.008333 0.021337
15 0.738333 0.756757 0.006667 0.014225
15 0.696667 0.849218 0.006667 0.014225
15 0.707083 0.862731 0.010833 0.027027
15 0.690000 0.881935 0.015000 0.025605
15 0.727500 0.847795 0.010000 0.022760
15 0.737083 0.812233 0.012500 0.019915
15 0.755000 0.819346 0.015000 0.019915
15 0.675417 0.913940 0.012500 0.021337
15 0.782500 0.772404 0.026667 0.045519
15 0.831250 0.852063 0.014167 0.022760
15 0.814583 0.906828 0.009167 0.012802
15 0.809167 0.884068 0.011667 0.018492
15 0.815000 0.847795 0.010000 0.014225
15 0.820833 0.830014 0.010000 0.015647
15 0.638333 0.650071 0.018333 0.025605
15 0.632083 0.623044 0.017500 0.022760
15 0.657917 0.591750 0.014167 0.017070
15 0.658333 0.608108 0.011667 0.018492
15 0.668750 0.609531 0.012500 0.015647
15 0.662917 0.640825 0.022500 0.032717
15 0.679167 0.630868 0.006667 0.015647
15 0.700000 0.632290 0.011667 0.021337
15 0.682500 0.556899 0.010000 0.021337
15 0.508333 0.630868 0.015000 0.024182
15 0.515417 0.490043 0.010833 0.015647
15 0.535833 0.460882 0.010000 0.014225
15 0.515833 0.454481 0.016667 0.012802
15 0.522500 0.439545 0.008333 0.014225
15 0.531667 0.413940 0.006667 0.017070
15 0.541667 0.396159 0.011667 0.012802
15 0.538750 0.377667 0.010833 0.015647
15 0.564583 0.395448 0.007500 0.014225
15 0.563750 0.406117 0.009167 0.009957
15 0.575833 0.424609 0.008333 0.009957
15 0.564167 0.424609 0.008333 0.012802
15 0.562917 0.448080 0.009167 0.014225
15 0.568333 0.359886 0.011667 0.011380
15 0.563750 0.346373 0.007500 0.018492
15 0.578333 0.297297 0.008333 0.014225
15 0.588750 0.286629 0.005833 0.012802
15 0.591250 0.298720 0.005833 0.011380
15 0.590833 0.325747 0.010000 0.017070
15 0.593750 0.346373 0.007500 0.015647
15 0.604583 0.340683 0.005833 0.009957
15 0.621250 0.275249 0.009167 0.012802
15 0.609583 0.276671 0.010833 0.015647
15 0.612917 0.323613 0.007500 0.015647
15 0.626667 0.324324 0.008333 0.017070
15 0.637500 0.312233 0.006667 0.012802
15 0.673750 0.370555 0.014167 0.027027
15 0.622917 0.405405 0.020833 0.028450
15 0.595000 0.480085 0.016667 0.015647
15 0.590833 0.508535 0.013333 0.012802
15 0.580000 0.258179 0.018333 0.021337
15 0.595417 0.177809 0.015833 0.025605
15 0.608333 0.167141 0.015000 0.021337
15 0.625417 0.156472 0.012500 0.019915
15 0.546250 0.216927 0.019167 0.024182
15 0.510000 0.345661 0.013333 0.019915
15 0.548333 0.333570 0.015000 0.021337
15 0.473750 0.347795 0.015833 0.021337
15 0.490417 0.332859 0.015833 0.017070
15 0.526250 0.318634 0.007500 0.011380
15 0.536250 0.254623 0.010833 0.019915
15 0.464583 0.063300 0.010833 0.018492
15 0.471667 0.050498 0.011667 0.018492
15 0.478333 0.065434 0.008333 0.014225
15 0.499167 0.039829 0.015000 0.022760
15 0.793750 0.161451 0.005833 0.018492
15 0.813333 0.170697 0.016667 0.025605
15 0.917917 0.392603 0.012500 0.019915
15 0.925417 0.368421 0.007500 0.014225
15 0.925833 0.349218 0.013333 0.015647
15 0.856667 0.389047 0.010000 0.015647
15 0.842500 0.167141 0.021667 0.038407
15 0.959583 0.465861 0.009167 0.024182
15 0.980417 0.402560 0.010833 0.011380
15 0.974583 0.428876 0.009167 0.018492
15 0.823333 0.958748 0.008333 0.017070
15 0.800000 0.960882 0.010000 0.015647
15 0.731250 0.981508 0.010833 0.014225
15 0.623333 0.963016 0.013333 0.017070
15 0.902500 0.960171 0.010000 0.014225
15 0.859583 0.987198 0.014167 0.017070
15 0.838333 0.905405 0.010000 0.015647
15 0.908333 0.741821 0.028333 0.052632
15 0.155833 0.157183 0.020000 0.027027
15 0.142083 0.196302 0.020833 0.028450
15 0.037500 0.169986 0.018333 0.027027
15 0.016250 0.143670 0.012500 0.022760
15 0.007500 0.165007 0.011667 0.017070
15 0.004583 0.123755 0.007500 0.025605
15 0.030833 0.095306 0.010000 0.014225
15 0.022083 0.079659 0.015833 0.014225
15 0.084583 0.061166 0.007500 0.011380
15 0.111667 0.073257 0.013333 0.018492
15 0.099167 0.089616 0.008333 0.017070
15 0.125833 0.130868 0.011667 0.017070
15 0.106667 0.156472 0.008333 0.017070
15 0.173750 0.182788 0.009167 0.027027
15 0.182917 0.167852 0.009167 0.019915
15 0.041667 0.616643 0.016667 0.027027
15 0.011250 0.668563 0.007500 0.022760
15 0.026250 0.637980 0.017500 0.021337
15 0.008333 0.625178 0.011667 0.015647
15 0.010000 0.607397 0.008333 0.014225
15 0.008333 0.591750 0.008333 0.017070
15 0.016667 0.583215 0.008333 0.019915
15 0.040000 0.572546 0.010000 0.015647
15 0.031250 0.739687 0.022500 0.051209
15 0.018333 0.847084 0.020000 0.046942
15 0.036250 0.973684 0.019167 0.029872
15 0.083750 0.950213 0.012500 0.019915
15 0.081667 0.972262 0.016667 0.018492
15 0.054583 0.939545 0.015833 0.024182
15 0.054583 0.838549 0.014167 0.021337
15 0.097083 0.805832 0.015833 0.015647
15 0.170417 0.701280 0.017500 0.031294
15 0.135833 0.916785 0.008333 0.018492
15 0.143750 0.905405 0.009167 0.012802
15 0.137917 0.887624 0.009167 0.017070
15 0.470000 0.886202 0.015000 0.025605
15 0.514167 0.896871 0.008333 0.018492
15 0.529167 0.888336 0.008333 0.012802
15 0.527500 0.852774 0.015000 0.021337
15 0.489583 0.918919 0.009167 0.014225
15 0.465833 0.948080 0.008333 0.009957
15 0.395833 0.926031 0.008333 0.014225
15 0.398333 0.958748 0.011667 0.014225
15 0.397083 0.883357 0.012500 0.022760
15 0.428750 0.873400 0.009167 0.011380
15 0.335417 0.967283 0.012500 0.022760
15 0.330417 0.920341 0.014167 0.017070
15 0.229583 0.075391 0.020833 0.025605
15 0.353333 0.027738 0.011667 0.021337
15 0.390417 0.017781 0.017500 0.024182
15 0.441667 0.030583 0.013333 0.018492
15 0.462083 0.022048 0.010833 0.021337
15 0.288333 0.824324 0.013333 0.021337
15 0.210417 0.871977 0.017500 0.019915
15 0.236250 0.957326 0.012500 0.019915
15 0.558750 0.689900 0.014167 0.022760
15 0.490417 0.445235 0.017500 0.028450
15 0.480417 0.401849 0.009167 0.021337
15 0.537083 0.280228 0.009167 0.019915
15 0.559167 0.284495 0.008333 0.017070
15 0.515000 0.283073 0.006667 0.017070
15 0.315833 0.049075 0.011667 0.018492
