16 0.637190 0.649522 0.051240 0.069378
16 0.233058 0.771531 0.049587 0.021531
16 0.219008 0.882775 0.061157 0.057416
16 0.128099 0.797847 0.047934 0.064593
16 0.139669 0.520335 0.067769 0.064593
16 0.147107 0.438995 0.033058 0.031100
16 0.181818 0.389952 0.056198 0.086124
16 0.233058 0.360048 0.066116 0.064593
16 0.272727 0.456938 0.049587 0.076555
16 0.338843 0.325359 0.039669 0.043062
16 0.386777 0.339713 0.052893 0.095694
16 0.392562 0.208134 0.031405 0.033493
16 0.426446 0.198565 0.023140 0.033493
16 0.457851 0.117225 0.029752 0.047847
16 0.543802 0.107656 0.029752 0.090909
