15 0.611212 0.839152 0.065099 0.067332
15 0.564195 0.921446 0.050633 0.047382
15 0.494575 0.875312 0.052441 0.059850
15 0.514467 0.612219 0.063291 0.112219
15 0.390597 0.708229 0.032550 0.039900
15 0.413201 0.450125 0.034358 0.047382
15 0.196203 0.436409 0.037975 0.039900
15 0.126582 0.672070 0.039783 0.057357
15 0.181736 0.673317 0.034358 0.039900
15 0.253165 0.928928 0.047016 0.052369
15 0.161844 0.256858 0.045208 0.064838
15 0.323689 0.256858 0.039783 0.069825
15 0.379747 0.199501 0.039783 0.059850
15 0.504521 0.183292 0.039783 0.062344
15 0.296564 0.059850 0.036166 0.049875
15 0.224231 0.163342 0.039783 0.057357
15 0.197107 0.041147 0.032550 0.052369
15 0.067812 0.236908 0.030741 0.049875
15 0.042495 0.374065 0.019892 0.049875
15 0.128391 0.396509 0.021700 0.049875
15 0.029837 0.522444 0.027125 0.052369
15 0.152803 0.527431 0.048825 0.062344
