15 0.167053 0.622483 0.064965 0.083893
15 0.069606 0.662752 0.060325 0.063758
15 0.041763 0.531879 0.027842 0.057047
15 0.529002 0.521812 0.046404 0.077181
15 0.503480 0.327181 0.060325 0.077181
15 0.352668 0.360738 0.051044 0.057047
15 0.250580 0.449664 0.046404 0.067114
15 0.139211 0.268456 0.055684 0.053691
15 0.192575 0.221477 0.055684 0.060403
15 0.243619 0.132550 0.083527 0.057047
15 0.415313 0.104027 0.051044 0.060403
15 0.602088 0.156040 0.044084 0.057047
15 0.641531 0.087248 0.053364 0.060403
15 0.693735 0.432886 0.037123 0.080537
15 0.756381 0.538591 0.060325 0.083893
15 0.936195 0.338926 0.034803 0.060403
