15 0.383162 0.655140 0.051546 0.057944
15 0.364261 0.570093 0.041237 0.033645
15 0.258591 0.464486 0.029210 0.031776
15 0.276632 0.256075 0.051546 0.059813
15 0.493986 0.343925 0.042955 0.059813
15 0.554124 0.359813 0.042955 0.061682
15 0.667526 0.413084 0.046392 0.063551
15 0.762887 0.628037 0.034364 0.067290
15 0.862543 0.608411 0.041237 0.042991
15 0.835052 0.214953 0.048110 0.063551
15 0.049828 0.821495 0.054983 0.057944
15 0.613402 0.595327 0.034364 0.028037
15 0.548969 0.588785 0.036082 0.033645
15 0.774055 0.867290 0.025773 0.022430
15 0.821306 0.884112 0.020619 0.029907
