15 0.143008 0.585339 0.052966 0.054705
15 0.375000 0.243982 0.067797 0.054705
15 0.059322 0.321663 0.046610 0.056893
15 0.502119 0.759300 0.050847 0.074398
15 0.569915 0.714442 0.038136 0.041575
15 0.598517 0.800875 0.031780 0.039387
15 0.654661 0.852298 0.046610 0.050328
15 0.725636 0.888403 0.057203 0.056893
15 0.868644 0.931072 0.038136 0.037199
15 0.851695 0.494530 0.038136 0.048140
15 0.919492 0.608315 0.050847 0.065646
15 0.505297 0.075492 0.048729 0.059081
15 0.231992 0.128009 0.057203 0.045952
15 0.171610 0.029540 0.055085 0.041575
