15 0.786424 0.896709 0.043046 0.038391
15 0.739238 0.915905 0.024834 0.032907
15 0.668874 0.917733 0.039735 0.032907
15 0.638245 0.955210 0.034768 0.031079
15 0.589404 0.933272 0.043046 0.034735
15 0.608444 0.879342 0.038079 0.036563
15 0.557947 0.886654 0.046358 0.040219
15 0.574503 0.836380 0.023179 0.023766
15 0.519040 0.875686 0.021523 0.040219
15 0.490066 0.906764 0.033113 0.040219
15 0.516556 0.940585 0.026490 0.031079
15 0.504967 0.972578 0.033113 0.029250
15 0.461921 0.973492 0.043046 0.038391
15 0.370861 0.829982 0.046358 0.047532
15 0.435430 0.757770 0.059603 0.078611
15 0.467715 0.664534 0.054636 0.063985
15 0.541391 0.732176 0.026490 0.053016
15 0.567881 0.771481 0.039735 0.043876
15 0.603477 0.704753 0.038079 0.049360
15 0.750828 0.825411 0.041391 0.056673
15 0.784768 0.732176 0.029801 0.042048
15 0.796358 0.776965 0.029801 0.032907
15 0.823675 0.757770 0.028146 0.045704
15 0.846026 0.824497 0.023179 0.032907
15 0.885762 0.811700 0.026490 0.032907
15 0.323675 0.787020 0.041391 0.042048
15 0.330298 0.666362 0.038079 0.045704
15 0.341060 0.590494 0.023179 0.058501
15 0.370861 0.571298 0.029801 0.045704
15 0.414735 0.579525 0.038079 0.054845
15 0.433775 0.518282 0.033113 0.042048
15 0.506623 0.564899 0.036424 0.032907
15 0.562914 0.552102 0.023179 0.043876
15 0.626656 0.606947 0.044702 0.047532
15 0.677980 0.561243 0.021523 0.065814
15 0.733444 0.480804 0.036424 0.025594
15 0.759106 0.481718 0.021523 0.031079
15 0.755795 0.521938 0.028146 0.038391
15 0.796358 0.451554 0.023179 0.029250
15 0.817053 0.478976 0.031457 0.040219
15 0.884106 0.464351 0.033113 0.036563
15 0.937914 0.470750 0.018212 0.027422
15 0.959437 0.525594 0.034768 0.045704
15 0.872517 0.559415 0.033113 0.025594
15 0.849338 0.605119 0.023179 0.029250
15 0.922185 0.641682 0.029801 0.040219
15 0.980132 0.600548 0.033113 0.023766
15 0.695364 0.707495 0.039735 0.054845
15 0.821192 0.671846 0.023179 0.038391
15 0.776490 0.617916 0.019868 0.025594
15 0.296358 0.581353 0.039735 0.036563
15 0.254967 0.610603 0.036424 0.029250
15 0.198675 0.603291 0.029801 0.032907
15 0.374172 0.356490 0.033113 0.051188
15 0.442881 0.309872 0.034768 0.034735
15 0.485099 0.334552 0.029801 0.036563
15 0.477649 0.388483 0.031457 0.027422
15 0.653974 0.414991 0.029801 0.032907
15 0.610099 0.283364 0.051325 0.043876
15 0.728477 0.258684 0.026490 0.031079
15 0.725993 0.356490 0.031457 0.032907
15 0.774834 0.376600 0.029801 0.029250
15 0.270695 0.398537 0.031457 0.032907
15 0.201987 0.425960 0.033113 0.021938
15 0.201159 0.468007 0.031457 0.025594
15 0.193709 0.510055 0.036424 0.025594
15 0.236755 0.502742 0.029801 0.032907
15 0.115066 0.449726 0.051325 0.051188
15 0.185430 0.387569 0.036424 0.040219
15 0.134934 0.320841 0.031457 0.038391
15 0.120861 0.274223 0.023179 0.029250
15 0.182119 0.265082 0.029801 0.029250
15 0.197848 0.297075 0.024834 0.038391
15 0.302980 0.298903 0.039735 0.031079
15 0.519040 0.468921 0.031457 0.042048
15 0.552152 0.395795 0.024834 0.034735
15 0.552152 0.297075 0.024834 0.038391
15 0.533113 0.270567 0.036424 0.043876
15 0.125000 0.211152 0.031457 0.038391
15 0.067053 0.359232 0.018212 0.045704
15 0.020695 0.305302 0.038079 0.058501
15 0.461093 0.874771 0.028146 0.042048
15 0.428808 0.858318 0.019868 0.031079
15 0.646523 0.830896 0.041391 0.042048
