15 0.673258 0.973968 0.054614 0.048474
15 0.702448 0.901257 0.071563 0.061041
15 0.661959 0.863555 0.062147 0.046679
15 0.720339 0.850090 0.043315 0.048474
15 0.800377 0.860862 0.045198 0.044883
15 0.606403 0.884201 0.052731 0.048474
15 0.564030 0.856373 0.054614 0.039497
15 0.590395 0.780969 0.043315 0.043088
15 0.513183 0.781867 0.080979 0.055655
15 0.562147 0.741472 0.054614 0.039497
15 0.435028 0.741472 0.048964 0.043088
15 0.512241 0.649013 0.045198 0.048474
15 0.577213 0.607720 0.035782 0.037702
15 0.593220 0.672352 0.037665 0.052065
15 0.621469 0.619390 0.041431 0.043088
15 0.655367 0.618492 0.041431 0.048474
15 0.698682 0.592460 0.033898 0.028725
15 0.835217 0.657989 0.069680 0.070018
15 0.747646 0.681329 0.033898 0.070018
15 0.687382 0.680431 0.045198 0.046679
15 0.700565 0.725314 0.030132 0.043088
15 0.748588 0.767504 0.047081 0.048474
15 0.849341 0.779174 0.037665 0.032316
15 0.445386 0.642729 0.058380 0.050269
15 0.364407 0.642729 0.035782 0.039497
15 0.323917 0.677738 0.048964 0.041293
15 0.265537 0.577199 0.037665 0.055655
15 0.265537 0.524237 0.041431 0.039497
15 0.241996 0.487433 0.047081 0.034111
15 0.337100 0.496409 0.067797 0.044883
15 0.386064 0.558348 0.037665 0.043088
15 0.417137 0.542190 0.035782 0.039497
15 0.490584 0.503591 0.062147 0.048474
15 0.584746 0.488330 0.043315 0.043088
15 0.589454 0.537702 0.056497 0.041293
15 0.641243 0.461400 0.039548 0.039497
15 0.764595 0.409336 0.048964 0.057451
15 0.721281 0.509874 0.052731 0.050269
15 0.814501 0.463196 0.028249 0.025135
15 0.832392 0.431777 0.037665 0.034111
15 0.855932 0.379713 0.028249 0.037702
15 0.896422 0.393178 0.041431 0.028725
15 0.906780 0.657989 0.039548 0.077199
15 0.367232 0.449731 0.056497 0.048474
15 0.473635 0.442549 0.099812 0.041293
15 0.608286 0.406643 0.075330 0.052065
15 0.803202 0.284560 0.062147 0.062837
15 0.489642 0.297127 0.033898 0.044883
15 0.431262 0.363555 0.052731 0.037702
15 0.345574 0.347397 0.043315 0.030521
15 0.357815 0.394075 0.048964 0.055655
15 0.303202 0.406643 0.052731 0.041293
15 0.251412 0.357271 0.054614 0.039497
15 0.188324 0.319569 0.048964 0.032316
15 0.133710 0.381508 0.052731 0.041293
15 0.076271 0.276481 0.065913 0.053860
15 0.335217 0.222621 0.033898 0.039497
15 0.369115 0.282765 0.056497 0.044883
15 0.453861 0.175943 0.060264 0.061041
15 0.826742 0.188510 0.052731 0.046679
15 0.870056 0.118492 0.048964 0.053860
15 0.897363 0.182226 0.043315 0.052065
15 0.939736 0.150808 0.041431 0.039497
15 0.703390 0.064632 0.065913 0.061041
15 0.542373 0.052962 0.060264 0.034111
15 0.532015 0.113106 0.043315 0.039497
15 0.389831 0.093357 0.071563 0.050269
15 0.325800 0.135548 0.052731 0.041293
15 0.196798 0.144524 0.103578 0.098743
15 0.094162 0.147217 0.037665 0.043088
15 0.163842 0.020646 0.045198 0.026930
15 0.530132 0.350987 0.047081 0.048474
15 0.624294 0.331239 0.073446 0.062837
15 0.842750 0.526032 0.047081 0.057451
