15 0.232447 0.664804 0.032979 0.041899
15 0.245213 0.615223 0.035106 0.040503
15 0.369149 0.600559 0.044681 0.053073
15 0.362766 0.534218 0.038298 0.046089
15 0.618085 0.781425 0.031915 0.060056
15 0.696809 0.828911 0.034043 0.046089
15 0.803191 0.737430 0.048936 0.039106
15 0.709574 0.647346 0.040426 0.068436
15 0.670213 0.629888 0.021277 0.047486
15 0.640957 0.542598 0.026596 0.048883
15 0.761702 0.485335 0.027660 0.040503
15 0.843617 0.521648 0.038298 0.057263
15 0.097872 0.742318 0.044681 0.048883
15 0.047872 0.797486 0.029787 0.039106
15 0.123936 0.830307 0.041489 0.043296
15 0.017021 0.930168 0.014894 0.030726
15 0.042553 0.976955 0.023404 0.023743
15 0.205319 0.977654 0.029787 0.044693
15 0.383511 0.930866 0.028723 0.040503
15 0.605319 0.917598 0.031915 0.041899
15 0.935638 0.895251 0.045745 0.050279
15 0.974468 0.926676 0.027660 0.043296
15 0.534043 0.408520 0.038298 0.068436
15 0.566489 0.377793 0.020213 0.037709
15 0.438298 0.300978 0.053191 0.060056
15 0.338298 0.316341 0.034043 0.054469
15 0.269149 0.381285 0.021277 0.053073
15 0.091489 0.360335 0.038298 0.064246
15 0.088298 0.240223 0.046809 0.053073
15 0.298404 0.238128 0.020213 0.029330
15 0.460638 0.096369 0.029787 0.044693
15 0.661702 0.253492 0.023404 0.054469
15 0.689362 0.278631 0.025532 0.062849
15 0.730851 0.342179 0.038298 0.044693
15 0.764362 0.386173 0.024468 0.051676
15 0.828723 0.388268 0.040426 0.072626
15 0.914894 0.339385 0.038298 0.044693
15 0.709043 0.377793 0.015957 0.037709
15 0.735106 0.450419 0.021277 0.051676
15 0.593617 0.156425 0.044681 0.058659
15 0.626064 0.182961 0.037234 0.041899
15 0.557979 0.048883 0.037234 0.058659
15 0.496277 0.034218 0.037234 0.040503
15 0.639894 0.039106 0.037234 0.058659
15 0.746809 0.043296 0.023404 0.044693
15 0.820213 0.212989 0.040426 0.071229
15 0.909043 0.639665 0.015957 0.053073
15 0.847340 0.648743 0.028723 0.034916
