15 0.548528 0.853261 0.022542 0.032609
15 0.272699 0.738294 0.028178 0.030100
15 0.363807 0.838211 0.027552 0.027592
15 0.227927 0.893813 0.023795 0.025084
15 0.260488 0.913462 0.017533 0.025920
15 0.134314 0.888378 0.019411 0.024247
15 0.200376 0.865803 0.025047 0.029264
15 0.110833 0.798495 0.022542 0.020067
15 0.152160 0.729515 0.018785 0.017559
15 0.180025 0.702341 0.018159 0.016722
15 0.538510 0.673913 0.021290 0.025084
15 0.550094 0.704013 0.011897 0.015050
15 0.144959 0.574415 0.019411 0.016722
15 0.118347 0.558110 0.020038 0.017559
15 0.165936 0.493311 0.018785 0.015050
15 0.245460 0.464465 0.015028 0.014214
15 0.447088 0.460284 0.011271 0.017559
15 0.462430 0.469482 0.006888 0.015886
15 0.468378 0.463211 0.008766 0.013378
15 0.404822 0.625418 0.020664 0.025084
15 0.425798 0.594064 0.013776 0.019231
15 0.375391 0.607023 0.019411 0.020067
15 0.319662 0.591973 0.019411 0.016722
15 0.284283 0.694816 0.013776 0.016722
15 0.749217 0.910117 0.024421 0.030936
15 0.806825 0.899666 0.024421 0.028428
15 0.811209 0.843227 0.023168 0.029264
15 0.066688 0.946488 0.041954 0.036789
15 0.035066 0.886706 0.018785 0.024247
15 0.019098 0.885033 0.010645 0.017559
15 0.078585 0.650920 0.020664 0.025920
15 0.106450 0.675167 0.013776 0.024247
15 0.152473 0.663043 0.023168 0.016722
15 0.042580 0.598244 0.015028 0.017559
15 0.070758 0.503344 0.022542 0.015050
15 0.190670 0.943562 0.041954 0.030936
15 0.460864 0.798495 0.040075 0.036789
