15 0.425816 0.666937 0.086053 0.056726
15 0.636499 0.667747 0.109792 0.045381
15 0.354599 0.586710 0.080119 0.045381
15 0.599407 0.452998 0.094955 0.053485
15 0.375371 0.393841 0.109792 0.035656
15 0.535608 0.329011 0.097923 0.058347
15 0.728487 0.387358 0.086053 0.051864
15 0.667656 0.285251 0.077151 0.051864
15 0.854599 0.226094 0.118694 0.040519
15 0.275964 0.217180 0.130564 0.051864
15 0.356083 0.064830 0.083086 0.058347
15 0.123145 0.739870 0.086053 0.037277
15 0.086053 0.675041 0.077151 0.040519
15 0.443620 0.826580 0.080119 0.064830
15 0.787834 0.575365 0.074184 0.048622
15 0.749258 0.722042 0.091988 0.056726
15 0.581602 0.735818 0.071217 0.045381
15 0.390208 0.707455 0.121662 0.050243
15 0.181009 0.326580 0.100890 0.043760
