15 0.523511 0.517056 0.075235 0.057451
15 0.460815 0.524237 0.056426 0.039497
15 0.399687 0.501795 0.047022 0.034111
15 0.416928 0.465889 0.043887 0.037702
15 0.366771 0.364452 0.050157 0.035907
15 0.128527 0.370736 0.081505 0.041293
15 0.233542 0.281867 0.059561 0.032316
15 0.283699 0.291741 0.053292 0.030521
15 0.340125 0.069120 0.084639 0.034111
15 0.489028 0.306104 0.100313 0.052065
15 0.703762 0.344704 0.078370 0.053860
15 0.495298 0.661580 0.050157 0.037702
15 0.514107 0.588869 0.068966 0.039497
15 0.736677 0.537702 0.056426 0.034111
15 0.855799 0.452424 0.050157 0.035907
15 0.935737 0.765709 0.072100 0.041293
15 0.540752 0.777379 0.078370 0.039497
15 0.564263 0.701975 0.068966 0.046679
15 0.173981 0.660682 0.072100 0.039497
15 0.064263 0.696589 0.065831 0.039497
15 0.128527 0.548474 0.056426 0.041293
15 0.040752 0.493716 0.050157 0.035907
15 0.200627 0.570916 0.043887 0.028725
15 0.177116 0.459605 0.072100 0.039497
15 0.318182 0.491921 0.053292 0.028725
15 0.302508 0.885099 0.078370 0.043088
15 0.550157 0.368043 0.065831 0.028725
15 0.349530 0.605925 0.090909 0.044883
