15 0.764559 0.355769 0.047589 0.032609
15 0.796493 0.388378 0.023795 0.020903
15 0.695679 0.402174 0.020038 0.020067
15 0.701941 0.444398 0.020038 0.022575
15 0.760175 0.403428 0.027552 0.017559
15 0.608641 0.377508 0.031309 0.025920
15 0.633688 0.370819 0.020038 0.015886
15 0.561365 0.329849 0.021916 0.019231
15 0.540388 0.346990 0.026299 0.016722
15 0.612711 0.336957 0.024421 0.018395
15 0.655604 0.323997 0.011271 0.010870
15 0.636819 0.328595 0.013776 0.010033
15 0.648716 0.343227 0.011271 0.012542
15 0.636819 0.355769 0.012523 0.010870
15 0.675642 0.344900 0.017533 0.014214
15 0.668754 0.356605 0.013776 0.009197
15 0.675329 0.368729 0.006888 0.006689
15 0.692235 0.375000 0.008140 0.010870
15 0.718222 0.365803 0.007514 0.009197
15 0.727927 0.351589 0.011897 0.010870
15 0.710708 0.354097 0.010019 0.014214
15 0.707264 0.329849 0.010645 0.010870
15 0.571071 0.312709 0.030056 0.020067
15 0.545398 0.286371 0.032561 0.017559
15 0.523482 0.299331 0.016281 0.011706
15 0.510645 0.311873 0.010645 0.015050
15 0.521916 0.315217 0.009393 0.015050
15 0.489981 0.336120 0.035692 0.020067
15 0.483719 0.276338 0.031935 0.019231
15 0.410457 0.339047 0.038197 0.022575
15 0.730745 0.440635 0.015028 0.015050
15 0.577019 0.362040 0.011897 0.013378
15 0.548842 0.383361 0.016907 0.014214
15 0.545085 0.318980 0.010645 0.012542
15 0.511897 0.277592 0.015654 0.013378
15 0.617095 0.305602 0.030683 0.019231
15 0.463056 0.319816 0.020664 0.009197
15 0.760175 0.681438 0.053851 0.063545
15 0.876644 0.521321 0.037570 0.042642
15 0.368190 0.359114 0.020038 0.010870
