15 0.563981 0.932238 0.042654 0.032854
15 0.516588 0.900411 0.042654 0.026694
15 0.518957 0.950719 0.047393 0.032854
15 0.427725 0.904517 0.059242 0.034908
15 0.446682 0.805955 0.054502 0.039014
15 0.533175 0.740246 0.052133 0.039014
15 0.270142 0.814168 0.066351 0.039014
15 0.318720 0.601643 0.054502 0.036961
15 0.697867 0.567762 0.054502 0.043121
15 0.772512 0.572895 0.066351 0.045175
15 0.640995 0.416838 0.049763 0.045175
15 0.738152 0.373717 0.059242 0.049281
15 0.838863 0.321355 0.075829 0.039014
15 0.864929 0.168378 0.052133 0.032854
15 0.494076 0.216632 0.063981 0.055441
15 0.234597 0.322382 0.080569 0.057495
15 0.081754 0.300821 0.068720 0.063655
