15 0.140576 0.957776 0.034440 0.044314
15 0.189731 0.749582 0.016281 0.025920
15 0.271133 0.758779 0.021290 0.022575
15 0.338447 0.795987 0.018159 0.021739
15 0.350657 0.902592 0.021290 0.024247
15 0.403882 0.978679 0.017533 0.022575
15 0.505009 0.957358 0.035692 0.055184
15 0.249843 0.840301 0.025047 0.023411
15 0.220100 0.793060 0.026925 0.027592
15 0.240138 0.759197 0.015654 0.023411
15 0.186287 0.720736 0.025673 0.018395
15 0.222605 0.712375 0.014402 0.020067
15 0.238259 0.687709 0.020664 0.029264
15 0.294615 0.703177 0.029430 0.028428
15 0.341578 0.694398 0.010645 0.015886
15 0.367251 0.688127 0.014402 0.021739
15 0.386976 0.642977 0.012523 0.018395
15 0.288979 0.607860 0.025673 0.021739
15 0.193488 0.573997 0.028804 0.022575
15 0.289919 0.963629 0.015028 0.019231
15 0.261428 0.933528 0.018159 0.015886
15 0.226675 0.954013 0.016281 0.016722
15 0.462743 0.849498 0.023795 0.020067
15 0.480589 0.824833 0.024421 0.022575
15 0.526612 0.844900 0.020038 0.024247
15 0.582342 0.821906 0.021290 0.020067
15 0.424233 0.776338 0.029430 0.019231
15 0.558547 0.783027 0.023795 0.034281
15 0.595805 0.743729 0.023168 0.034281
15 0.611772 0.779682 0.012523 0.020903
15 0.587977 0.872074 0.015028 0.016722
15 0.553538 0.900920 0.008766 0.014214
15 0.575767 0.927676 0.024421 0.034281
15 0.556669 0.965301 0.017533 0.024247
15 0.577646 0.655100 0.031935 0.044314
15 0.480276 0.569398 0.017533 0.023411
15 0.058234 0.831104 0.036318 0.033445
15 0.133062 0.449833 0.033187 0.035117
15 0.318096 0.459866 0.012523 0.016722
15 0.340639 0.461120 0.015028 0.017559
15 0.305573 0.491221 0.010019 0.017559
15 0.342204 0.518395 0.034440 0.045151
15 0.422354 0.462793 0.040701 0.044314
15 0.387602 0.420987 0.020038 0.030936
15 0.449280 0.336120 0.021916 0.026756
15 0.463369 0.380017 0.018785 0.024247
15 0.509080 0.360786 0.018785 0.022575
15 0.420476 0.358696 0.008140 0.015050
15 0.432686 0.360368 0.007514 0.015050
15 0.422041 0.381689 0.013776 0.015886
15 0.350344 0.320652 0.023168 0.027592
15 0.358798 0.272993 0.015028 0.024247
15 0.386036 0.262124 0.013150 0.022575
15 0.195679 0.286371 0.018159 0.024247
15 0.265185 0.310619 0.015654 0.017559
15 0.247026 0.183946 0.016907 0.023411
15 0.291797 0.270903 0.021290 0.025084
15 0.391359 0.210284 0.011271 0.022575
15 0.389480 0.189799 0.012523 0.018395
15 0.391985 0.158863 0.010019 0.011706
15 0.553225 0.453595 0.013150 0.019231
15 0.559800 0.407609 0.012523 0.020903
15 0.593300 0.414298 0.013150 0.019231
15 0.460551 0.074415 0.029430 0.041806
15 0.436130 0.076087 0.011897 0.015050
15 0.412962 0.109114 0.015654 0.024247
15 0.390420 0.068980 0.013150 0.017559
15 0.355667 0.143813 0.017533 0.026756
15 0.343770 0.138378 0.010019 0.020903
15 0.267689 0.079431 0.018159 0.025084
15 0.235128 0.080268 0.011897 0.023411
15 0.251096 0.032191 0.018785 0.015886
15 0.162805 0.048913 0.015028 0.022575
15 0.184721 0.130017 0.013776 0.019231
15 0.143081 0.280100 0.016907 0.018395
15 0.493112 0.162625 0.011897 0.017559
15 0.437070 0.155100 0.013776 0.015886
15 0.510332 0.117475 0.008766 0.015886
15 0.523795 0.134615 0.010645 0.015050
15 0.539449 0.170569 0.013150 0.018395
15 0.504696 0.158445 0.015028 0.014214
15 0.586725 0.278846 0.015028 0.015886
15 0.724796 0.038462 0.019411 0.020067
15 0.712586 0.074415 0.015028 0.016722
15 0.675016 0.071906 0.011271 0.015050
15 0.744834 0.351589 0.014402 0.017559
15 0.783657 0.343645 0.011897 0.013378
15 0.626800 0.351589 0.020038 0.027592
15 0.675329 0.676003 0.035692 0.057692
15 0.701315 0.658445 0.015028 0.025920
15 0.736694 0.673913 0.019411 0.026756
15 0.703507 0.584448 0.013150 0.021739
15 0.717282 0.593645 0.009393 0.015050
15 0.763306 0.569398 0.015028 0.023411
15 0.778647 0.539298 0.018159 0.025084
15 0.796807 0.518813 0.014402 0.019231
15 0.837195 0.525502 0.015028 0.022575
15 0.778334 0.593227 0.022542 0.025920
15 0.790545 0.646321 0.015654 0.021739
15 0.835942 0.597826 0.016281 0.023411
15 0.821227 0.658863 0.008140 0.023411
15 0.834690 0.664716 0.010019 0.016722
15 0.745460 0.695652 0.010645 0.013378
15 0.727301 0.750418 0.013150 0.015886
15 0.753914 0.769649 0.011271 0.017559
15 0.640263 0.890050 0.031935 0.044314
15 0.668441 0.910535 0.009393 0.011706
15 0.680025 0.922659 0.010019 0.014214
15 0.706637 0.838211 0.016907 0.020903
15 0.749843 0.896321 0.010645 0.015050
15 0.812461 0.884615 0.025673 0.031773
15 0.787727 0.841555 0.015028 0.014214
15 0.733563 0.979097 0.016907 0.021739
15 0.761428 0.974080 0.013776 0.016722
15 0.775830 0.991639 0.008766 0.016722
15 0.975892 0.884615 0.023168 0.028428
15 0.966187 0.854097 0.016281 0.019231
15 0.954289 0.843227 0.011271 0.017559
15 0.941766 0.825669 0.011271 0.014214
15 0.886976 0.663043 0.016907 0.020067
15 0.869443 0.667642 0.013150 0.014214
15 0.888228 0.683110 0.010645 0.011706
15 0.909831 0.706940 0.008766 0.012542
15 0.921102 0.688545 0.011271 0.014214
15 0.871321 0.486204 0.010645 0.015886
15 0.879148 0.533445 0.012523 0.020067
15 0.902630 0.530100 0.014402 0.013378
15 0.924233 0.606187 0.013776 0.016722
