15 0.207071 0.399853 0.080808 0.072165
15 0.106061 0.321797 0.080808 0.060383
15 0.365320 0.245214 0.097643 0.060383
15 0.675926 0.253314 0.038721 0.035346
15 0.730640 0.364507 0.033670 0.033873
15 0.878788 0.550074 0.063973 0.069219
15 0.728956 0.659794 0.063973 0.047128
15 0.622054 0.819588 0.085859 0.078056
15 0.703704 0.846834 0.053872 0.055965
15 0.287879 0.813697 0.070707 0.063328
15 0.429293 0.870398 0.101010 0.097202
15 0.144781 0.682622 0.043771 0.042710
15 0.257576 0.712077 0.060606 0.051546
15 0.845118 0.980118 0.060606 0.039764
15 0.700337 0.189985 0.026936 0.047128
15 0.845118 0.315169 0.020202 0.023564
15 0.808081 0.336524 0.016835 0.022091
15 0.941919 0.444035 0.021886 0.022091
