15 0.372017 0.683746 0.067245 0.038869
15 0.337310 0.725265 0.062907 0.037102
15 0.458785 0.695230 0.028200 0.030035
15 0.496746 0.713781 0.030369 0.021201
15 0.683297 0.656360 0.034707 0.033569
15 0.652928 0.752650 0.047722 0.028269
15 0.724512 0.743816 0.021692 0.024735
15 0.659436 0.803887 0.039046 0.024735
15 0.541215 0.795053 0.036876 0.031802
15 0.585683 0.863074 0.039046 0.022968
15 0.042299 0.903710 0.045553 0.047703
15 0.069414 0.469081 0.091106 0.090106
15 0.289588 0.362191 0.058568 0.053004
15 0.377440 0.123675 0.082430 0.056537
15 0.433839 0.227032 0.060738 0.047703
15 0.773319 0.550353 0.071584 0.058304
15 0.772234 0.226148 0.086768 0.091873
15 0.966377 0.891343 0.054230 0.044170
15 0.965293 0.930212 0.043384 0.044170
15 0.901302 0.948763 0.045553 0.038869
15 0.661605 0.901060 0.052061 0.042403
15 0.634490 0.954947 0.062907 0.037102
15 0.722343 0.979682 0.056399 0.040636
15 0.466377 0.470848 0.052061 0.044170
15 0.651844 0.503534 0.054230 0.038869
15 0.662690 0.466431 0.041215 0.035336
15 0.422993 0.425795 0.047722 0.031802
15 0.169197 0.378975 0.060738 0.037102
15 0.100868 0.320671 0.036876 0.030035
