15 0.108015 0.583194 0.033187 0.034281
15 0.049155 0.560619 0.040701 0.040970
15 0.232937 0.829849 0.036318 0.042642
15 0.121478 0.825251 0.045085 0.041806
15 0.185974 0.178930 0.016281 0.023411
15 0.292110 0.070652 0.016907 0.020903
15 0.313087 0.058528 0.013776 0.018395
15 0.288040 0.041388 0.013776 0.019231
15 0.298685 0.024666 0.013776 0.017559
15 0.677207 0.400920 0.019411 0.030936
15 0.724796 0.431856 0.021916 0.029264
15 0.746086 0.340719 0.023168 0.027592
15 0.768316 0.780100 0.017533 0.025084
15 0.793989 0.777592 0.016281 0.020067
15 0.786788 0.806438 0.016907 0.020903
15 0.111459 0.732023 0.022542 0.030936
15 0.039449 0.645067 0.015028 0.024247
15 0.528804 0.256271 0.023168 0.019231
15 0.150282 0.778428 0.020038 0.023411
15 0.128366 0.629599 0.017533 0.020067
15 0.110520 0.615385 0.019411 0.016722
15 0.785222 0.339465 0.016281 0.020067
15 0.786162 0.837375 0.016907 0.019231
15 0.639637 0.826505 0.011897 0.014214
