15 0.489975 0.646214 0.097744 0.070496
15 0.623434 0.606397 0.048872 0.069191
15 0.569549 0.363577 0.036341 0.048303
15 0.639724 0.363577 0.051378 0.045692
15 0.842732 0.546997 0.058897 0.073107
15 0.306391 0.712794 0.066416 0.070496
15 0.300752 0.469321 0.072682 0.082245
15 0.250627 0.546345 0.062657 0.071802
15 0.129073 0.387728 0.100251 0.073107
15 0.144110 0.221932 0.040100 0.039164
15 0.187343 0.250653 0.056391 0.062663
15 0.441729 0.920366 0.046366 0.060052
15 0.686090 0.830287 0.048872 0.052219
15 0.362782 0.855091 0.086466 0.046997
15 0.848371 0.737598 0.067669 0.070496
15 0.139724 0.654700 0.033835 0.043081
15 0.206767 0.697128 0.032581 0.028721
15 0.065789 0.453003 0.038847 0.044386
15 0.772556 0.329634 0.058897 0.071802
15 0.796992 0.245431 0.057644 0.052219
15 0.044486 0.152742 0.056391 0.049608
