15 0.510267 0.335987 0.071869 0.101911
15 0.761294 0.550955 0.062628 0.085987
15 0.869097 0.542994 0.093429 0.117834
15 0.961499 0.508758 0.040041 0.055732
15 0.341376 0.636943 0.072895 0.111465
15 0.240246 0.520701 0.061602 0.079618
15 0.091376 0.520701 0.047228 0.063694
15 0.141684 0.218949 0.139630 0.186306
15 0.284908 0.851115 0.062628 0.100318
15 0.055955 0.849522 0.068789 0.093949
15 0.540554 0.861465 0.050308 0.073248
15 0.589836 0.857484 0.050308 0.103503
15 0.870123 0.856688 0.099589 0.165605
15 0.960986 0.873408 0.034908 0.058917
15 0.599076 0.612261 0.044148 0.058917
15 0.641684 0.113057 0.086242 0.117834
15 0.600103 0.164013 0.050308 0.047771
