15 0.116689 0.415765 0.075984 0.083462
15 0.263908 0.474498 0.050204 0.046368
15 0.466079 0.489954 0.039349 0.055641
15 0.483039 0.555641 0.062415 0.054096
15 0.645862 0.632921 0.062415 0.063369
15 0.663501 0.738794 0.081411 0.074189
15 0.759837 0.654560 0.040706 0.063369
15 0.797829 0.657651 0.043419 0.063369
15 0.770014 0.398764 0.047490 0.071097
15 0.759837 0.498454 0.056988 0.051005
15 0.938263 0.482226 0.066486 0.068006
15 0.553596 0.125193 0.067843 0.080371
15 0.649254 0.159196 0.042062 0.049459
15 0.326323 0.153787 0.050204 0.051005
15 0.265943 0.547913 0.046133 0.041731
15 0.122117 0.710974 0.024423 0.027821
15 0.150611 0.741113 0.051560 0.051005
15 0.310041 0.935858 0.074627 0.063369
15 0.582768 0.881762 0.039349 0.041731
15 0.652646 0.904173 0.037992 0.046368
15 0.687924 0.908810 0.029851 0.046368
15 0.760516 0.897991 0.042062 0.049459
15 0.908412 0.911901 0.042062 0.030912
15 0.690638 0.953632 0.051560 0.046368
15 0.563094 0.463679 0.037992 0.043277
15 0.572592 0.275889 0.037992 0.038640
