15 0.536386 0.926638 0.096612 0.098291
15 0.142409 0.776353 0.058971 0.065527
15 0.558344 0.698006 0.052698 0.037037
15 0.446675 0.366809 0.062735 0.081197
15 0.188833 0.524217 0.036386 0.045584
15 0.178795 0.153846 0.043915 0.051282
15 0.064617 0.262821 0.038896 0.052707
15 0.062108 0.034900 0.056462 0.049858
15 0.393977 0.101140 0.060226 0.062678
15 0.648683 0.121083 0.045169 0.059829
15 0.870138 0.266382 0.033877 0.039886
15 0.920326 0.262821 0.036386 0.044160
15 0.791719 0.439459 0.035132 0.049858
15 0.673777 0.459402 0.040151 0.029915
15 0.610414 0.435897 0.111669 0.111111
15 0.022585 0.914530 0.042660 0.085470
