15 0.298126 0.648545 0.064736 0.059724
15 0.229131 0.735835 0.059625 0.029096
15 0.308348 0.712098 0.047700 0.033691
15 0.232538 0.365237 0.042589 0.050536
15 0.286201 0.307044 0.044293 0.053599
15 0.557070 0.385911 0.047700 0.049005
15 0.605622 0.402757 0.028961 0.027565
15 0.638842 0.424196 0.030664 0.030628
15 0.643101 0.312404 0.032368 0.033691
15 0.801533 0.179939 0.039182 0.029096
15 0.071550 0.139357 0.034072 0.030628
15 0.442078 0.459418 0.028961 0.024502
15 0.463373 0.388208 0.037479 0.053599
15 0.700170 0.690658 0.051107 0.049005
15 0.595400 0.713629 0.032368 0.027565
15 0.886712 0.614089 0.059625 0.049005
15 0.965928 0.669219 0.051107 0.052067
15 0.845826 0.833078 0.069847 0.058193
15 0.788756 0.816233 0.040886 0.030628
15 0.831346 0.779479 0.044293 0.027565
15 0.876491 0.888974 0.052811 0.050536
15 0.806644 0.947167 0.045997 0.044410
