15 0.597852 0.587097 0.059666 0.041290
15 0.553103 0.618065 0.036993 0.033548
15 0.678401 0.654194 0.020286 0.023226
15 0.750597 0.711613 0.040573 0.029677
15 0.768496 0.745161 0.026253 0.032258
15 0.747017 0.797419 0.040573 0.030968
15 0.778640 0.798710 0.027446 0.041290
15 0.868735 0.723226 0.031026 0.027097
15 0.900955 0.534839 0.045346 0.058065
15 0.751790 0.325806 0.045346 0.034839
15 0.798926 0.246452 0.034606 0.036129
15 0.306683 0.516129 0.021480 0.030968
15 0.155728 0.361935 0.034606 0.042581
15 0.238067 0.216129 0.070406 0.050323
15 0.050119 0.567097 0.071599 0.073548
15 0.108592 0.621290 0.052506 0.047742
15 0.019093 0.718065 0.023866 0.027097
15 0.025656 0.765161 0.034606 0.051613
15 0.050716 0.814194 0.046539 0.046452
15 0.315632 0.851613 0.029833 0.036129
15 0.326969 0.808387 0.033413 0.040000
15 0.338902 0.771613 0.028640 0.033548
15 0.372315 0.729032 0.045346 0.038710
15 0.507160 0.829032 0.026253 0.029677
15 0.728520 0.867742 0.025060 0.034839
15 0.606205 0.965806 0.033413 0.034839
15 0.761933 0.931613 0.075179 0.082581
15 0.960024 0.947097 0.029833 0.036129
