15 0.276258 0.271545 0.038293 0.065041
15 0.338074 0.317886 0.035011 0.050407
15 0.494530 0.356098 0.026258 0.058537
15 0.413020 0.480488 0.038293 0.047154
15 0.548687 0.521951 0.027352 0.042276
15 0.522976 0.428455 0.021882 0.034146
15 0.612691 0.337398 0.026258 0.027642
15 0.629103 0.221951 0.019694 0.030894
15 0.657002 0.347967 0.020788 0.055285
15 0.839168 0.373171 0.024070 0.043902
15 0.580416 0.662602 0.018600 0.024390
15 0.624179 0.592683 0.014223 0.034146
15 0.597921 0.498374 0.029540 0.040650
15 0.165755 0.703252 0.031729 0.053659
15 0.026258 0.482114 0.048140 0.089431
15 0.642232 0.860163 0.021882 0.032520
15 0.748359 0.900813 0.028446 0.039024
15 0.853939 0.935772 0.044858 0.043902
15 0.602298 0.739837 0.031729 0.035772
15 0.565098 0.773984 0.029540 0.039024
15 0.489606 0.826829 0.068928 0.086179
