15 0.392421 0.687702 0.083130 0.077670
15 0.539731 0.616505 0.045232 0.055016
15 0.645477 0.598706 0.046455 0.067961
15 0.708435 0.534790 0.050122 0.069579
15 0.600244 0.470874 0.056235 0.058252
15 0.398533 0.498382 0.029340 0.042071
15 0.372861 0.567961 0.034230 0.035599
15 0.229829 0.451456 0.031785 0.035599
15 0.358191 0.339806 0.036675 0.042071
15 0.385697 0.239482 0.050122 0.035599
15 0.194988 0.244337 0.037897 0.048544
15 0.081296 0.134304 0.035452 0.051780
15 0.124083 0.343042 0.023227 0.029126
15 0.413203 0.793689 0.063570 0.069579
15 0.779951 0.771036 0.031785 0.046926
15 0.914425 0.597896 0.029340 0.050162
15 0.968215 0.661812 0.041565 0.051780
15 0.819682 0.211974 0.020782 0.022654
15 0.891198 0.366505 0.017115 0.027508
15 0.941320 0.309061 0.026895 0.038835
15 0.935208 0.161812 0.022005 0.025890
15 0.803790 0.160194 0.018337 0.025890
15 0.738998 0.137540 0.025672 0.025890
15 0.595355 0.061489 0.019560 0.019417
15 0.544621 0.027508 0.028117 0.025890
15 0.515892 0.072006 0.017115 0.027508
15 0.535452 0.123786 0.019560 0.021036
15 0.547677 0.156958 0.014670 0.019417
15 0.603912 0.343042 0.012225 0.016181
15 0.553790 0.724110 0.024450 0.024272
15 0.655257 0.736246 0.034230 0.042071
15 0.506112 0.986246 0.031785 0.027508
15 0.338631 0.069579 0.034230 0.048544
15 0.084352 0.024272 0.029340 0.035599
15 0.158313 0.257282 0.028117 0.035599
