15 0.205184 0.907108 0.051836 0.079160
15 0.232181 0.777868 0.023758 0.040388
15 0.201944 0.802100 0.028078 0.037157
15 0.430886 0.851373 0.038877 0.048465
15 0.729482 0.563005 0.048596 0.069467
15 0.931965 0.397415 0.075594 0.119548
15 0.841793 0.430533 0.020518 0.033926
15 0.824514 0.577544 0.018359 0.050081
15 0.914147 0.552504 0.037797 0.035541
15 0.882289 0.694669 0.023758 0.042003
15 0.847192 0.705170 0.024838 0.030695
15 0.786717 0.915186 0.026998 0.027464
15 0.655508 0.832795 0.021598 0.033926
15 0.606911 0.804523 0.025918 0.035541
15 0.609611 0.751212 0.020518 0.029079
15 0.552916 0.672052 0.041037 0.048465
15 0.597732 0.450727 0.022678 0.022617
15 0.423866 0.519386 0.031317 0.040388
15 0.353132 0.452342 0.021598 0.029079
15 0.370410 0.408724 0.021598 0.022617
15 0.419006 0.277868 0.025918 0.045234
15 0.407127 0.221325 0.023758 0.029079
15 0.470302 0.234249 0.022678 0.029079
15 0.480022 0.289176 0.024838 0.032310
15 0.340713 0.279483 0.022678 0.032310
15 0.318575 0.264943 0.030238 0.032310
15 0.302376 0.211632 0.021598 0.045234
15 0.259179 0.241519 0.017279 0.033926
15 0.231102 0.285945 0.030238 0.038772
15 0.174406 0.232633 0.022678 0.038772
15 0.211123 0.201939 0.022678 0.035541
15 0.249460 0.065428 0.030238 0.043619
15 0.253780 0.013732 0.032397 0.021002
15 0.063715 0.107431 0.021598 0.043619
15 0.106371 0.138126 0.018359 0.043619
15 0.049136 0.046042 0.018359 0.027464
15 0.027538 0.107431 0.026998 0.037157
15 0.008099 0.132472 0.011879 0.032310
15 0.119870 0.538772 0.032397 0.059774
15 0.251620 0.440226 0.030238 0.046850
15 0.243521 0.575929 0.033477 0.053312
15 0.339633 0.672859 0.022678 0.043619
15 0.952484 0.941842 0.025918 0.032310
15 0.507559 0.113893 0.034557 0.040388
