15 0.598411 0.643939 0.052567 0.099327
15 0.310513 0.590067 0.068460 0.129630
15 0.389976 0.670034 0.041565 0.074074
15 0.457213 0.601852 0.036675 0.048822
15 0.196822 0.631313 0.046455 0.060606
15 0.125917 0.601852 0.039120 0.031987
15 0.099633 0.745791 0.050122 0.063973
15 0.108191 0.400673 0.040342 0.040404
15 0.302567 0.332492 0.033007 0.028620
15 0.303790 0.378788 0.018337 0.023569
15 0.342298 0.431818 0.026895 0.042088
15 0.627751 0.368687 0.025672 0.043771
15 0.758557 0.390572 0.033007 0.030303
15 0.698655 0.496633 0.025672 0.047138
15 0.795844 0.556397 0.031785 0.038721
15 0.683374 0.707071 0.051345 0.043771
15 0.751222 0.710438 0.023227 0.030303
15 0.872249 0.748316 0.025672 0.035354
15 0.875306 0.604377 0.031785 0.047138
15 0.576406 0.819024 0.037897 0.052189
15 0.492054 0.818182 0.050122 0.030303
15 0.416870 0.776936 0.036675 0.048822
15 0.572738 0.915825 0.018337 0.033670
15 0.542176 0.918350 0.030562 0.048822
15 0.319071 0.180976 0.034230 0.035354
15 0.283619 0.062290 0.024450 0.037037
15 0.367359 0.063973 0.023227 0.033670
15 0.544621 0.026094 0.035452 0.048822
15 0.683985 0.058081 0.030562 0.042088
15 0.526284 0.157407 0.030562 0.042088
15 0.081907 0.051347 0.046455 0.028620
15 0.077017 0.098485 0.022005 0.028620
15 0.990220 0.256734 0.019560 0.045455
