15 0.287442 0.376266 0.019585 0.026049
15 0.294931 0.125181 0.027650 0.041968
15 0.193548 0.075253 0.029954 0.034732
15 0.084677 0.189580 0.021889 0.028944
15 0.207373 0.249638 0.066820 0.076700
15 0.430300 0.099855 0.012673 0.011577
15 0.422235 0.078148 0.014977 0.014472
15 0.509217 0.070188 0.016129 0.018813
15 0.572005 0.017366 0.028802 0.026049
15 0.692396 0.065847 0.023041 0.021708
15 0.713710 0.022431 0.010369 0.007236
15 0.723502 0.057887 0.011521 0.020260
15 0.474654 0.039074 0.018433 0.023155
15 0.625576 0.109986 0.025346 0.026049
15 0.688364 0.222865 0.019585 0.034732
15 0.543779 0.251809 0.020737 0.026049
15 0.536290 0.308249 0.024194 0.031838
15 0.676843 0.356006 0.021889 0.040521
15 0.750000 0.327062 0.016129 0.020260
15 0.842166 0.347323 0.023041 0.040521
15 0.865783 0.333575 0.014977 0.033285
15 0.533410 0.470333 0.020737 0.028944
15 0.619240 0.505789 0.019585 0.027496
15 0.777650 0.522431 0.025346 0.023155
15 0.786866 0.468886 0.025346 0.028944
15 0.933756 0.562952 0.026498 0.043415
15 0.586982 0.580318 0.026498 0.028944
15 0.525922 0.606368 0.031106 0.034732
15 0.660714 0.749638 0.017281 0.020260
15 0.663594 0.775687 0.023041 0.023155
15 0.813940 0.766281 0.028802 0.027496
15 0.977535 0.791606 0.017281 0.034732
15 0.960829 0.827062 0.023041 0.027496
15 0.708525 0.826339 0.039171 0.043415
15 0.769009 0.947902 0.021889 0.028944
15 0.414747 0.962373 0.025346 0.028944
15 0.359447 0.958032 0.029954 0.031838
15 0.350230 0.907381 0.016129 0.023155
15 0.256912 0.890738 0.023041 0.033285
15 0.186636 0.824891 0.023041 0.026049
15 0.135945 0.832851 0.020737 0.030391
15 0.080069 0.476845 0.028802 0.036179
15 0.092742 0.324168 0.019585 0.026049
15 0.245968 0.363965 0.024194 0.021708
15 0.622696 0.254703 0.026498 0.034732
15 0.188940 0.678003 0.059908 0.070912
