15 0.416873 0.123311 0.044665 0.057432
15 0.496278 0.103041 0.024814 0.030405
15 0.347395 0.040541 0.019851 0.027027
15 0.297767 0.033784 0.024814 0.033784
15 0.152605 0.060811 0.042184 0.033784
15 0.173697 0.113176 0.029777 0.023649
15 0.119107 0.133446 0.024814 0.037162
15 0.122829 0.086149 0.022333 0.030405
15 0.112903 0.329392 0.022333 0.037162
15 0.090571 0.354730 0.032258 0.040541
15 0.029777 0.523649 0.029777 0.040541
15 0.153846 0.527027 0.034739 0.060811
15 0.220844 0.418919 0.029777 0.040541
15 0.250620 0.224662 0.024814 0.043919
15 0.334988 0.265203 0.014888 0.030405
15 0.356079 0.275338 0.022333 0.030405
15 0.445409 0.486486 0.022333 0.040541
15 0.260546 0.716216 0.024814 0.027027
15 0.269231 0.564189 0.022333 0.027027
15 0.198511 0.557432 0.014888 0.020270
15 0.095533 0.673986 0.017370 0.023649
15 0.115385 0.687500 0.017370 0.030405
15 0.124069 0.964527 0.019851 0.023649
15 0.044665 0.881757 0.024814 0.040541
15 0.107940 0.881757 0.027295 0.027027
15 0.022333 0.783784 0.019851 0.033784
15 0.012407 0.658784 0.019851 0.040541
15 0.303970 0.898649 0.027295 0.033784
15 0.655087 0.976351 0.029777 0.033784
15 0.725806 0.652027 0.037221 0.047297
15 0.655087 0.540541 0.024814 0.033784
15 0.713400 0.516892 0.022333 0.033784
15 0.885856 0.547297 0.019851 0.027027
15 0.893300 0.586149 0.029777 0.023649
15 0.937965 0.619932 0.029777 0.057432
15 0.981390 0.587838 0.022333 0.040541
15 0.947891 0.540541 0.019851 0.033784
15 0.617866 0.376689 0.034739 0.037162
15 0.630273 0.327703 0.044665 0.054054
15 0.535980 0.209459 0.024814 0.027027
15 0.554591 0.163851 0.027295 0.037162
15 0.614144 0.140203 0.027295 0.043919
15 0.691067 0.108108 0.027295 0.047297
15 0.725806 0.228041 0.032258 0.050676
15 0.754342 0.305743 0.024814 0.037162
15 0.880893 0.347973 0.014888 0.040541
15 0.930521 0.217905 0.034739 0.057432
15 0.959057 0.334459 0.022333 0.033784
15 0.983871 0.366554 0.027295 0.050676
15 0.517370 0.028716 0.042184 0.043919
