15 0.258486 0.917582 0.031332 0.027473
15 0.345953 0.913462 0.028721 0.035714
15 0.375979 0.875000 0.031332 0.030220
15 0.583551 0.888736 0.028721 0.030220
15 0.702350 0.857143 0.031332 0.043956
15 0.096606 0.881868 0.036554 0.027473
15 0.561358 0.652473 0.036554 0.057692
15 0.830287 0.581044 0.041775 0.057692
15 0.540470 0.369505 0.046997 0.057692
15 0.463446 0.429945 0.023499 0.046703
15 0.300261 0.450549 0.036554 0.038462
15 0.245431 0.473901 0.046997 0.046703
15 0.195822 0.416209 0.026110 0.024725
15 0.261097 0.413462 0.026110 0.024725
15 0.203655 0.449176 0.026110 0.024725
15 0.028721 0.506868 0.052219 0.052198
15 0.019582 0.392857 0.033943 0.060440
15 0.026110 0.157967 0.046997 0.052198
15 0.049608 0.219780 0.046997 0.038462
15 0.186684 0.263736 0.039164 0.038462
15 0.293734 0.278846 0.044386 0.035714
15 0.267624 0.251374 0.033943 0.030220
15 0.242820 0.153846 0.046997 0.054945
15 0.338120 0.190934 0.044386 0.035714
15 0.365535 0.067308 0.036554 0.035714
15 0.479112 0.093407 0.044386 0.049451
15 0.629243 0.063187 0.046997 0.032967
15 0.592689 0.021978 0.067885 0.027473
15 0.761097 0.019231 0.033943 0.032967
15 0.596606 0.280220 0.049608 0.038462
15 0.690601 0.269231 0.033943 0.032967
15 0.899478 0.357143 0.033943 0.054945
15 0.964752 0.343407 0.054830 0.071429
15 0.992167 0.575549 0.015666 0.068681
