15 0.212963 0.972222 0.055556 0.034392
15 0.152116 0.767196 0.044974 0.037037
15 0.185185 0.809524 0.031746 0.031746
15 0.583333 0.883598 0.044974 0.031746
15 0.636243 0.853175 0.034392 0.034392
15 0.576720 0.652116 0.058201 0.050265
15 0.596561 0.593915 0.029101 0.034392
15 0.366402 0.619048 0.039683 0.042328
15 0.277778 0.609788 0.063492 0.050265
15 0.129630 0.556878 0.031746 0.029101
15 0.216931 0.530423 0.026455 0.029101
15 0.138889 0.451058 0.039683 0.039683
15 0.103175 0.325397 0.052910 0.047619
15 0.030423 0.337302 0.034392 0.050265
15 0.339947 0.366402 0.044974 0.044974
15 0.562169 0.503968 0.044974 0.055556
15 0.642857 0.497354 0.047619 0.063492
15 0.949735 0.535714 0.047619 0.060847
15 0.869048 0.436508 0.066138 0.068783
15 0.837302 0.358466 0.076720 0.055556
15 0.503968 0.354497 0.029101 0.031746
15 0.570106 0.297619 0.034392 0.029101
15 0.530423 0.232804 0.034392 0.037037
15 0.362434 0.253968 0.058201 0.052910
15 0.417989 0.226190 0.042328 0.050265
15 0.734127 0.195767 0.044974 0.052910
15 0.171958 0.111111 0.026455 0.026455
15 0.342593 0.087302 0.034392 0.037037
15 0.400794 0.060847 0.044974 0.042328
15 0.439153 0.124339 0.047619 0.042328
15 0.900794 0.104497 0.023810 0.029101
15 0.976190 0.116402 0.026455 0.037037
15 0.551587 0.021164 0.071429 0.037037
