15 0.227273 0.779221 0.043988 0.038961
15 0.527859 0.704545 0.052786 0.064935
15 0.750733 0.959416 0.046921 0.055195
15 0.719941 0.707792 0.043988 0.045455
15 0.819648 0.668831 0.032258 0.038961
15 0.895894 0.767857 0.049853 0.055195
15 0.983871 0.777597 0.032258 0.055195
15 0.736070 0.571429 0.035191 0.051948
15 0.960411 0.470779 0.043988 0.064935
15 0.690616 0.417208 0.049853 0.061688
15 0.612903 0.431818 0.046921 0.058442
15 0.115836 0.521104 0.038123 0.042208
15 0.202346 0.448052 0.058651 0.058442
15 0.265396 0.345779 0.043988 0.048701
15 0.013196 0.094156 0.020528 0.038961
15 0.131965 0.126623 0.058651 0.064935
15 0.302053 0.082792 0.052786 0.035714
15 0.252199 0.029221 0.076246 0.045455
15 0.453079 0.032468 0.038123 0.032468
15 0.768328 0.155844 0.041056 0.032468
15 0.961877 0.125000 0.041056 0.048701
15 0.821114 0.021104 0.041056 0.029221
15 0.884164 0.017857 0.032258 0.029221
15 0.964809 0.025974 0.064516 0.045455
15 0.979472 0.331169 0.041056 0.077922
