15 0.156934 0.843416 0.043796 0.042705
15 0.164234 0.592527 0.051095 0.053381
15 0.031022 0.503559 0.054745 0.053381
15 0.054745 0.569395 0.043796 0.042705
15 0.346715 0.699288 0.036496 0.032028
15 0.301095 0.617438 0.032847 0.046263
15 0.317518 0.523132 0.029197 0.028470
15 0.364964 0.556940 0.029197 0.039146
15 0.468978 0.731317 0.032847 0.053381
15 0.532847 0.699288 0.036496 0.039146
15 0.512774 0.738434 0.032847 0.046263
15 0.481752 0.626335 0.043796 0.035587
15 0.463504 0.546263 0.036496 0.046263
15 0.540146 0.576512 0.036496 0.049822
15 0.644161 0.738434 0.054745 0.074733
15 0.664234 0.674377 0.029197 0.032028
15 0.377737 0.451957 0.040146 0.042705
15 0.558394 0.451957 0.043796 0.049822
15 0.635036 0.496441 0.080292 0.081851
15 0.806569 0.510676 0.058394 0.060498
15 0.952555 0.976868 0.036496 0.032028
15 0.211679 0.309609 0.051095 0.056940
15 0.187956 0.199288 0.047445 0.049822
15 0.301095 0.236655 0.047445 0.039146
15 0.494526 0.204626 0.047445 0.053381
15 0.490876 0.355872 0.047445 0.042705
15 0.773723 0.325623 0.043796 0.060498
15 0.899635 0.332740 0.032847 0.046263
15 0.983577 0.526690 0.032847 0.078292
15 0.693431 0.163701 0.058394 0.056940
15 0.771898 0.087189 0.054745 0.046263
15 0.941606 0.096085 0.051095 0.064057
15 0.361314 0.138790 0.043796 0.049822
15 0.125912 0.101423 0.054745 0.053381
15 0.385036 0.046263 0.054745 0.042705
15 0.251825 0.014235 0.087591 0.021352
15 0.156934 0.037367 0.043796 0.039146
15 0.177007 0.508897 0.047445 0.042705
15 0.031022 0.163701 0.040146 0.042705
15 0.578467 0.144128 0.032847 0.039146
