15 0.077692 0.606061 0.023077 0.040404
15 0.110769 0.282828 0.024615 0.053872
15 0.079231 0.033670 0.032308 0.040404
15 0.326154 0.168350 0.027692 0.053872
15 0.361538 0.132997 0.021538 0.043771
15 0.503846 0.392256 0.023077 0.070707
15 0.660769 0.230640 0.032308 0.070707
15 0.620000 0.136364 0.040000 0.070707
15 0.807692 0.138047 0.018462 0.053872
15 0.832308 0.149832 0.015385 0.057239
15 0.861538 0.183502 0.018462 0.063973
15 0.803846 0.033670 0.044615 0.060606
15 0.966923 0.410774 0.029231 0.060606
15 0.985385 0.494949 0.029231 0.060606
15 0.970000 0.580808 0.029231 0.057239
15 0.901538 0.567340 0.027692 0.063973
15 0.612308 0.585859 0.033846 0.060606
15 0.585385 0.606061 0.023077 0.053872
15 0.667692 0.725589 0.018462 0.057239
15 0.566923 0.700337 0.029231 0.047138
15 0.497692 0.671717 0.023077 0.030303
15 0.483846 0.702020 0.026154 0.050505
15 0.452308 0.797980 0.030769 0.053872
15 0.206154 0.787879 0.027692 0.053872
15 0.331538 0.584175 0.029231 0.070707
15 0.390769 0.505051 0.012308 0.040404
15 0.410000 0.533670 0.020000 0.057239
15 0.349231 0.439394 0.021538 0.043771
15 0.163846 0.483165 0.026154 0.084175
15 0.053846 0.425926 0.027692 0.063973
