15 0.009934 0.664303 0.013245 0.028369
15 0.028974 0.674941 0.011589 0.026005
15 0.041391 0.679669 0.009934 0.030733
15 0.087748 0.676123 0.019868 0.023641
15 0.127483 0.695035 0.019868 0.037825
15 0.161424 0.695035 0.021523 0.033097
15 0.150662 0.743499 0.019868 0.026005
15 0.125000 0.734043 0.014901 0.040189
15 0.093543 0.716312 0.038079 0.033097
15 0.066225 0.749409 0.016556 0.023641
15 0.061258 0.763593 0.023179 0.018913
15 0.018212 0.793144 0.016556 0.026005
15 0.043046 0.810875 0.013245 0.018913
15 0.014901 0.833333 0.016556 0.016548
15 0.021523 0.872340 0.016556 0.018913
15 0.040563 0.906619 0.018212 0.026005
15 0.070364 0.895981 0.014901 0.023641
15 0.137417 0.893617 0.099338 0.080378
15 0.225993 0.829787 0.021523 0.028369
15 0.243377 0.790780 0.023179 0.021277
15 0.263245 0.864066 0.016556 0.026005
15 0.308775 0.826241 0.021523 0.021277
15 0.313742 0.854610 0.021523 0.026005
15 0.287252 0.802600 0.014901 0.021277
15 0.317881 0.894799 0.016556 0.026005
15 0.346026 0.891253 0.023179 0.028369
15 0.361755 0.851064 0.021523 0.023641
15 0.368377 0.821513 0.021523 0.021277
15 0.405629 0.847518 0.023179 0.026005
15 0.451987 0.885343 0.019868 0.021277
15 0.490066 0.884161 0.029801 0.018913
15 0.492550 0.907801 0.031457 0.018913
15 0.413907 0.767139 0.029801 0.026005
15 0.389901 0.786052 0.018212 0.021277
15 0.365066 0.787234 0.014901 0.023641
15 0.226821 0.749409 0.026490 0.018913
15 0.264901 0.705674 0.023179 0.021277
15 0.197020 0.651300 0.019868 0.011820
15 0.158940 0.638298 0.036424 0.052009
15 0.109272 0.594563 0.019868 0.011820
15 0.008278 0.697400 0.013245 0.014184
15 0.498344 0.827423 0.023179 0.037825
15 0.532285 0.840426 0.018212 0.030733
15 0.521523 0.762411 0.036424 0.044917
15 0.472682 0.756501 0.021523 0.028369
15 0.443709 0.723404 0.029801 0.047281
15 0.405629 0.711584 0.019868 0.028369
15 0.359272 0.715130 0.023179 0.026005
15 0.288079 0.572104 0.013245 0.018913
15 0.310430 0.598109 0.021523 0.037825
15 0.326159 0.576832 0.016556 0.023641
15 0.360927 0.599291 0.029801 0.035461
15 0.346026 0.664303 0.036424 0.042553
15 0.570364 0.797872 0.018212 0.035461
15 0.599338 0.834515 0.016556 0.028369
15 0.596026 0.900709 0.033113 0.033097
15 0.692053 0.918440 0.016556 0.026005
15 0.492550 0.618203 0.021523 0.030733
15 0.538079 0.611111 0.046358 0.040189
15 0.522351 0.644208 0.024834 0.035461
15 0.649007 0.840426 0.023179 0.035461
15 0.586921 0.663121 0.028146 0.026005
15 0.593543 0.708038 0.031457 0.049645
15 0.658113 0.708038 0.014901 0.016548
15 0.658113 0.757683 0.014901 0.021277
15 0.619205 0.752955 0.019868 0.030733
15 0.721026 0.854610 0.024834 0.035461
15 0.700331 0.835697 0.016556 0.030733
15 0.694536 0.745863 0.018212 0.026005
15 0.777318 0.905437 0.041391 0.061466
15 0.762417 0.773050 0.018212 0.033097
15 0.750000 0.737589 0.029801 0.037825
15 0.712748 0.722222 0.021523 0.016548
15 0.716887 0.671395 0.023179 0.028369
15 0.671358 0.635934 0.021523 0.028369
15 0.717715 0.612293 0.031457 0.042553
15 0.576159 0.598109 0.013245 0.014184
15 0.591887 0.606383 0.011589 0.016548
15 0.610099 0.596927 0.018212 0.030733
15 0.663079 0.566194 0.018212 0.021277
15 0.566225 0.554374 0.023179 0.026005
15 0.508278 0.537825 0.019868 0.016548
15 0.924669 0.855792 0.014901 0.023641
15 0.833609 0.672577 0.021523 0.030733
15 0.852649 0.652482 0.016556 0.023641
15 0.757450 0.588652 0.018212 0.023641
15 0.774834 0.569740 0.016556 0.009456
15 0.789735 0.592199 0.013245 0.016548
15 0.798841 0.650118 0.028146 0.047281
15 0.759106 0.632388 0.011589 0.016548
15 0.158113 0.536643 0.011589 0.023641
15 0.176325 0.529551 0.011589 0.014184
15 0.217715 0.523641 0.024834 0.026005
15 0.274007 0.516548 0.028146 0.040189
15 0.345199 0.511820 0.018212 0.026005
15 0.380795 0.508274 0.013245 0.023641
15 0.392384 0.494090 0.016556 0.018913
15 0.422185 0.497636 0.013245 0.016548
15 0.442881 0.500000 0.011589 0.016548
15 0.430464 0.470449 0.016556 0.014184
15 0.488411 0.479905 0.016556 0.018913
15 0.546358 0.469267 0.023179 0.030733
15 0.836921 0.869976 0.031457 0.052009
15 0.972682 0.552009 0.014901 0.021277
15 0.755795 0.544917 0.024834 0.021277
15 0.007450 0.437352 0.011589 0.028369
15 0.036424 0.420804 0.013245 0.018913
15 0.067881 0.437352 0.019868 0.028369
15 0.095199 0.424350 0.014901 0.026005
15 0.144040 0.424350 0.009934 0.016548
15 0.145695 0.403073 0.009934 0.016548
15 0.158113 0.393617 0.014901 0.016548
15 0.166391 0.414894 0.018212 0.021277
15 0.205298 0.432624 0.023179 0.028369
15 0.207781 0.404255 0.048013 0.014184
15 0.211093 0.382979 0.011589 0.014184
15 0.239238 0.375887 0.014901 0.018913
15 0.215232 0.341608 0.043046 0.044917
15 0.325331 0.398345 0.014901 0.016548
15 0.371689 0.393617 0.011589 0.021277
15 0.264073 0.392435 0.028146 0.018913
15 0.262417 0.362884 0.018212 0.021277
15 0.396523 0.354610 0.061258 0.056738
15 0.298013 0.330969 0.016556 0.018913
15 0.274834 0.287234 0.016556 0.016548
15 0.280629 0.275414 0.014901 0.011820
15 0.269040 0.325059 0.034768 0.035461
15 0.246689 0.267139 0.029801 0.042553
15 0.216887 0.312057 0.013245 0.009456
15 0.198675 0.291962 0.026490 0.016548
15 0.022351 0.373522 0.014901 0.018913
15 0.033940 0.365248 0.014901 0.021277
15 0.077815 0.374704 0.016556 0.021277
15 0.114238 0.359338 0.029801 0.018913
15 0.116722 0.391253 0.011589 0.021277
15 0.099338 0.328605 0.013245 0.018913
15 0.071192 0.327423 0.016556 0.016548
15 0.161424 0.348700 0.031457 0.030733
15 0.136589 0.321513 0.034768 0.023641
15 0.162252 0.288416 0.019868 0.042553
15 0.110099 0.294326 0.028146 0.021277
15 0.081126 0.307329 0.013245 0.023641
15 0.025662 0.304965 0.018212 0.023641
15 0.050497 0.286052 0.011589 0.023641
15 0.068709 0.265957 0.011589 0.021277
15 0.100166 0.265957 0.034768 0.030733
15 0.315397 0.294326 0.031457 0.026005
15 0.336093 0.345154 0.019868 0.037825
15 0.438742 0.316785 0.013245 0.014184
15 0.485927 0.317967 0.021523 0.016548
15 0.463576 0.348700 0.049669 0.030733
15 0.639901 0.321513 0.014901 0.018913
15 0.639901 0.287234 0.018212 0.016548
15 0.642384 0.261229 0.016556 0.016548
15 0.486755 0.297872 0.019868 0.018913
15 0.514073 0.287234 0.021523 0.026005
15 0.006623 0.262411 0.009934 0.014184
15 0.010762 0.244681 0.014901 0.016548
15 0.059603 0.219858 0.016556 0.018913
15 0.103477 0.195035 0.034768 0.026005
15 0.182119 0.209220 0.009934 0.016548
15 0.201159 0.249409 0.034768 0.030733
15 0.158940 0.251773 0.009934 0.021277
15 0.139901 0.228132 0.014901 0.016548
15 0.144040 0.179669 0.036424 0.028369
15 0.183775 0.178487 0.026490 0.030733
15 0.396523 0.314421 0.018212 0.023641
15 0.423013 0.303783 0.011589 0.021277
15 0.460265 0.286052 0.013245 0.018913
15 0.360099 0.239953 0.008278 0.021277
15 0.375000 0.248227 0.011589 0.014184
15 0.294702 0.251773 0.029801 0.021277
15 0.323675 0.228132 0.031457 0.030733
15 0.389901 0.213948 0.014901 0.016548
15 0.397351 0.235225 0.016556 0.016548
15 0.420530 0.251773 0.043046 0.035461
15 0.480132 0.263593 0.013245 0.016548
15 0.471854 0.235225 0.023179 0.021277
15 0.502483 0.255319 0.024834 0.018913
15 0.528974 0.234043 0.014901 0.018913
15 0.529801 0.321513 0.033113 0.018913
15 0.622517 0.239953 0.013245 0.016548
15 0.657285 0.226950 0.023179 0.028369
15 0.543046 0.202128 0.013245 0.016548
15 0.330298 0.187943 0.014901 0.026005
15 0.375828 0.197400 0.019868 0.016548
15 0.432947 0.177305 0.081126 0.075650
15 0.616722 0.193853 0.008278 0.014184
15 0.600166 0.174941 0.014901 0.014184
15 0.562086 0.153664 0.018212 0.014184
15 0.549669 0.173759 0.036424 0.026005
15 0.509934 0.202128 0.029801 0.040189
15 0.249172 0.208038 0.014901 0.018913
15 0.274834 0.215130 0.009934 0.014184
15 0.277318 0.189125 0.011589 0.018913
15 0.277318 0.150118 0.011589 0.011820
15 0.265728 0.135934 0.008278 0.011820
15 0.235927 0.128842 0.011589 0.016548
15 0.270695 0.108747 0.011589 0.009456
15 0.379967 0.171395 0.011589 0.011820
15 0.340232 0.137116 0.071192 0.052009
15 0.406457 0.115839 0.021523 0.018913
15 0.467715 0.108747 0.018212 0.014184
15 0.480132 0.127660 0.013245 0.014184
15 0.449503 0.133570 0.014901 0.011820
15 0.423841 0.069740 0.016556 0.016548
15 0.574503 0.114657 0.013245 0.021277
15 0.547185 0.104019 0.018212 0.023641
15 0.637417 0.202128 0.019868 0.021277
15 0.611755 0.074468 0.024834 0.016548
15 0.607616 0.108747 0.036424 0.056738
15 0.462748 0.079196 0.031457 0.035461
15 0.504967 0.157210 0.033113 0.035461
15 0.706954 0.232861 0.019868 0.021277
15 0.606788 0.327423 0.014901 0.021277
15 0.365894 0.082742 0.039735 0.047281
15 0.521523 0.054374 0.026490 0.023641
