15 0.494444 0.958101 0.055556 0.044693
15 0.418056 0.879888 0.069444 0.072626
15 0.743056 0.787709 0.047222 0.055866
15 0.752778 0.878492 0.027778 0.041899
15 0.795833 0.888268 0.025000 0.027933
15 0.847222 0.921788 0.033333 0.033520
15 0.512500 0.641061 0.036111 0.041899
15 0.648611 0.622905 0.041667 0.039106
15 0.701389 0.708101 0.036111 0.036313
15 0.659722 0.578212 0.047222 0.044693
15 0.744444 0.513966 0.055556 0.055866
15 0.838889 0.641061 0.044444 0.064246
15 0.966667 0.720670 0.050000 0.078212
15 0.279167 0.543296 0.052778 0.058659
15 0.190278 0.434358 0.069444 0.064246
15 0.152778 0.351955 0.083333 0.072626
15 0.048611 0.184358 0.047222 0.072626
15 0.220833 0.083799 0.025000 0.027933
15 0.293056 0.096369 0.036111 0.036313
15 0.198611 0.013966 0.025000 0.022346
15 0.338889 0.016760 0.050000 0.027933
15 0.461111 0.054469 0.033333 0.025140
15 0.452778 0.148045 0.061111 0.072626
15 0.363889 0.216480 0.044444 0.030726
15 0.365278 0.289106 0.041667 0.030726
15 0.347222 0.311453 0.033333 0.030726
15 0.325000 0.354749 0.033333 0.033520
15 0.426389 0.346369 0.036111 0.039106
15 0.370833 0.455307 0.052778 0.044693
15 0.491667 0.424581 0.038889 0.067039
15 0.723611 0.354749 0.052778 0.061453
15 0.650000 0.318436 0.055556 0.078212
15 0.486111 0.254190 0.050000 0.039106
15 0.647222 0.227654 0.055556 0.058659
15 0.737500 0.188547 0.025000 0.030726
15 0.819444 0.196927 0.027778 0.047486
15 0.781944 0.157821 0.058333 0.041899
15 0.738889 0.089385 0.044444 0.022346
15 0.533333 0.054469 0.033333 0.053073
15 0.638889 0.050279 0.077778 0.061453
15 0.887500 0.149441 0.025000 0.036313
