15 0.094340 0.058399 0.024528 0.038058
15 0.041038 0.163386 0.034906 0.043307
15 0.165094 0.105643 0.030189 0.048556
15 0.043868 0.240814 0.023585 0.022310
15 0.069811 0.248688 0.016981 0.027559
15 0.206604 0.416010 0.033962 0.039370
15 0.229245 0.465879 0.041509 0.036745
15 0.208019 0.528215 0.044340 0.045932
15 0.143396 0.520341 0.030189 0.043307
15 0.266509 0.554462 0.021698 0.032808
15 0.167453 0.851050 0.029245 0.048556
15 0.242925 0.221129 0.031132 0.032808
15 0.295755 0.121391 0.034906 0.045932
15 0.299057 0.188320 0.039623 0.043307
15 0.282075 0.270341 0.041509 0.044619
15 0.385377 0.343832 0.033019 0.034121
15 0.399528 0.410105 0.061321 0.077428
15 0.435849 0.242782 0.024528 0.047244
15 0.474057 0.251312 0.042453 0.056430
15 0.433019 0.520997 0.030189 0.065617
15 0.312736 0.753281 0.025472 0.036745
15 0.361792 0.593832 0.016038 0.032808
15 0.405660 0.898294 0.024528 0.043307
15 0.560377 0.762467 0.018868 0.052493
15 0.646698 0.884514 0.051887 0.118110
15 0.745283 0.783465 0.032075 0.044619
15 0.717453 0.864173 0.044340 0.101050
15 0.779245 0.856955 0.024528 0.041995
15 0.803774 0.948819 0.022642 0.036745
15 0.849528 0.887795 0.031132 0.056430
15 0.916038 0.957349 0.018868 0.040682
15 0.962264 0.974409 0.022642 0.032808
15 0.968868 0.931102 0.026415 0.040682
15 0.937736 0.887139 0.026415 0.049869
15 0.961792 0.838583 0.012264 0.041995
15 0.830660 0.829396 0.027358 0.034121
15 0.868396 0.722441 0.029245 0.040682
15 0.840094 0.662730 0.036792 0.047244
15 0.902830 0.782808 0.033962 0.043307
15 0.978302 0.744094 0.022642 0.044619
15 0.991981 0.721129 0.016038 0.045932
15 0.842453 0.561680 0.039623 0.036745
15 0.825472 0.522310 0.045283 0.041995
15 0.827830 0.475722 0.074528 0.106299
15 0.958491 0.466535 0.030189 0.043307
15 0.977830 0.434383 0.033019 0.034121
15 0.963208 0.525591 0.030189 0.035433
15 0.650943 0.654199 0.020755 0.032808
15 0.677358 0.575459 0.030189 0.038058
15 0.530189 0.557743 0.084906 0.120735
15 0.523113 0.636483 0.034906 0.044619
15 0.623113 0.499344 0.016038 0.019685
15 0.605189 0.468504 0.021698 0.026247
15 0.580660 0.414698 0.042453 0.041995
15 0.501887 0.442913 0.037736 0.043307
15 0.681604 0.414042 0.021698 0.032808
15 0.673113 0.371391 0.023585 0.028871
15 0.681132 0.336614 0.037736 0.040682
15 0.808019 0.351050 0.021698 0.019685
15 0.763679 0.291339 0.029245 0.028871
15 0.723585 0.255249 0.037736 0.048556
15 0.626415 0.258530 0.026415 0.034121
15 0.422642 0.150919 0.030189 0.047244
15 0.404245 0.077428 0.027358 0.060367
15 0.857547 0.263780 0.030189 0.049869
15 0.879717 0.212598 0.040566 0.065617
15 0.871698 0.029528 0.033962 0.056430
15 0.723113 0.044619 0.091509 0.086614
15 0.594811 0.015748 0.038679 0.028871
15 0.922642 0.123360 0.050943 0.073491
