15 0.755887 0.949173 0.029827 0.044917
15 0.833595 0.946809 0.037677 0.059102
15 0.293564 0.747045 0.056515 0.075650
15 0.213501 0.617021 0.034537 0.047281
15 0.276295 0.581560 0.034537 0.052009
15 0.461538 0.622931 0.031397 0.035461
15 0.419152 0.743499 0.031397 0.040189
15 0.513344 0.692671 0.043956 0.070922
15 0.726845 0.637116 0.034537 0.054374
15 0.810832 0.543735 0.042386 0.056738
15 0.867347 0.418440 0.036107 0.075650
15 0.565934 0.418440 0.036107 0.056738
15 0.454474 0.385343 0.029827 0.047281
15 0.323391 0.340426 0.040816 0.042553
15 0.200157 0.359338 0.045526 0.056738
15 0.167975 0.406619 0.040816 0.061466
15 0.087912 0.231678 0.028257 0.037825
15 0.101256 0.165485 0.039246 0.052009
15 0.164050 0.140662 0.032967 0.049645
15 0.289639 0.256501 0.032967 0.044917
15 0.256672 0.107565 0.026688 0.044917
15 0.049451 0.104019 0.023548 0.028369
15 0.072214 0.015366 0.056515 0.026005
15 0.504710 0.235225 0.036107 0.063830
15 0.603611 0.297872 0.039246 0.066194
15 0.627159 0.113475 0.048666 0.085106
15 0.740188 0.150118 0.039246 0.082742
15 0.900314 0.100473 0.032967 0.044917
15 0.858713 0.036643 0.065934 0.063830
15 0.783359 0.022459 0.028257 0.040189
