15 0.769841 0.969012 0.045177 0.061977
15 0.424908 0.971524 0.031746 0.043551
15 0.077534 0.931323 0.032967 0.036851
15 0.051282 0.891122 0.039072 0.050251
15 0.147131 0.719430 0.040293 0.065327
15 0.214286 0.731993 0.028083 0.046901
15 0.382173 0.764657 0.034188 0.041876
15 0.391941 0.700168 0.026862 0.036851
15 0.368742 0.603015 0.026862 0.073702
15 0.432845 0.604690 0.032967 0.056951
15 0.672161 0.641541 0.032967 0.050251
15 0.849817 0.742044 0.024420 0.050251
15 0.983516 0.806533 0.032967 0.041876
15 0.947497 0.724456 0.029304 0.041876
15 0.956044 0.669179 0.036630 0.048576
15 0.746032 0.550251 0.029304 0.031826
15 0.832112 0.522613 0.047619 0.050251
15 0.778999 0.444724 0.031746 0.045226
15 0.605617 0.536851 0.058608 0.078727
15 0.581197 0.443886 0.056166 0.070352
15 0.711844 0.458124 0.029304 0.025126
15 0.723443 0.410385 0.028083 0.026801
15 0.735653 0.384422 0.018315 0.028476
15 0.737485 0.309045 0.021978 0.038526
15 0.825397 0.351759 0.034188 0.046901
15 0.805861 0.247069 0.026862 0.041876
15 0.946276 0.412898 0.026862 0.058626
15 0.993895 0.445561 0.012210 0.056951
15 0.940781 0.316583 0.030525 0.043551
15 0.988400 0.208543 0.023199 0.065327
15 0.926129 0.170017 0.040293 0.051926
15 0.945665 0.126466 0.035409 0.041876
15 0.812576 0.147404 0.020757 0.030151
15 0.861416 0.149916 0.013431 0.048576
15 0.868132 0.071189 0.080586 0.065327
15 0.738706 0.038526 0.021978 0.030151
15 0.719170 0.102178 0.036630 0.036851
15 0.687424 0.190955 0.026862 0.046901
15 0.631258 0.177554 0.024420 0.026801
15 0.495726 0.273032 0.036630 0.060302
15 0.377289 0.389447 0.024420 0.038526
15 0.344322 0.316583 0.024420 0.040201
15 0.198413 0.461474 0.040293 0.051926
15 0.030525 0.669179 0.024420 0.041876
15 0.038462 0.549414 0.025641 0.040201
15 0.098901 0.637353 0.021978 0.031826
15 0.011600 0.417923 0.020757 0.082077
15 0.221001 0.343384 0.029304 0.053601
15 0.249084 0.306533 0.039072 0.060302
15 0.269841 0.196817 0.026862 0.061977
15 0.287546 0.172529 0.025641 0.043551
15 0.247253 0.138191 0.030525 0.048576
15 0.197802 0.158291 0.021978 0.048576
15 0.065934 0.186767 0.024420 0.038526
15 0.102564 0.070352 0.014652 0.036851
15 0.144078 0.065327 0.021978 0.053601
15 0.204518 0.066164 0.042735 0.055276
15 0.361416 0.087940 0.039072 0.048576
15 0.349206 0.031826 0.017094 0.026801
15 0.402320 0.028476 0.040293 0.030151
15 0.459096 0.025963 0.029304 0.035176
15 0.509768 0.059464 0.020757 0.031826
15 0.533578 0.072027 0.014652 0.036851
15 0.616606 0.111390 0.019536 0.035176
15 0.605006 0.037688 0.062271 0.065327
15 0.482295 0.524288 0.017094 0.036851
