15 0.042384 0.648628 0.031230 0.074695
15 0.079350 0.692835 0.021033 0.062500
15 0.160931 0.656250 0.024857 0.053354
15 0.139261 0.849848 0.027406 0.065549
15 0.299235 0.940549 0.023582 0.048780
15 0.328235 0.871951 0.036966 0.079268
15 0.268005 0.740854 0.028681 0.079268
15 0.344806 0.730945 0.024219 0.071646
15 0.398662 0.650915 0.031230 0.048780
15 0.187380 0.444360 0.024219 0.059451
15 0.263544 0.339939 0.017208 0.045732
15 0.265456 0.394817 0.013384 0.027439
15 0.274379 0.268293 0.015934 0.060976
15 0.322498 0.125000 0.011472 0.042683
15 0.401211 0.028201 0.054175 0.053354
15 0.520076 0.018293 0.016571 0.024390
15 0.560548 0.105945 0.033779 0.071646
15 0.511791 0.384909 0.020395 0.077744
15 0.399618 0.478659 0.017846 0.048780
15 0.525175 0.499238 0.016571 0.032012
15 0.523582 0.713415 0.022307 0.045732
15 0.712874 0.814787 0.023582 0.068598
15 0.630338 0.630335 0.012747 0.038110
15 0.856915 0.334604 0.037604 0.105183
15 0.895156 0.480183 0.019758 0.073171
15 0.969407 0.772866 0.025494 0.079268
