15 0.887244 0.981366 0.043280 0.024845
15 0.716401 0.951863 0.034169 0.024845
15 0.898633 0.836957 0.029613 0.031056
15 0.738041 0.827640 0.022779 0.024845
15 0.710706 0.821429 0.031891 0.018634
15 0.656036 0.837733 0.027335 0.023292
15 0.621868 0.833075 0.027335 0.029503
15 0.567198 0.840839 0.036446 0.032609
15 0.474943 0.829193 0.038724 0.018634
15 0.455581 0.800466 0.036446 0.017081
15 0.349658 0.801242 0.038724 0.024845
15 0.279043 0.852484 0.047836 0.031056
15 0.246014 0.830745 0.041002 0.031056
15 0.197039 0.903727 0.034169 0.015528
15 0.181093 0.883540 0.029613 0.021739
15 0.181093 0.861025 0.043280 0.020186
15 0.118451 0.883540 0.041002 0.021739
15 0.058087 0.886646 0.029613 0.024845
15 0.012528 0.900621 0.020501 0.031056
15 0.070615 0.850155 0.027335 0.017081
15 0.142369 0.836180 0.056948 0.032609
15 0.097950 0.815994 0.050114 0.032609
15 0.096811 0.765528 0.038724 0.021739
15 0.079727 0.727484 0.045558 0.020186
15 0.198178 0.717391 0.045558 0.021739
15 0.210706 0.757764 0.052392 0.027950
15 0.273349 0.781056 0.027335 0.034161
15 0.312073 0.761646 0.054670 0.032609
15 0.399772 0.748447 0.047836 0.031056
15 0.445330 0.718168 0.075171 0.051242
15 0.648064 0.767081 0.047836 0.021739
15 0.662870 0.735248 0.054670 0.032609
15 0.869021 0.683230 0.052392 0.031056
15 0.669704 0.650621 0.036446 0.027950
15 0.511390 0.677019 0.034169 0.027950
15 0.306378 0.654503 0.056948 0.041925
15 0.219818 0.660714 0.088838 0.054348
15 0.123007 0.626553 0.027335 0.026398
15 0.146925 0.586180 0.038724 0.041925
15 0.156036 0.544255 0.034169 0.029503
15 0.194761 0.491460 0.038724 0.026398
15 0.238041 0.551242 0.052392 0.043478
15 0.325740 0.570652 0.041002 0.026398
15 0.400911 0.526398 0.045558 0.034161
15 0.730068 0.621118 0.038724 0.027950
15 0.502278 0.637422 0.043280 0.029503
15 0.543280 0.611025 0.029613 0.029503
15 0.945330 0.630435 0.036446 0.031056
15 0.874715 0.615683 0.045558 0.035714
15 0.874715 0.565217 0.027335 0.034161
15 0.946469 0.563665 0.034169 0.031056
15 0.897494 0.522516 0.045558 0.038820
15 0.706150 0.584627 0.031891 0.026398
15 0.616173 0.579193 0.043280 0.031056
15 0.543280 0.495342 0.025057 0.021739
15 0.497722 0.453416 0.029613 0.037267
15 0.399772 0.447205 0.025057 0.021739
15 0.335991 0.510093 0.079727 0.035714
15 0.283599 0.469720 0.043280 0.026398
15 0.346241 0.407609 0.041002 0.029503
15 0.282460 0.434783 0.045558 0.027950
15 0.252847 0.395963 0.027335 0.027950
15 0.255125 0.363354 0.050114 0.024845
15 0.328018 0.321429 0.036446 0.024845
15 0.404328 0.312888 0.047836 0.026398
15 0.449886 0.301242 0.034169 0.018634
15 0.488610 0.333075 0.043280 0.020186
15 0.519362 0.378106 0.041002 0.026398
15 0.641230 0.381211 0.043280 0.020186
15 0.708428 0.451863 0.036446 0.015528
15 0.817768 0.521739 0.054670 0.043478
15 0.969248 0.483696 0.029613 0.023292
15 0.856492 0.491460 0.031891 0.020186
15 0.910023 0.441770 0.034169 0.023292
15 0.834852 0.428571 0.034169 0.024845
15 0.779043 0.369565 0.036446 0.031056
15 0.807517 0.352484 0.043280 0.018634
15 0.846241 0.383540 0.043280 0.024845
15 0.911162 0.377329 0.036446 0.027950
15 0.977221 0.360248 0.022779 0.027950
15 0.908884 0.323758 0.041002 0.029503
15 0.728929 0.332298 0.045558 0.031056
15 0.698178 0.326087 0.038724 0.027950
15 0.676538 0.371118 0.063781 0.062112
15 0.444191 0.261646 0.036446 0.026398
15 0.351936 0.236801 0.034169 0.026398
15 0.431663 0.222826 0.047836 0.020186
15 0.414579 0.199534 0.036446 0.020186
15 0.397494 0.166149 0.038724 0.024845
15 0.460137 0.118789 0.027335 0.013975
15 0.489749 0.148292 0.036446 0.023292
15 0.485194 0.188665 0.054670 0.048137
15 0.519362 0.225155 0.050114 0.024845
15 0.566059 0.230590 0.025057 0.032609
15 0.610478 0.199534 0.031891 0.026398
15 0.646925 0.246894 0.022779 0.024845
15 0.708428 0.250000 0.036446 0.021739
