15 0.115327 0.112186 0.066964 0.069632
15 0.038690 0.187621 0.026786 0.027079
15 0.041667 0.264990 0.026786 0.034816
15 0.132440 0.208897 0.026786 0.030948
15 0.152530 0.256286 0.019345 0.021277
15 0.177827 0.176015 0.019345 0.034816
15 0.213542 0.176015 0.010417 0.015474
15 0.227679 0.209865 0.020833 0.040619
15 0.197173 0.216634 0.025298 0.023211
15 0.194196 0.249516 0.013393 0.019342
15 0.175595 0.286267 0.011905 0.034816
15 0.202381 0.278530 0.014881 0.023211
15 0.119792 0.317215 0.016369 0.015474
15 0.120536 0.343327 0.020833 0.025145
15 0.095238 0.344294 0.014881 0.027079
15 0.081845 0.370406 0.023810 0.025145
15 0.059524 0.337524 0.020833 0.025145
15 0.034970 0.345261 0.016369 0.029014
15 0.017857 0.440039 0.017857 0.032882
15 0.018601 0.522244 0.013393 0.042553
15 0.094494 0.498066 0.025298 0.032882
15 0.096726 0.469052 0.017857 0.017408
15 0.121280 0.488395 0.019345 0.036750
15 0.156994 0.427466 0.019345 0.042553
15 0.247024 0.381044 0.017857 0.027079
15 0.176339 0.332689 0.016369 0.027079
15 0.202381 0.346228 0.020833 0.027079
15 0.226190 0.341393 0.020833 0.021277
15 0.258185 0.316248 0.025298 0.032882
15 0.258929 0.270793 0.017857 0.027079
15 0.290179 0.316248 0.011905 0.029014
15 0.303571 0.294004 0.023810 0.042553
15 0.349702 0.294004 0.026786 0.038685
15 0.379464 0.252418 0.032738 0.036750
15 0.395089 0.292070 0.019345 0.015474
15 0.394345 0.333656 0.023810 0.025145
15 0.391369 0.363636 0.032738 0.027079
15 0.349702 0.371373 0.017857 0.015474
15 0.346726 0.419729 0.014881 0.023211
15 0.272321 0.441006 0.020833 0.019342
15 0.239583 0.487427 0.023810 0.027079
15 0.241815 0.598646 0.022321 0.025145
15 0.253720 0.573501 0.022321 0.032882
15 0.272321 0.553191 0.023810 0.027079
15 0.299107 0.542553 0.023810 0.032882
15 0.328125 0.558994 0.019345 0.030948
15 0.351190 0.553191 0.020833 0.034816
15 0.385417 0.560928 0.023810 0.019342
15 0.284226 0.481625 0.023810 0.027079
15 0.307292 0.486460 0.016369 0.025145
15 0.374256 0.504836 0.028274 0.038685
15 0.392857 0.480658 0.023810 0.021277
15 0.377976 0.432302 0.023810 0.036750
15 0.334821 0.463250 0.029762 0.036750
15 0.415179 0.401354 0.014881 0.025145
15 0.428571 0.396518 0.014881 0.034816
15 0.444940 0.387814 0.017857 0.040619
15 0.492560 0.371373 0.026786 0.023211
15 0.495536 0.428433 0.026786 0.029014
15 0.450893 0.454545 0.020833 0.015474
15 0.433780 0.480658 0.019345 0.017408
15 0.442708 0.518375 0.010417 0.030948
15 0.426339 0.539652 0.022321 0.030948
15 0.499256 0.497099 0.019345 0.030948
15 0.523810 0.531915 0.023810 0.038685
15 0.549851 0.515474 0.025298 0.032882
15 0.581845 0.484526 0.023810 0.032882
15 0.601190 0.456480 0.029762 0.023211
15 0.680060 0.416828 0.017857 0.025145
15 0.720238 0.450677 0.017857 0.023211
15 0.849702 0.562863 0.020833 0.030948
15 0.672619 0.562863 0.020833 0.023211
15 0.653274 0.526112 0.020833 0.027079
15 0.590774 0.616054 0.020833 0.021277
15 0.566964 0.620890 0.017857 0.030948
15 0.546131 0.663443 0.023810 0.030948
15 0.452381 0.716634 0.023810 0.017408
15 0.344494 0.716634 0.019345 0.032882
15 0.368304 0.794971 0.019345 0.023211
15 0.343006 0.825919 0.013393 0.027079
15 0.386161 0.840426 0.022321 0.017408
15 0.408482 0.860735 0.025298 0.027079
15 0.377232 0.869439 0.025298 0.036750
15 0.275298 0.890716 0.017857 0.029014
15 0.222470 0.877176 0.025298 0.025145
15 0.168899 0.808511 0.025298 0.050290
15 0.075149 0.914894 0.028274 0.038685
15 0.057292 0.862669 0.019345 0.038685
15 0.058036 0.766925 0.017857 0.032882
15 0.085565 0.797872 0.019345 0.040619
15 0.087054 0.647969 0.034226 0.058027
15 0.509673 0.729207 0.013393 0.023211
15 0.469494 0.766925 0.025298 0.025145
15 0.438244 0.813346 0.019345 0.032882
15 0.463542 0.796905 0.031250 0.038685
15 0.516369 0.951644 0.026786 0.038685
15 0.346726 0.984526 0.017857 0.030948
15 0.570685 0.853965 0.025298 0.036750
15 0.630952 0.787234 0.020833 0.046422
15 0.752232 0.708897 0.025298 0.032882
15 0.812500 0.667311 0.017857 0.046422
15 0.883185 0.762089 0.022321 0.034816
15 0.805804 0.799807 0.019345 0.029014
15 0.907738 0.882979 0.020833 0.017408
15 0.969494 0.980658 0.025298 0.023211
15 0.576637 0.903288 0.016369 0.027079
15 0.722470 0.923598 0.022321 0.036750
