15 0.022353 0.953518 0.035294 0.047739
15 0.560000 0.908291 0.032941 0.042714
15 0.377647 0.763819 0.030588 0.040201
15 0.231765 0.718593 0.035294 0.050251
15 0.564706 0.657035 0.042353 0.042714
15 0.445882 0.633166 0.044706 0.045226
15 0.677647 0.839196 0.042353 0.050251
15 0.231765 0.315327 0.040000 0.042714
15 0.292941 0.258794 0.030588 0.030151
15 0.498824 0.347990 0.032941 0.037688
15 0.707059 0.467337 0.044706 0.035176
15 0.758824 0.128141 0.035294 0.040201
15 0.710588 0.158291 0.032941 0.050251
15 0.770588 0.327889 0.035294 0.042714
15 0.804706 0.518844 0.047059 0.057789
15 0.355294 0.420854 0.042353 0.047739
15 0.457647 0.432161 0.054118 0.055276
15 0.070588 0.257538 0.032941 0.037688
