15 0.129167 0.908594 0.027083 0.026562
15 0.078125 0.907031 0.033333 0.023438
15 0.111458 0.883594 0.020833 0.023438
15 0.055208 0.949219 0.035417 0.039062
15 0.106250 0.824219 0.016667 0.020313
15 0.083854 0.837500 0.015625 0.018750
15 0.090625 0.823438 0.016667 0.015625
15 0.020833 0.740625 0.018750 0.021875
15 0.052083 0.692969 0.022917 0.023438
15 0.061458 0.660156 0.020833 0.020313
15 0.011458 0.657031 0.020833 0.020313
15 0.013542 0.640625 0.016667 0.028125
15 0.053125 0.595313 0.016667 0.025000
15 0.019792 0.574219 0.022917 0.023438
15 0.154167 0.557813 0.016667 0.028125
15 0.189062 0.560937 0.017708 0.021875
15 0.271875 0.600000 0.014583 0.018750
15 0.300000 0.564063 0.016667 0.025000
15 0.253646 0.571094 0.019792 0.023438
15 0.280729 0.535937 0.019792 0.018750
15 0.291146 0.510156 0.026042 0.026562
15 0.272917 0.501563 0.022917 0.018750
15 0.264062 0.489844 0.013542 0.023438
15 0.239063 0.901563 0.021875 0.018750
15 0.284375 0.748437 0.018750 0.034375
15 0.369792 0.755469 0.018750 0.029687
15 0.343229 0.735156 0.032292 0.057813
15 0.328125 0.812500 0.016667 0.037500
15 0.479687 0.792969 0.103125 0.101562
15 0.565625 0.890625 0.022917 0.031250
15 0.463021 0.946875 0.013542 0.040625
15 0.424479 0.953125 0.017708 0.040625
15 0.528125 0.984375 0.016667 0.028125
15 0.657813 0.778906 0.026042 0.039062
15 0.630208 0.784375 0.025000 0.037500
15 0.613542 0.883594 0.025000 0.035937
15 0.570312 0.808594 0.032292 0.039062
15 0.571354 0.715625 0.015625 0.028125
15 0.539062 0.670312 0.026042 0.037500
15 0.437500 0.675781 0.020833 0.032813
15 0.397917 0.720313 0.025000 0.037500
15 0.531771 0.614844 0.019792 0.029687
15 0.486458 0.597656 0.029167 0.026562
15 0.505208 0.567187 0.025000 0.031250
15 0.471354 0.546094 0.026042 0.029687
15 0.424479 0.507812 0.028125 0.021875
15 0.368229 0.535156 0.030208 0.026562
15 0.753125 0.960938 0.031250 0.043750
15 0.717187 0.873437 0.023958 0.046875
15 0.780208 0.855469 0.027083 0.048438
15 0.911979 0.929688 0.036458 0.050000
15 0.959375 0.891406 0.029167 0.026562
15 0.917708 0.860156 0.025000 0.032813
15 0.918750 0.818750 0.031250 0.028125
15 0.977604 0.797656 0.028125 0.035937
15 0.989062 0.747656 0.021875 0.045312
15 0.886979 0.695312 0.036458 0.046875
15 0.738021 0.603125 0.017708 0.025000
15 0.794271 0.577344 0.023958 0.023438
15 0.864583 0.574219 0.027083 0.035937
15 0.917708 0.582812 0.027083 0.034375
15 0.926562 0.542188 0.019792 0.028125
15 0.882812 0.511719 0.019792 0.026562
15 0.753646 0.567187 0.032292 0.037500
15 0.781250 0.546094 0.022917 0.029687
15 0.740104 0.539062 0.019792 0.028125
15 0.684375 0.521875 0.016667 0.028125
15 0.673958 0.489844 0.018750 0.020313
15 0.625000 0.476562 0.018750 0.028125
15 0.611458 0.453906 0.020833 0.026562
15 0.629167 0.441406 0.016667 0.026562
15 0.640625 0.453125 0.014583 0.021875
15 0.673958 0.445312 0.020833 0.031250
15 0.715625 0.432812 0.014583 0.025000
15 0.755729 0.457813 0.021875 0.025000
15 0.785937 0.437500 0.015625 0.025000
15 0.801042 0.431250 0.016667 0.031250
15 0.830208 0.455469 0.016667 0.026562
15 0.776042 0.502344 0.135417 0.076563
15 0.938021 0.480469 0.021875 0.020313
15 0.806771 0.396875 0.021875 0.021875
15 0.870313 0.401562 0.019792 0.028125
15 0.876042 0.386719 0.016667 0.023438
15 0.904167 0.395313 0.029167 0.040625
15 0.681771 0.408594 0.015625 0.017188
15 0.493229 0.481250 0.019792 0.021875
15 0.489583 0.464844 0.014583 0.017188
15 0.511979 0.452344 0.028125 0.017188
15 0.560937 0.335156 0.013542 0.014063
15 0.579688 0.306250 0.015625 0.012500
15 0.579167 0.333594 0.012500 0.017188
15 0.567708 0.385156 0.010417 0.026562
15 0.679688 0.354687 0.015625 0.028125
15 0.669792 0.316406 0.012500 0.014063
15 0.668229 0.284375 0.019792 0.015625
15 0.714063 0.324219 0.007292 0.023438
15 0.735417 0.328906 0.010417 0.017188
15 0.743750 0.354687 0.020833 0.015625
15 0.773958 0.356250 0.014583 0.025000
15 0.779687 0.318750 0.013542 0.043750
15 0.811458 0.335156 0.012500 0.014063
15 0.830729 0.345313 0.013542 0.034375
15 0.844792 0.317188 0.012500 0.015625
15 0.973437 0.335156 0.015625 0.020313
15 0.951562 0.346094 0.013542 0.017188
15 0.926562 0.367969 0.015625 0.023438
15 0.920833 0.339062 0.018750 0.031250
15 0.871875 0.282031 0.083333 0.048438
15 0.758333 0.303906 0.016667 0.020313
15 0.752083 0.263281 0.016667 0.020313
15 0.697396 0.232031 0.019792 0.039062
