15 0.178315 0.792481 0.032258 0.042105
15 0.423387 0.885714 0.029570 0.048120
15 0.468638 0.597744 0.025090 0.058647
15 0.340502 0.506015 0.028674 0.043609
15 0.030018 0.886466 0.024194 0.031579
15 0.503584 0.260150 0.019713 0.042105
15 0.582885 0.169173 0.034946 0.073684
15 0.581541 0.344361 0.017921 0.042105
15 0.672939 0.326316 0.014337 0.039098
15 0.711918 0.774436 0.018817 0.045113
15 0.853943 0.622556 0.023297 0.054135
15 0.806452 0.436842 0.017921 0.043609
15 0.823925 0.375940 0.024194 0.048120
15 0.815412 0.321053 0.017921 0.034586
15 0.802867 0.194737 0.019713 0.052632
15 0.887545 0.274436 0.027778 0.049624
