15 0.407917 0.892137 0.034423 0.038306
15 0.504303 0.879032 0.044750 0.064516
15 0.299484 0.713710 0.037866 0.044355
15 0.581756 0.742944 0.034423 0.046371
15 0.646299 0.540323 0.032702 0.036290
15 0.631670 0.474798 0.037866 0.038306
15 0.549053 0.457661 0.058520 0.072581
15 0.324441 0.340726 0.029260 0.032258
15 0.401893 0.257056 0.043029 0.046371
15 0.581756 0.202621 0.034423 0.046371
15 0.697074 0.054435 0.034423 0.040323
15 0.788296 0.129032 0.034423 0.044355
15 0.938898 0.279234 0.029260 0.034274
15 0.903614 0.410282 0.037866 0.034274
15 0.169535 0.225806 0.036145 0.044355
15 0.954389 0.098790 0.032702 0.040323
