15 0.186851 0.685748 0.051903 0.049065
15 0.230104 0.500000 0.027682 0.051402
15 0.315744 0.644860 0.029412 0.037383
15 0.431661 0.602804 0.029412 0.037383
15 0.405709 0.745327 0.025952 0.037383
15 0.594291 0.974299 0.032872 0.046729
15 0.771626 0.751168 0.038062 0.058411
15 0.824394 0.605140 0.029412 0.028037
15 0.844291 0.285047 0.048443 0.056075
15 0.887543 0.044393 0.034602 0.028037
15 0.648789 0.324766 0.020761 0.023364
15 0.487024 0.253505 0.029412 0.039720
15 0.301038 0.146028 0.027682 0.049065
