15 0.195833 0.016713 0.016667 0.030641
15 0.108333 0.018106 0.037500 0.019499
15 0.082812 0.052925 0.021875 0.033426
15 0.102083 0.057103 0.025000 0.027855
15 0.129688 0.112813 0.030208 0.033426
15 0.061458 0.123259 0.020833 0.034819
15 0.076563 0.109331 0.030208 0.032033
15 0.066667 0.076602 0.029167 0.050139
15 0.042188 0.059889 0.019792 0.033426
15 0.025521 0.041783 0.019792 0.027855
15 0.015625 0.109331 0.029167 0.029248
15 0.013021 0.075209 0.023958 0.016713
15 0.039583 0.176184 0.025000 0.029248
15 0.049479 0.223538 0.036458 0.034819
15 0.118750 0.185237 0.027083 0.036212
15 0.150000 0.157382 0.022917 0.033426
15 0.202083 0.113510 0.018750 0.034819
15 0.253125 0.126741 0.022917 0.041783
15 0.291146 0.075209 0.028125 0.030641
15 0.310417 0.151114 0.016667 0.023677
15 0.179688 0.208914 0.026042 0.041783
15 0.213021 0.196379 0.015625 0.044568
15 0.232292 0.187326 0.020833 0.051532
15 0.281250 0.189415 0.018750 0.036212
15 0.096875 0.518802 0.033333 0.026462
15 0.164062 0.471448 0.032292 0.048747
15 0.100000 0.922006 0.025000 0.025070
15 0.123958 0.801532 0.037500 0.054318
15 0.022396 0.831476 0.042708 0.055710
15 0.103646 0.711699 0.053125 0.069638
15 0.017708 0.616992 0.033333 0.047354
15 0.046875 0.502089 0.052083 0.090529
15 0.737500 0.068942 0.031250 0.026462
15 0.715104 0.075905 0.028125 0.057103
15 0.374479 0.139276 0.021875 0.025070
15 0.403125 0.109331 0.037500 0.037604
15 0.445833 0.061281 0.031250 0.030641
15 0.419271 0.329387 0.019792 0.029248
15 0.460938 0.318942 0.019792 0.033426
15 0.501042 0.324513 0.022917 0.030641
15 0.506771 0.283426 0.019792 0.037604
15 0.558333 0.303621 0.022917 0.050139
15 0.597917 0.290390 0.039583 0.043175
15 0.652604 0.256267 0.021875 0.038997
15 0.705729 0.268802 0.028125 0.030641
15 0.749479 0.236769 0.028125 0.036212
15 0.779167 0.217967 0.025000 0.029248
15 0.824479 0.190808 0.023958 0.038997
15 0.850521 0.211699 0.015625 0.033426
15 0.921875 0.266017 0.025000 0.041783
15 0.980729 0.295961 0.032292 0.048747
15 0.818750 0.029248 0.089583 0.055710
15 0.629687 0.121170 0.030208 0.025070
15 0.640625 0.080084 0.031250 0.029248
15 0.665625 0.022284 0.018750 0.027855
15 0.640104 0.018106 0.017708 0.025070
15 0.613021 0.022284 0.032292 0.033426
15 0.592187 0.057103 0.030208 0.050139
15 0.554167 0.100279 0.037500 0.038997
15 0.566146 0.131616 0.021875 0.032033
15 0.521875 0.164345 0.031250 0.027855
15 0.422917 0.194290 0.027083 0.023677
15 0.398438 0.176184 0.030208 0.037604
15 0.436458 0.156685 0.033333 0.034819
15 0.472396 0.109331 0.019792 0.040390
15 0.513021 0.099582 0.026042 0.059889
15 0.531771 0.017409 0.036458 0.029248
15 0.416146 0.392061 0.032292 0.043175
15 0.483333 0.410864 0.029167 0.041783
15 0.521875 0.391365 0.022917 0.027855
15 0.570312 0.401114 0.023958 0.033426
15 0.593750 0.384401 0.035417 0.055710
15 0.650521 0.360028 0.028125 0.020891
15 0.646354 0.394150 0.030208 0.030641
15 0.633333 0.426184 0.027083 0.036212
15 0.561458 0.431755 0.039583 0.016713
15 0.553646 0.455432 0.038542 0.022284
15 0.595833 0.487465 0.025000 0.027855
15 0.421354 0.548747 0.038542 0.044568
15 0.435417 0.616295 0.016667 0.034819
15 0.398438 0.660864 0.026042 0.043175
15 0.411979 0.707521 0.026042 0.022284
15 0.417187 0.750696 0.040625 0.027855
15 0.395313 0.844011 0.023958 0.036212
15 0.421354 0.827994 0.023958 0.032033
15 0.443750 0.892758 0.045833 0.044568
15 0.411979 0.938022 0.026042 0.020891
15 0.492708 0.922006 0.027083 0.038997
15 0.554167 0.882312 0.037500 0.034819
15 0.483854 0.802228 0.021875 0.038997
15 0.505208 0.780641 0.029167 0.048747
15 0.467187 0.708217 0.015625 0.023677
15 0.508333 0.672702 0.031250 0.044568
15 0.555729 0.628134 0.032292 0.033426
15 0.577604 0.720056 0.030208 0.036212
15 0.534896 0.736072 0.028125 0.034819
15 0.629167 0.811281 0.029167 0.045961
15 0.681771 0.804318 0.032292 0.043175
15 0.675000 0.688719 0.025000 0.040390
15 0.630729 0.657382 0.030208 0.036212
15 0.643229 0.631616 0.036458 0.037604
15 0.711458 0.614206 0.027083 0.038997
15 0.761979 0.652507 0.017708 0.037604
15 0.781250 0.714485 0.020833 0.030641
15 0.807292 0.802925 0.022917 0.037604
15 0.709896 0.763231 0.023958 0.036212
15 0.835417 0.924095 0.025000 0.034819
15 0.870313 0.770195 0.032292 0.044568
15 0.977604 0.893454 0.021875 0.037604
15 0.988021 0.954735 0.023958 0.034819
15 0.965625 0.987465 0.022917 0.025070
15 0.832812 0.578691 0.021875 0.032033
15 0.832292 0.520891 0.025000 0.033426
15 0.795833 0.511838 0.025000 0.043175
15 0.755729 0.486769 0.019792 0.029248
15 0.734375 0.506964 0.029167 0.050139
15 0.718750 0.382312 0.031250 0.040390
15 0.765104 0.326602 0.044792 0.059889
15 0.790625 0.360724 0.022917 0.036212
15 0.816146 0.388579 0.019792 0.041783
15 0.826562 0.358635 0.023958 0.029248
15 0.823438 0.327298 0.032292 0.041783
15 0.870833 0.325209 0.020833 0.029248
15 0.882292 0.348189 0.022917 0.030641
15 0.900521 0.419916 0.017708 0.032033
15 0.885938 0.479109 0.021875 0.044568
15 0.950521 0.493733 0.036458 0.068245
15 0.973437 0.444986 0.023958 0.045961
15 0.252083 0.236072 0.033333 0.034819
15 0.307812 0.214485 0.021875 0.030641
15 0.331250 0.030641 0.010417 0.022284
15 0.316667 0.010446 0.018750 0.015320
