15 0.984517 0.779412 0.030965 0.034314
15 0.812386 0.849265 0.047359 0.051471
15 0.630237 0.834559 0.069217 0.066176
15 0.718579 0.669118 0.041894 0.058824
15 0.588342 0.661765 0.054645 0.058824
15 0.513661 0.604167 0.043716 0.051471
15 0.424408 0.699755 0.054645 0.051471
15 0.186703 0.816176 0.049180 0.034314
15 0.158470 0.876225 0.029144 0.041667
15 0.119308 0.682598 0.030965 0.061275
15 0.112022 0.450980 0.023679 0.053922
15 0.239526 0.441176 0.034608 0.058824
15 0.410747 0.498775 0.038251 0.071078
15 0.321494 0.285539 0.034608 0.051471
15 0.514572 0.040441 0.089253 0.051471
