15 0.191204 0.979441 0.028704 0.041118
15 0.199074 0.904605 0.027778 0.046053
15 0.275463 0.830592 0.019444 0.046053
15 0.297685 0.877467 0.012037 0.027961
15 0.357870 0.922697 0.017593 0.019737
15 0.309722 0.985197 0.047222 0.029605
15 0.461111 0.984375 0.031481 0.031250
15 0.463889 0.902961 0.029630 0.042763
15 0.434259 0.865132 0.025926 0.032895
15 0.489352 0.855263 0.026852 0.046053
15 0.457407 0.791118 0.037037 0.049342
15 0.517593 0.756579 0.031481 0.049342
15 0.451852 0.728618 0.029630 0.039474
15 0.419444 0.706414 0.018519 0.034539
15 0.390741 0.703947 0.033333 0.042763
15 0.347685 0.671875 0.019444 0.021382
15 0.354630 0.624178 0.027778 0.037829
15 0.385185 0.606908 0.022222 0.032895
15 0.425463 0.617599 0.023148 0.031250
15 0.399537 0.654605 0.026852 0.032895
15 0.487500 0.615954 0.026852 0.047697
15 0.202315 0.774671 0.034259 0.046053
15 0.226852 0.756579 0.022222 0.032895
15 0.249074 0.737664 0.018519 0.041118
15 0.272685 0.691612 0.026852 0.037829
15 0.313426 0.636513 0.019444 0.032895
15 0.375926 0.555099 0.018519 0.021382
15 0.352778 0.527138 0.031481 0.041118
15 0.445370 0.512336 0.024074 0.034539
15 0.506481 0.560855 0.020370 0.026316
15 0.533333 0.504112 0.022222 0.021382
15 0.614352 0.518914 0.015741 0.018092
15 0.573611 0.581414 0.015741 0.014803
15 0.596296 0.595395 0.027778 0.016447
15 0.567130 0.606908 0.025000 0.039474
15 0.637037 0.571546 0.012963 0.031250
15 0.662963 0.565789 0.022222 0.026316
15 0.666667 0.550164 0.016667 0.027961
15 0.669907 0.510691 0.019444 0.024671
15 0.648611 0.494243 0.008333 0.014803
15 0.674537 0.465461 0.013889 0.026316
15 0.717593 0.495888 0.012963 0.021382
15 0.714815 0.511513 0.020370 0.019737
15 0.741667 0.518914 0.025926 0.027961
15 0.739815 0.454770 0.012963 0.021382
15 0.878241 0.513980 0.017593 0.027961
15 0.922685 0.473684 0.015741 0.026316
15 0.974074 0.459704 0.022222 0.024671
15 0.975926 0.509046 0.016667 0.037829
15 0.900463 0.551809 0.043519 0.027961
15 0.858796 0.617599 0.019444 0.027961
15 0.830556 0.638158 0.016667 0.026316
15 0.721759 0.640625 0.019444 0.027961
15 0.653704 0.717928 0.037037 0.037829
15 0.725463 0.711349 0.023148 0.024671
15 0.738889 0.788651 0.020370 0.034539
15 0.754167 0.843750 0.028704 0.046053
15 0.695370 0.886513 0.020370 0.023026
15 0.657407 0.972862 0.022222 0.054276
15 0.727315 0.938322 0.028704 0.034539
15 0.763889 0.977796 0.022222 0.037829
15 0.806481 0.974507 0.025926 0.034539
15 0.820833 0.922697 0.036111 0.059211
15 0.849537 0.888980 0.037963 0.041118
15 0.873611 0.976974 0.045370 0.046053
15 0.954167 0.914474 0.047222 0.059211
15 0.954630 0.846217 0.057407 0.070724
15 0.838889 0.761513 0.037037 0.065789
15 0.647685 0.332237 0.026852 0.049342
15 0.735185 0.319901 0.022222 0.037829
15 0.838426 0.334704 0.037963 0.041118
15 0.914352 0.321546 0.032407 0.057566
15 0.462500 0.352796 0.013889 0.021382
15 0.500000 0.367599 0.018519 0.024671
15 0.494444 0.325658 0.012963 0.029605
15 0.531944 0.318257 0.008333 0.021382
15 0.530093 0.353618 0.012037 0.026316
15 0.569907 0.337993 0.013889 0.024671
15 0.579167 0.318257 0.019444 0.031250
15 0.607407 0.324836 0.014815 0.027961
15 0.466204 0.262336 0.010185 0.021382
15 0.487037 0.272204 0.012963 0.021382
15 0.512963 0.288651 0.018519 0.024671
15 0.549537 0.282895 0.049074 0.032895
15 0.579630 0.252467 0.016667 0.021382
15 0.550463 0.251645 0.013889 0.013158
15 0.493056 0.237664 0.012037 0.018092
15 0.558333 0.218750 0.020370 0.019737
15 0.509722 0.214638 0.013889 0.014803
15 0.534722 0.208059 0.015741 0.018092
15 0.473611 0.207237 0.013889 0.019737
15 0.520370 0.189967 0.011111 0.018092
15 0.619907 0.194901 0.013889 0.021382
15 0.642593 0.177632 0.014815 0.013158
15 0.651852 0.194901 0.020370 0.014803
15 0.675926 0.210526 0.033333 0.019737
15 0.648148 0.219572 0.027778 0.027961
15 0.675000 0.238487 0.014815 0.013158
15 0.691667 0.249178 0.016667 0.018092
15 0.684259 0.285362 0.025926 0.011513
15 0.693981 0.301809 0.032407 0.027961
15 0.696296 0.347862 0.012963 0.018092
15 0.728241 0.272204 0.017593 0.027961
15 0.765741 0.287829 0.025926 0.036184
15 0.731481 0.217105 0.011111 0.013158
15 0.737500 0.202303 0.017593 0.016447
15 0.792593 0.218750 0.022222 0.032895
15 0.748611 0.243421 0.015741 0.016447
15 0.773148 0.248355 0.033333 0.036184
15 0.052778 0.802632 0.020370 0.016447
15 0.050926 0.741776 0.031481 0.036184
15 0.060185 0.705592 0.029630 0.029605
15 0.084722 0.675164 0.034259 0.034539
15 0.061574 0.642270 0.019444 0.037829
15 0.072685 0.617599 0.019444 0.024671
15 0.019907 0.643092 0.037963 0.026316
15 0.037500 0.596217 0.012037 0.018092
15 0.083796 0.566612 0.021296 0.027961
15 0.060648 0.597039 0.021296 0.016447
15 0.108333 0.589638 0.020370 0.027961
15 0.150000 0.588816 0.020370 0.029605
15 0.011574 0.473684 0.019444 0.029605
15 0.036111 0.449836 0.022222 0.024671
15 0.067593 0.500822 0.016667 0.034539
15 0.077778 0.485197 0.016667 0.032895
15 0.116204 0.478618 0.015741 0.029605
15 0.111111 0.511513 0.022222 0.016447
15 0.127778 0.539474 0.040741 0.036184
15 0.162500 0.546875 0.021296 0.031250
15 0.186111 0.541118 0.016667 0.019737
15 0.143056 0.475329 0.015741 0.023026
15 0.173611 0.499178 0.054630 0.041118
15 0.073611 0.388158 0.015741 0.039474
15 0.104167 0.408717 0.025000 0.034539
15 0.102315 0.382401 0.013889 0.031250
15 0.113426 0.367599 0.013889 0.034539
15 0.132407 0.392270 0.011111 0.027961
15 0.128704 0.343750 0.014815 0.032895
15 0.149074 0.330592 0.011111 0.026316
15 0.171759 0.334704 0.012037 0.024671
15 0.192593 0.414474 0.040741 0.046053
15 0.241204 0.442434 0.013889 0.016447
15 0.227778 0.360197 0.024074 0.036184
15 0.194907 0.315789 0.012037 0.019737
15 0.213426 0.312500 0.013889 0.019737
15 0.238889 0.324836 0.016667 0.014803
15 0.256019 0.324013 0.012037 0.029605
15 0.267130 0.310033 0.013889 0.031250
15 0.290741 0.295230 0.007407 0.024671
15 0.294907 0.283717 0.013889 0.027961
15 0.310185 0.262336 0.018519 0.031250
15 0.241667 0.297697 0.020370 0.026316
15 0.220370 0.290296 0.014815 0.018092
15 0.110648 0.310855 0.015741 0.023026
15 0.138426 0.306743 0.013889 0.018092
15 0.165741 0.300987 0.014815 0.026316
15 0.150463 0.259868 0.017593 0.036184
15 0.190741 0.253289 0.012963 0.019737
15 0.188889 0.226974 0.011111 0.019737
15 0.212500 0.268914 0.012037 0.011513
15 0.211111 0.256579 0.007407 0.013158
15 0.216204 0.244243 0.010185 0.014803
15 0.197685 0.233553 0.017593 0.016447
15 0.207407 0.206414 0.007407 0.008224
15 0.220833 0.214638 0.008333 0.014803
15 0.237500 0.236842 0.010185 0.016447
15 0.245833 0.223684 0.013889 0.013158
15 0.246759 0.208882 0.012037 0.016447
15 0.266204 0.218750 0.008333 0.013158
15 0.278704 0.241776 0.011111 0.016447
15 0.262037 0.260691 0.011111 0.011513
15 0.274537 0.280428 0.010185 0.014803
15 0.344907 0.210526 0.019444 0.019737
15 0.299074 0.230263 0.011111 0.019737
15 0.281019 0.203947 0.030556 0.016447
15 0.115741 0.229441 0.011111 0.018092
15 0.081944 0.233553 0.019444 0.016447
15 0.084259 0.261513 0.027778 0.023026
15 0.058796 0.302632 0.028704 0.019737
15 0.050000 0.319901 0.022222 0.011513
15 0.044444 0.219572 0.018519 0.024671
15 0.026389 0.263158 0.034259 0.039474
15 0.050000 0.130757 0.011111 0.011513
15 0.072222 0.131579 0.009259 0.009868
15 0.093981 0.133224 0.012037 0.009868
15 0.126389 0.120888 0.008333 0.018092
15 0.165278 0.134868 0.010185 0.016447
15 0.195370 0.125822 0.011111 0.014803
15 0.192130 0.106908 0.010185 0.016447
15 0.214815 0.112664 0.009259 0.011513
15 0.244907 0.117599 0.010185 0.011513
15 0.241204 0.103618 0.013889 0.016447
15 0.237500 0.089638 0.012037 0.014803
15 0.283333 0.130757 0.029630 0.018092
15 0.275000 0.114309 0.011111 0.011513
15 0.287037 0.080592 0.014815 0.019737
15 0.317593 0.098684 0.024074 0.016447
15 0.309722 0.125000 0.012037 0.013158
15 0.383333 0.132401 0.011111 0.014803
15 0.342130 0.078947 0.010185 0.013158
15 0.350926 0.089638 0.012963 0.014803
15 0.353704 0.066612 0.009259 0.011513
15 0.376852 0.079770 0.009259 0.014803
15 0.395833 0.087171 0.010185 0.009868
15 0.406019 0.099507 0.012037 0.008224
15 0.015741 0.123355 0.014815 0.016447
15 0.077778 0.081414 0.007407 0.011513
15 0.074074 0.111842 0.009259 0.013158
15 0.052778 0.109375 0.011111 0.021382
15 0.016204 0.068257 0.012037 0.011513
15 0.037037 0.073191 0.012963 0.018092
15 0.023611 0.100329 0.043519 0.019737
15 0.096296 0.090461 0.014815 0.016447
15 0.077315 0.058388 0.010185 0.008224
15 0.106019 0.068257 0.015741 0.011513
15 0.151389 0.083882 0.008333 0.013158
15 0.137963 0.078125 0.011111 0.011513
15 0.135648 0.089638 0.010185 0.014803
15 0.178241 0.092105 0.013889 0.016447
15 0.181944 0.075658 0.013889 0.013158
15 0.171759 0.064967 0.010185 0.014803
15 0.192130 0.062500 0.010185 0.013158
15 0.218981 0.084704 0.008333 0.011513
15 0.211111 0.048520 0.007407 0.011513
15 0.242593 0.064145 0.009259 0.013158
15 0.262037 0.066612 0.009259 0.014803
15 0.302315 0.049342 0.010185 0.026316
15 0.377778 0.044408 0.007407 0.016447
15 0.388426 0.049342 0.008333 0.016447
15 0.408796 0.059211 0.013889 0.016447
15 0.200926 0.032072 0.012963 0.018092
15 0.229630 0.025493 0.011111 0.011513
15 0.230093 0.041941 0.010185 0.024671
15 0.268519 0.027961 0.044444 0.036184
15 0.122685 0.032072 0.012037 0.011513
15 0.109259 0.041118 0.011111 0.019737
15 0.041667 0.045230 0.018519 0.021382
15 0.071759 0.015625 0.012037 0.014803
15 0.078241 0.032072 0.010185 0.011513
15 0.093519 0.026316 0.009259 0.016447
15 0.094444 0.010691 0.007407 0.018092
15 0.012963 0.032895 0.009259 0.013158
15 0.332870 0.038651 0.019444 0.037829
15 0.498611 0.136513 0.012037 0.023026
15 0.535648 0.169408 0.008333 0.013158
15 0.587037 0.175987 0.009259 0.013158
15 0.556481 0.145559 0.009259 0.014803
15 0.546759 0.118421 0.013889 0.016447
15 0.527315 0.108553 0.015741 0.013158
15 0.493056 0.106086 0.015741 0.021382
15 0.669444 0.116776 0.014815 0.023026
15 0.669444 0.132401 0.007407 0.018092
15 0.629630 0.133224 0.031481 0.032895
15 0.600000 0.140625 0.012963 0.021382
15 0.595833 0.112664 0.036111 0.037829
15 0.560185 0.086349 0.025926 0.011513
15 0.567593 0.107730 0.016667 0.018092
15 0.532870 0.084704 0.013889 0.014803
15 0.756019 0.128289 0.010185 0.023026
15 0.771759 0.125000 0.010185 0.013158
15 0.793519 0.168586 0.014815 0.027961
15 0.727315 0.089638 0.010185 0.014803
15 0.689352 0.101974 0.013889 0.013158
15 0.618519 0.098684 0.012963 0.023026
15 0.643056 0.101974 0.013889 0.026316
15 0.557870 0.063322 0.023148 0.021382
15 0.651389 0.055099 0.021296 0.021382
15 0.650926 0.070724 0.018519 0.023026
15 0.683333 0.059211 0.011111 0.013158
15 0.672222 0.083059 0.016667 0.034539
15 0.576389 0.035362 0.010185 0.018092
15 0.602778 0.041941 0.012963 0.018092
15 0.614352 0.032895 0.008333 0.016447
15 0.408796 0.348684 0.012037 0.019737
