15 0.886963 0.573670 0.020804 0.028649
15 0.529820 0.598909 0.024965 0.032742
15 0.647018 0.669168 0.042996 0.036835
15 0.610264 0.633015 0.033287 0.024557
15 0.552011 0.658936 0.058252 0.038199
15 0.662275 0.578445 0.034674 0.035471
15 0.656727 0.529332 0.031900 0.038199
15 0.186546 0.648022 0.054092 0.043656
15 0.156727 0.736698 0.069348 0.046385
15 0.392510 0.468622 0.024965 0.028649
15 0.339112 0.449523 0.031900 0.025921
15 0.388350 0.287858 0.044383 0.070941
15 0.522191 0.316508 0.040222 0.073670
15 0.755201 0.409959 0.054092 0.058663
15 0.846047 0.326057 0.041609 0.046385
15 0.767684 0.293315 0.042996 0.049113
15 0.819001 0.262619 0.037448 0.053206
15 0.856449 0.236698 0.040222 0.053206
15 0.736477 0.203956 0.063800 0.053206
15 0.644244 0.208049 0.048544 0.045020
15 0.574202 0.220327 0.044383 0.050477
15 0.492372 0.173261 0.061026 0.040928
15 0.300277 0.166439 0.065187 0.051842
15 0.159501 0.122783 0.047157 0.040928
15 0.092926 0.129604 0.063800 0.051842
15 0.038141 0.147340 0.045770 0.046385
15 0.282247 0.033424 0.059639 0.055935
15 0.610264 0.078445 0.110957 0.061392
15 0.830097 0.104366 0.067961 0.080491
15 0.966713 0.040246 0.047157 0.036835
15 0.728155 0.610505 0.030513 0.042292
15 0.810680 0.620055 0.018031 0.034106
15 0.737171 0.684175 0.023578 0.034106
15 0.781553 0.781037 0.026352 0.039563
15 0.845354 0.794679 0.015257 0.025921
15 0.779473 0.928377 0.038835 0.031378
15 0.830791 0.930423 0.030513 0.046385
