15 0.200466 0.548536 0.039627 0.061633
15 0.355478 0.366718 0.041958 0.058552
15 0.402098 0.185670 0.034965 0.069337
15 0.469697 0.208783 0.034965 0.078582
15 0.502914 0.119414 0.033800 0.053929
15 0.581002 0.095532 0.052448 0.049307
15 0.812937 0.136364 0.029138 0.060092
15 0.858974 0.124807 0.037296 0.046225
15 0.909091 0.110169 0.025641 0.053929
15 0.565851 0.264253 0.019814 0.035439
15 0.620629 0.462250 0.036131 0.058552
15 0.594988 0.656394 0.024476 0.040062
15 0.364219 0.791988 0.026807 0.064715
15 0.402681 0.789676 0.022145 0.041602
15 0.533217 0.848998 0.017483 0.040062
15 0.615385 0.790447 0.020979 0.027735
15 0.638112 0.758860 0.024476 0.044684
15 0.471445 0.864407 0.031469 0.052388
15 0.319930 0.940678 0.038462 0.035439
15 0.915501 0.793529 0.052448 0.067797
15 0.944056 0.694145 0.055944 0.078582
15 0.846154 0.415254 0.020979 0.035439
15 0.741259 0.640986 0.023310 0.033898
15 0.205128 0.377504 0.044289 0.043143
15 0.244755 0.666410 0.030303 0.038521
15 0.356643 0.673344 0.023310 0.036980
15 0.101981 0.677196 0.031469 0.026194
