15 0.106911 0.633333 0.045356 0.072464
15 0.100432 0.556522 0.036717 0.040580
15 0.302376 0.700000 0.082073 0.101449
15 0.587473 0.686957 0.038877 0.063768
15 0.677106 0.552174 0.028078 0.049275
15 0.712743 0.728986 0.051836 0.078261
15 0.495680 0.508696 0.028078 0.031884
15 0.441685 0.484058 0.032397 0.028986
15 0.456803 0.527536 0.032397 0.034783
15 0.498920 0.443478 0.025918 0.034783
15 0.366091 0.462319 0.036717 0.049275
15 0.410367 0.365217 0.025918 0.034783
15 0.573434 0.320290 0.045356 0.055072
15 0.437365 0.191304 0.036717 0.034783
15 0.440605 0.118841 0.038877 0.057971
15 0.518359 0.128986 0.030238 0.055072
15 0.312095 0.214493 0.028078 0.040580
15 0.346652 0.146377 0.053996 0.078261
15 0.275378 0.173913 0.028078 0.028986
15 0.190065 0.043478 0.038877 0.034783
15 0.226782 0.344928 0.034557 0.052174
15 0.132829 0.397101 0.032397 0.034783
15 0.018359 0.384058 0.028078 0.049275
15 0.023758 0.124638 0.034557 0.040580
15 0.019438 0.065217 0.030238 0.049275
15 0.985961 0.155072 0.023758 0.049275
