15 0.050463 0.906447 0.073148 0.117925
15 0.244907 0.858491 0.043519 0.066038
15 0.336574 0.917453 0.050926 0.070755
15 0.416667 0.941824 0.050000 0.075472
15 0.581944 0.920597 0.063889 0.102201
15 0.390278 0.768868 0.050926 0.078616
15 0.282870 0.679245 0.041667 0.056604
15 0.184259 0.688679 0.055556 0.091195
15 0.233333 0.580975 0.031481 0.073899
15 0.179167 0.558176 0.034259 0.059748
15 0.095833 0.466195 0.047222 0.055031
15 0.122222 0.305031 0.031481 0.062893
15 0.080556 0.155660 0.044444 0.066038
15 0.249537 0.288522 0.049074 0.080189
15 0.329167 0.243711 0.036111 0.072327
15 0.381944 0.249214 0.045370 0.080189
15 0.312963 0.446541 0.046296 0.066038
15 0.295833 0.525157 0.054630 0.056604
15 0.225463 0.445755 0.045370 0.095912
15 0.368519 0.559748 0.042593 0.097484
15 0.398148 0.589623 0.059259 0.088050
15 0.456944 0.602987 0.050926 0.102201
15 0.541667 0.559748 0.046296 0.075472
15 0.571296 0.637579 0.059259 0.073899
15 0.543056 0.400157 0.062037 0.121069
15 0.602315 0.355346 0.075000 0.100629
15 0.743056 0.506289 0.047222 0.047170
15 0.744907 0.588050 0.054630 0.088050
15 0.827778 0.507075 0.033333 0.067610
15 0.510648 0.177673 0.052778 0.050314
15 0.637963 0.132862 0.064815 0.092767
15 0.641204 0.036164 0.049074 0.062893
15 0.419444 0.016509 0.057407 0.023585
15 0.443056 0.169025 0.049074 0.073899
15 0.232870 0.040881 0.047222 0.056604
15 0.843519 0.053459 0.051852 0.100629
15 0.890278 0.094340 0.047222 0.047170
