15 0.218391 0.392231 0.037356 0.062657
15 0.273707 0.436090 0.027299 0.050125
15 0.239224 0.577694 0.038793 0.052632
15 0.074713 0.388471 0.040230 0.045113
15 0.026580 0.611529 0.038793 0.065163
15 0.153017 0.636591 0.044540 0.055138
15 0.329741 0.609023 0.033046 0.055138
15 0.388649 0.738095 0.050287 0.077694
15 0.595546 0.497494 0.056034 0.092732
15 0.505029 0.492481 0.038793 0.052632
15 0.542385 0.417293 0.027299 0.047619
15 0.423851 0.462406 0.051724 0.062657
15 0.061063 0.144110 0.038793 0.057644
15 0.661638 0.275689 0.044540 0.045113
15 0.673132 0.324561 0.030172 0.057644
15 0.662356 0.180451 0.028736 0.060150
15 0.716954 0.184211 0.022989 0.077694
15 0.525862 0.130326 0.060345 0.080201
15 0.829741 0.422306 0.027299 0.072682
15 0.836925 0.219298 0.027299 0.062657
15 0.923851 0.137845 0.025862 0.045113
