15 0.233032 0.777480 0.040724 0.048257
15 0.211538 0.719839 0.065611 0.050938
15 0.281674 0.847185 0.042986 0.042895
15 0.308824 0.788204 0.029412 0.042895
15 0.329186 0.820375 0.033937 0.048257
15 0.532805 0.782842 0.033937 0.048257
15 0.770362 0.743968 0.042986 0.040214
15 0.808824 0.738606 0.029412 0.034853
15 0.647059 0.894102 0.049774 0.056300
15 0.567873 0.882038 0.049774 0.037534
15 0.523756 0.605898 0.033937 0.042895
15 0.600679 0.571046 0.042986 0.042895
15 0.432127 0.524129 0.040724 0.050938
15 0.279412 0.652815 0.038462 0.040214
15 0.263575 0.363271 0.033937 0.045576
15 0.479638 0.209115 0.036199 0.032172
15 0.769231 0.351206 0.049774 0.053619
15 0.897059 0.808311 0.029412 0.040214
15 0.719457 0.525469 0.045249 0.064343
15 0.618778 0.428954 0.029412 0.042895
15 0.671946 0.442359 0.031674 0.042895
