15 0.950000 0.948378 0.020370 0.029499
15 0.954167 0.883481 0.023148 0.020649
15 0.947685 0.816372 0.019444 0.030973
15 0.981481 0.797198 0.018519 0.033923
15 0.955556 0.738201 0.018519 0.028024
15 0.912037 0.763274 0.014815 0.019174
15 0.902315 0.741150 0.021296 0.025074
15 0.950000 0.709440 0.014815 0.020649
15 0.964352 0.705752 0.010185 0.022124
15 0.962500 0.694690 0.008333 0.017699
15 0.939352 0.679204 0.013889 0.016224
15 0.945833 0.673304 0.012037 0.016224
15 0.972222 0.688791 0.009259 0.020649
15 0.987037 0.671829 0.009259 0.019174
15 0.965741 0.660029 0.011111 0.016224
15 0.967130 0.639381 0.017593 0.028024
15 0.971296 0.623894 0.009259 0.020649
15 0.980556 0.603982 0.007407 0.016224
15 0.993519 0.618732 0.011111 0.025074
15 0.957407 0.609145 0.012963 0.014749
15 0.930556 0.615044 0.014815 0.017699
15 0.956019 0.578909 0.015741 0.016224
15 0.978704 0.559735 0.014815 0.016224
15 0.876389 0.787611 0.017593 0.026549
15 0.862963 0.772861 0.012963 0.017699
15 0.854630 0.752950 0.018519 0.022124
15 0.840741 0.789086 0.018519 0.029499
15 0.811574 0.755162 0.017593 0.020649
15 0.812500 0.797198 0.017593 0.019174
15 0.804167 0.867257 0.019444 0.026549
15 0.832407 0.882743 0.014815 0.025074
15 0.830093 0.911504 0.010185 0.017699
15 0.852315 0.916667 0.021296 0.019174
15 0.842593 0.932153 0.012963 0.020649
15 0.805093 0.969027 0.013889 0.017699
15 0.835648 0.989676 0.019444 0.017699
15 0.816204 0.660029 0.023148 0.025074
15 0.830556 0.651917 0.012963 0.014749
15 0.825926 0.639381 0.016667 0.013274
15 0.856019 0.598083 0.017593 0.019174
15 0.907407 0.575959 0.020370 0.019174
15 0.924537 0.557522 0.019444 0.020649
15 0.893056 0.552360 0.012037 0.016224
15 0.796296 0.714602 0.022222 0.025074
15 0.778241 0.713864 0.019444 0.017699
15 0.741667 0.692478 0.018519 0.022124
15 0.776389 0.661504 0.019444 0.022124
15 0.752778 0.650442 0.016667 0.020649
15 0.780556 0.630531 0.014815 0.019174
15 0.780556 0.615782 0.012963 0.019174
15 0.789352 0.593658 0.013889 0.016224
15 0.766667 0.586283 0.014815 0.016224
15 0.752778 0.601032 0.014815 0.016224
15 0.725926 0.632006 0.007407 0.016224
15 0.693981 0.719027 0.012037 0.022124
15 0.681944 0.722714 0.012037 0.017699
15 0.701389 0.758850 0.017593 0.022124
15 0.723148 0.798673 0.016667 0.022124
15 0.684259 0.831121 0.014815 0.022124
15 0.646296 0.820796 0.014815 0.019174
15 0.682407 0.783186 0.014815 0.017699
15 0.622222 0.795723 0.018519 0.022124
15 0.610648 0.800147 0.019444 0.022124
15 0.597685 0.820796 0.017593 0.019174
15 0.631481 0.890855 0.016667 0.029499
15 0.657407 0.859145 0.012963 0.016224
15 0.673611 0.932891 0.019444 0.019174
15 0.681481 0.952802 0.018519 0.023599
15 0.675000 0.980088 0.016667 0.025074
15 0.746296 0.980088 0.012963 0.013274
15 0.757870 0.892330 0.013889 0.023599
15 0.768519 0.877581 0.014815 0.020649
15 0.655556 0.669617 0.018519 0.020649
15 0.643981 0.682891 0.013889 0.014749
15 0.634722 0.669617 0.015741 0.014749
15 0.631019 0.684366 0.012037 0.014749
15 0.630556 0.736726 0.018519 0.019174
15 0.608333 0.727139 0.018519 0.017699
15 0.608333 0.764012 0.016667 0.017699
15 0.586111 0.750737 0.018519 0.014749
15 0.597222 0.905605 0.014815 0.023599
15 0.580556 0.892330 0.016667 0.017699
15 0.610185 0.929204 0.018519 0.017699
15 0.614815 0.986726 0.014815 0.023599
15 0.569444 0.991888 0.027778 0.016224
15 0.568519 0.954277 0.016667 0.026549
15 0.521296 0.916667 0.020370 0.022124
15 0.559259 0.868732 0.018519 0.029499
15 0.581481 0.720501 0.012963 0.019174
15 0.576852 0.696903 0.014815 0.022124
15 0.590278 0.679204 0.012037 0.022124
15 0.600926 0.668142 0.018519 0.017699
15 0.578241 0.661504 0.012037 0.016224
15 0.595370 0.648968 0.011111 0.017699
15 0.618981 0.643805 0.015741 0.019174
15 0.631019 0.642330 0.010185 0.022124
15 0.649074 0.620206 0.018519 0.016224
15 0.633333 0.615782 0.009259 0.016224
15 0.618519 0.613569 0.012963 0.014749
15 0.673148 0.612832 0.016667 0.022124
15 0.681481 0.604720 0.011111 0.017699
15 0.700463 0.603982 0.012037 0.019174
15 0.697222 0.567847 0.012963 0.014749
15 0.732870 0.581858 0.013889 0.013274
15 0.822685 0.553835 0.013889 0.019174
15 0.839815 0.570796 0.011111 0.014749
15 0.832407 0.578909 0.012963 0.010324
15 0.796759 0.552360 0.015741 0.022124
15 0.774537 0.551622 0.010185 0.011799
15 0.763889 0.555310 0.012963 0.010324
15 0.771296 0.566372 0.011111 0.011799
15 0.750463 0.558260 0.015741 0.013274
15 0.737037 0.563422 0.009259 0.014749
15 0.534259 0.882006 0.014815 0.017699
15 0.499074 0.755162 0.016667 0.023599
15 0.526852 0.724189 0.011111 0.020649
15 0.548611 0.679204 0.008333 0.016224
15 0.505556 0.661504 0.014815 0.013274
15 0.405093 0.990413 0.013889 0.019174
15 0.418056 0.990413 0.012037 0.019174
15 0.381019 0.969027 0.015741 0.017699
15 0.381944 0.918142 0.013889 0.016224
15 0.343056 0.906342 0.015741 0.016224
15 0.325926 0.892330 0.012963 0.020649
15 0.388889 0.879794 0.018519 0.019174
15 0.443981 0.921829 0.013889 0.017699
15 0.418981 0.885693 0.013889 0.016224
15 0.423611 0.863569 0.012037 0.013274
15 0.383333 0.834808 0.014815 0.017699
15 0.434259 0.825959 0.014815 0.014749
15 0.393519 0.803097 0.011111 0.013274
15 0.397685 0.789086 0.010185 0.011799
15 0.417130 0.790560 0.012037 0.014749
15 0.427778 0.786136 0.009259 0.014749
15 0.354167 0.808260 0.015741 0.020649
15 0.356944 0.750737 0.013889 0.014749
15 0.339352 0.749263 0.012037 0.014749
15 0.331481 0.758850 0.012963 0.013274
15 0.320370 0.755900 0.011111 0.016224
15 0.317130 0.720501 0.010185 0.019174
15 0.329630 0.727139 0.012963 0.011799
15 0.342593 0.716814 0.011111 0.017699
15 0.352315 0.707965 0.012037 0.014749
15 0.377315 0.727139 0.013889 0.014749
15 0.393519 0.741150 0.012963 0.016224
15 0.412037 0.745575 0.014815 0.019174
15 0.442593 0.758850 0.011111 0.016224
15 0.418519 0.703540 0.012963 0.014749
15 0.406019 0.709440 0.012037 0.014749
15 0.368981 0.683628 0.012037 0.013274
15 0.375463 0.677729 0.008333 0.010324
15 0.386574 0.669617 0.006481 0.008850
15 0.380556 0.658555 0.009259 0.010324
15 0.395370 0.647493 0.014815 0.011799
15 0.419444 0.660029 0.012963 0.016224
15 0.408796 0.637906 0.010185 0.016224
15 0.416204 0.609145 0.010185 0.017699
15 0.418056 0.593658 0.012037 0.016224
15 0.438889 0.594395 0.012963 0.014749
15 0.434722 0.580383 0.019444 0.013274
15 0.405093 0.580383 0.010185 0.010324
15 0.391204 0.591445 0.012037 0.011799
15 0.387037 0.577434 0.009259 0.013274
15 0.363426 0.612094 0.013889 0.008850
15 0.355556 0.620206 0.011111 0.013274
15 0.279630 0.933628 0.012963 0.014749
15 0.190278 0.981563 0.013889 0.025074
15 0.198148 0.872419 0.016667 0.016224
15 0.220370 0.859145 0.016667 0.022124
15 0.121296 0.852507 0.011111 0.014749
15 0.152315 0.790560 0.010185 0.017699
15 0.165741 0.798673 0.011111 0.016224
15 0.133333 0.789086 0.011111 0.014749
15 0.144907 0.724926 0.008333 0.016224
15 0.156481 0.736726 0.009259 0.019174
15 0.164352 0.712389 0.006481 0.011799
15 0.191667 0.722714 0.012963 0.023599
15 0.227778 0.741150 0.011111 0.016224
15 0.227778 0.728614 0.012963 0.017699
15 0.218056 0.687316 0.013889 0.011799
15 0.252778 0.680678 0.009259 0.010324
15 0.258796 0.699853 0.008333 0.016224
15 0.276389 0.724189 0.010185 0.011799
15 0.283796 0.695428 0.013889 0.010324
15 0.286111 0.683628 0.007407 0.010324
15 0.269907 0.666667 0.008333 0.014749
15 0.332870 0.671091 0.008333 0.008850
15 0.262037 0.792773 0.014815 0.025074
15 0.258333 0.612094 0.016667 0.014749
15 0.306019 0.632006 0.012037 0.016224
15 0.246759 0.643805 0.012037 0.016224
15 0.218519 0.665192 0.009259 0.017699
15 0.179167 0.664454 0.015741 0.019174
15 0.181019 0.639381 0.010185 0.016224
15 0.174074 0.623156 0.007407 0.010324
15 0.190741 0.601032 0.009259 0.016224
15 0.207870 0.591445 0.008333 0.011799
15 0.185648 0.588496 0.008333 0.011799
15 0.180093 0.587021 0.010185 0.008850
15 0.177778 0.596608 0.011111 0.010324
15 0.155556 0.593658 0.007407 0.016224
15 0.150463 0.595133 0.012037 0.013274
15 0.109259 0.606195 0.009259 0.011799
15 0.082870 0.599558 0.013889 0.013274
15 0.113889 0.631268 0.012963 0.017699
15 0.103241 0.651917 0.010185 0.017699
15 0.063889 0.660029 0.011111 0.010324
15 0.043519 0.661504 0.011111 0.016224
15 0.025000 0.662979 0.009259 0.016224
15 0.018056 0.623894 0.008333 0.014749
15 0.030556 0.610619 0.011111 0.017699
15 0.005093 0.596608 0.008333 0.013274
15 0.006019 0.876844 0.010185 0.016224
15 0.006481 0.769912 0.011111 0.020649
15 0.069444 0.505900 0.009259 0.011799
15 0.055556 0.496313 0.011111 0.013274
15 0.053241 0.480088 0.013889 0.016224
15 0.081944 0.478614 0.013889 0.013274
15 0.091204 0.477139 0.010185 0.013274
15 0.095833 0.469027 0.008333 0.008850
15 0.093519 0.460914 0.014815 0.010324
15 0.108796 0.467552 0.010185 0.011799
15 0.106019 0.481563 0.010185 0.010324
15 0.087963 0.513274 0.007407 0.005900
15 0.027315 0.513274 0.012037 0.014749
15 0.022222 0.504425 0.005556 0.008850
15 0.026852 0.500737 0.005556 0.010324
15 0.043056 0.456490 0.010185 0.013274
15 0.057870 0.440265 0.010185 0.010324
15 0.075926 0.438791 0.007407 0.010324
15 0.114815 0.451327 0.009259 0.008850
15 0.106019 0.433628 0.010185 0.008850
15 0.099074 0.443215 0.007407 0.010324
15 0.068981 0.412979 0.004630 0.008850
15 0.060185 0.415192 0.007407 0.013274
15 0.055556 0.408555 0.012963 0.014749
15 0.043981 0.415192 0.008333 0.010324
15 0.038426 0.423304 0.013889 0.014749
15 0.043981 0.438791 0.010185 0.010324
15 0.032870 0.440265 0.010185 0.010324
15 0.022222 0.443953 0.009259 0.011799
15 0.012037 0.437316 0.011111 0.013274
15 0.006481 0.413717 0.009259 0.013274
15 0.006019 0.396755 0.008333 0.011799
15 0.017130 0.384218 0.006481 0.007375
15 0.018056 0.408555 0.006481 0.011799
15 0.025000 0.416667 0.003704 0.013274
15 0.027778 0.409292 0.005556 0.007375
15 0.027778 0.402655 0.007407 0.008850
15 0.034259 0.381268 0.007407 0.013274
15 0.045370 0.379794 0.007407 0.013274
15 0.043981 0.358407 0.006481 0.008850
15 0.034259 0.359882 0.007407 0.008850
15 0.017593 0.369469 0.007407 0.010324
15 0.018519 0.349558 0.005556 0.005900
15 0.004630 0.362832 0.007407 0.011799
15 0.002778 0.350295 0.003704 0.007375
15 0.013426 0.333333 0.012037 0.008850
15 0.013889 0.311947 0.011111 0.013274
15 0.063889 0.357670 0.012963 0.010324
15 0.054167 0.363569 0.006481 0.007375
15 0.073611 0.367994 0.006481 0.007375
15 0.076389 0.379794 0.010185 0.010324
15 0.089815 0.405605 0.007407 0.008850
15 0.100926 0.397493 0.009259 0.010324
15 0.107870 0.401917 0.008333 0.010324
15 0.120370 0.387906 0.018519 0.011799
15 0.096759 0.373894 0.008333 0.010324
15 0.096759 0.359145 0.008333 0.013274
15 0.101852 0.352507 0.005556 0.008850
15 0.106481 0.357670 0.003704 0.007375
15 0.110648 0.363569 0.006481 0.007375
15 0.115741 0.372419 0.005556 0.007375
15 0.127315 0.355457 0.006481 0.008850
15 0.125000 0.346608 0.007407 0.005900
15 0.125926 0.337021 0.014815 0.010324
15 0.090741 0.342183 0.009259 0.011799
15 0.087500 0.321534 0.012037 0.011799
15 0.075463 0.327434 0.008333 0.011799
15 0.057870 0.333333 0.012037 0.011799
15 0.086111 0.292035 0.009259 0.011799
15 0.075000 0.272124 0.011111 0.013274
15 0.100463 0.269912 0.006481 0.011799
15 0.108796 0.291298 0.010185 0.013274
15 0.117130 0.292035 0.002778 0.008850
15 0.124537 0.321534 0.010185 0.011799
15 0.147685 0.330383 0.006481 0.008850
15 0.158796 0.348820 0.010185 0.010324
15 0.151852 0.356932 0.009259 0.008850
15 0.147222 0.364307 0.012963 0.011799
15 0.143056 0.372419 0.012037 0.013274
15 0.160185 0.398968 0.007407 0.013274
15 0.146296 0.427729 0.005556 0.008850
15 0.169907 0.435841 0.012037 0.016224
15 0.170370 0.418879 0.007407 0.008850
15 0.188889 0.426991 0.011111 0.010324
15 0.142593 0.463127 0.012963 0.011799
15 0.162963 0.476401 0.009259 0.011799
15 0.188426 0.463127 0.006481 0.011799
15 0.199537 0.458702 0.006481 0.011799
15 0.217593 0.441740 0.009259 0.013274
15 0.228704 0.429204 0.007407 0.011799
15 0.236111 0.446165 0.007407 0.013274
15 0.218519 0.407080 0.007407 0.011799
15 0.237500 0.392330 0.008333 0.011799
15 0.264815 0.414454 0.011111 0.011799
15 0.211574 0.348820 0.015741 0.016224
15 0.252315 0.349558 0.012037 0.014749
15 0.264815 0.327434 0.005556 0.005900
15 0.219907 0.323746 0.010185 0.013274
15 0.175926 0.342183 0.005556 0.011799
15 0.160648 0.323009 0.012037 0.011799
15 0.153704 0.309735 0.007407 0.011799
15 0.150463 0.270649 0.008333 0.010324
15 0.131019 0.281711 0.006481 0.011799
15 0.187500 0.292035 0.013889 0.008850
15 0.184722 0.299410 0.015741 0.011799
15 0.163889 0.303097 0.009259 0.010324
15 0.177778 0.312684 0.009259 0.008850
15 0.241667 0.309735 0.009259 0.008850
15 0.258796 0.297198 0.010185 0.013274
15 0.281481 0.297198 0.007407 0.013274
15 0.291667 0.304572 0.009259 0.013274
15 0.296759 0.329646 0.006481 0.016224
15 0.314352 0.353982 0.006481 0.008850
15 0.294444 0.396755 0.009259 0.014749
15 0.298148 0.405605 0.005556 0.005900
15 0.293519 0.412979 0.011111 0.011799
15 0.316667 0.411504 0.005556 0.008850
15 0.318981 0.394543 0.006481 0.013274
15 0.323611 0.389381 0.006481 0.008850
15 0.335185 0.367257 0.007407 0.014749
15 0.363889 0.356932 0.014815 0.014749
15 0.375463 0.398968 0.008333 0.013274
15 0.334722 0.418142 0.004630 0.010324
15 0.343056 0.428466 0.006481 0.010324
15 0.316204 0.452802 0.008333 0.014749
15 0.345833 0.446903 0.006481 0.011799
15 0.357407 0.441740 0.007407 0.010324
15 0.357870 0.453540 0.008333 0.010324
15 0.349074 0.458702 0.005556 0.011799
15 0.358796 0.474926 0.008333 0.011799
15 0.376389 0.463864 0.008333 0.007375
15 0.370833 0.432891 0.012037 0.016224
15 0.393056 0.443953 0.010185 0.014749
15 0.401852 0.429941 0.007407 0.013274
15 0.408796 0.415192 0.006481 0.013274
15 0.232407 0.278024 0.007407 0.013274
15 0.231944 0.262537 0.008333 0.011799
15 0.220833 0.259587 0.010185 0.011799
15 0.190278 0.266224 0.010185 0.013274
15 0.174537 0.247050 0.010185 0.013274
15 0.155093 0.255162 0.008333 0.011799
15 0.120833 0.245575 0.010185 0.016224
15 0.100463 0.230826 0.012037 0.010324
15 0.110648 0.182891 0.049074 0.038348
15 0.072222 0.189528 0.007407 0.019174
15 0.210185 0.169617 0.011111 0.011799
15 0.229167 0.171091 0.012037 0.014749
15 0.253241 0.163717 0.010185 0.008850
15 0.248611 0.198378 0.004630 0.010324
15 0.221759 0.207227 0.006481 0.010324
15 0.213889 0.209440 0.007407 0.008850
15 0.211111 0.229351 0.011111 0.016224
15 0.195833 0.226401 0.008333 0.007375
15 0.244907 0.250000 0.010185 0.016224
15 0.265278 0.262537 0.008333 0.011799
15 0.283796 0.252950 0.008333 0.010324
15 0.256944 0.233038 0.010185 0.011799
15 0.271296 0.219027 0.009259 0.016224
15 0.296296 0.230826 0.007407 0.016224
15 0.331019 0.247050 0.010185 0.010324
15 0.355093 0.271386 0.008333 0.014749
15 0.389815 0.308260 0.014815 0.017699
15 0.376852 0.303835 0.009259 0.011799
15 0.359722 0.303097 0.010185 0.016224
15 0.341667 0.302360 0.009259 0.011799
15 0.318519 0.294985 0.009259 0.011799
15 0.314352 0.154867 0.008333 0.011799
15 0.018056 0.118732 0.010185 0.016224
15 0.785648 0.179204 0.008333 0.013274
15 0.776852 0.187316 0.011111 0.014749
15 0.803241 0.178466 0.006481 0.011799
15 0.815741 0.171091 0.009259 0.011799
15 0.768519 0.166667 0.011111 0.017699
15 0.769907 0.153392 0.010185 0.011799
15 0.754167 0.151180 0.010185 0.010324
15 0.757870 0.162242 0.010185 0.014749
15 0.734722 0.169617 0.010185 0.014749
15 0.735185 0.153392 0.009259 0.011799
15 0.742593 0.146018 0.007407 0.014749
15 0.712963 0.146755 0.012963 0.010324
15 0.712963 0.181416 0.012963 0.017699
15 0.704167 0.120206 0.010185 0.013274
15 0.713426 0.106932 0.006481 0.010324
15 0.714815 0.115782 0.005556 0.010324
15 0.681481 0.143068 0.012963 0.020649
15 0.667593 0.160767 0.009259 0.014749
15 0.656019 0.151180 0.006481 0.010324
15 0.653704 0.137168 0.011111 0.011799
15 0.641204 0.136431 0.008333 0.013274
15 0.635185 0.177729 0.011111 0.013274
15 0.646296 0.182153 0.012963 0.013274
15 0.656944 0.169617 0.008333 0.011799
15 0.659722 0.178466 0.012037 0.014749
15 0.661111 0.215339 0.009259 0.008850
15 0.663889 0.222714 0.007407 0.008850
15 0.661111 0.230088 0.003704 0.005900
15 0.662037 0.237463 0.005556 0.005900
15 0.668519 0.259587 0.009259 0.014749
15 0.657870 0.252950 0.008333 0.010324
15 0.639352 0.261062 0.008333 0.008850
15 0.644907 0.265487 0.010185 0.008850
15 0.637037 0.272861 0.009259 0.008850
15 0.661574 0.285398 0.006481 0.010324
15 0.672222 0.294248 0.003704 0.007375
15 0.654167 0.303097 0.004630 0.007375
15 0.644907 0.312684 0.008333 0.011799
15 0.631481 0.301622 0.005556 0.004425
15 0.633796 0.311209 0.008333 0.005900
15 0.637963 0.336283 0.007407 0.002950
15 0.665278 0.341445 0.002778 0.013274
15 0.672685 0.330383 0.008333 0.014749
15 0.675463 0.346608 0.006481 0.008850
15 0.670833 0.353245 0.004630 0.007375
15 0.662963 0.365782 0.007407 0.023599
15 0.650463 0.370944 0.006481 0.013274
15 0.645370 0.377581 0.007407 0.011799
15 0.628704 0.380531 0.011111 0.011799
15 0.634259 0.401180 0.011111 0.014749
15 0.635185 0.237463 0.007407 0.011799
15 0.625926 0.244838 0.011111 0.011799
15 0.614352 0.233776 0.008333 0.013274
15 0.608333 0.226401 0.011111 0.013274
15 0.616667 0.206490 0.011111 0.008850
15 0.641667 0.197640 0.009259 0.008850
15 0.607407 0.296460 0.011111 0.014749
15 0.615741 0.279499 0.009259 0.010324
15 0.621296 0.270649 0.011111 0.013274
15 0.631944 0.285398 0.010185 0.013274
15 0.615741 0.338496 0.007407 0.010324
15 0.622222 0.345870 0.009259 0.010324
15 0.638426 0.347345 0.010185 0.010324
15 0.613889 0.396018 0.012963 0.016224
15 0.598611 0.399705 0.010185 0.011799
15 0.589352 0.421829 0.019444 0.020649
15 0.556019 0.421091 0.015741 0.013274
15 0.566667 0.429941 0.012963 0.013274
15 0.534722 0.432891 0.012037 0.010324
15 0.525463 0.424779 0.013889 0.014749
15 0.537963 0.411504 0.009259 0.008850
15 0.522222 0.402655 0.009259 0.011799
15 0.538426 0.383481 0.013889 0.017699
15 0.571759 0.386431 0.012037 0.014749
15 0.602778 0.368732 0.011111 0.011799
15 0.597685 0.357670 0.013889 0.016224
15 0.560185 0.360619 0.011111 0.013274
15 0.562963 0.350295 0.011111 0.013274
15 0.547685 0.348820 0.012037 0.013274
15 0.555556 0.337021 0.009259 0.013274
15 0.574074 0.319322 0.007407 0.013274
15 0.576389 0.306785 0.008333 0.011799
15 0.597685 0.331858 0.012037 0.014749
15 0.612963 0.310472 0.011111 0.010324
15 0.558796 0.322271 0.010185 0.013274
15 0.550926 0.317847 0.007407 0.010324
15 0.537963 0.326696 0.016667 0.016224
15 0.529167 0.317847 0.010185 0.013274
15 0.512037 0.316372 0.009259 0.010324
15 0.495833 0.320796 0.013889 0.013274
15 0.493981 0.342183 0.010185 0.011799
15 0.508796 0.346608 0.008333 0.008850
15 0.523611 0.356932 0.006481 0.011799
15 0.530556 0.362832 0.011111 0.011799
15 0.506481 0.382743 0.011111 0.016224
15 0.499074 0.397493 0.009259 0.013274
15 0.486574 0.362094 0.015741 0.016224
15 0.483333 0.340708 0.007407 0.014749
15 0.494907 0.444690 0.010185 0.016224
15 0.517130 0.444690 0.013889 0.013274
15 0.505556 0.454277 0.005556 0.011799
15 0.503704 0.464602 0.005556 0.008850
15 0.497685 0.497788 0.006481 0.010324
15 0.427778 0.496313 0.009259 0.010324
15 0.430093 0.484513 0.012037 0.013274
15 0.432870 0.473451 0.008333 0.008850
15 0.437037 0.447640 0.016667 0.019174
15 0.437037 0.432153 0.011111 0.011799
15 0.418056 0.418142 0.010185 0.010324
15 0.421759 0.398968 0.012037 0.013274
15 0.435185 0.396755 0.009259 0.008850
15 0.431481 0.377581 0.007407 0.008850
15 0.418981 0.370944 0.010185 0.010324
15 0.400000 0.338496 0.005556 0.007375
15 0.432870 0.292035 0.010185 0.011799
15 0.409722 0.290560 0.013889 0.014749
15 0.402778 0.269174 0.011111 0.010324
15 0.422685 0.255162 0.012037 0.014749
15 0.415278 0.248525 0.013889 0.013274
15 0.416204 0.226401 0.008333 0.007375
15 0.408796 0.203540 0.008333 0.014749
15 0.386574 0.223451 0.012037 0.016224
15 0.380093 0.203540 0.013889 0.014749
15 0.429167 0.168142 0.013889 0.017699
15 0.469444 0.238201 0.012963 0.010324
15 0.470370 0.220501 0.011111 0.013274
15 0.499537 0.244100 0.010185 0.013274
15 0.528704 0.247050 0.009259 0.016224
15 0.548148 0.255162 0.012963 0.017699
15 0.568056 0.265487 0.013889 0.011799
15 0.597685 0.252950 0.006481 0.010324
15 0.538426 0.293510 0.010185 0.011799
15 0.526389 0.297935 0.010185 0.014749
15 0.510185 0.279499 0.009259 0.013274
15 0.534259 0.269174 0.012963 0.010324
15 0.466667 0.281711 0.011111 0.014749
15 0.539815 0.212389 0.011111 0.017699
15 0.558333 0.224189 0.009259 0.017699
15 0.578704 0.230088 0.009259 0.014749
15 0.587037 0.220501 0.007407 0.010324
15 0.583796 0.210177 0.008333 0.016224
15 0.577315 0.212389 0.010185 0.011799
15 0.570833 0.188053 0.012037 0.016224
15 0.551852 0.182153 0.011111 0.013274
15 0.544444 0.191003 0.009259 0.013274
15 0.536111 0.173304 0.012963 0.016224
15 0.521759 0.187316 0.013889 0.011799
15 0.509259 0.179941 0.007407 0.008850
15 0.503241 0.211652 0.010185 0.016224
15 0.489352 0.199853 0.010185 0.016224
15 0.488426 0.142330 0.012037 0.013274
15 0.492593 0.134956 0.009259 0.013274
15 0.497222 0.123156 0.014815 0.013274
15 0.508796 0.128319 0.012037 0.014749
15 0.522685 0.121681 0.010185 0.013274
15 0.537037 0.129794 0.011111 0.008850
15 0.538426 0.156342 0.006481 0.011799
15 0.522222 0.155605 0.005556 0.007375
15 0.512037 0.155605 0.007407 0.010324
15 0.606019 0.161504 0.004630 0.010324
15 0.580556 0.144543 0.009259 0.011799
15 0.576389 0.108407 0.010185 0.013274
15 0.575463 0.120206 0.013889 0.016224
15 0.589815 0.119469 0.009259 0.014749
15 0.599074 0.113569 0.007407 0.011799
15 0.609722 0.117257 0.010185 0.016224
15 0.622685 0.087021 0.008333 0.014749
15 0.629167 0.098820 0.006481 0.011799
15 0.633796 0.106195 0.006481 0.011799
15 0.640278 0.097345 0.008333 0.011799
15 0.643056 0.089233 0.008333 0.010324
15 0.657870 0.080383 0.008333 0.010324
15 0.666204 0.073009 0.010185 0.013274
15 0.684722 0.052360 0.006481 0.010324
15 0.676852 0.066372 0.007407 0.008850
15 0.667130 0.118732 0.002778 0.007375
15 0.596759 0.061947 0.013889 0.014749
15 0.590741 0.081121 0.011111 0.011799
15 0.581019 0.074484 0.013889 0.013274
15 0.584259 0.062684 0.011111 0.010324
15 0.583796 0.042035 0.012037 0.016224
15 0.612037 0.047198 0.009259 0.011799
15 0.610648 0.057522 0.012037 0.011799
15 0.620370 0.055310 0.009259 0.016224
15 0.633796 0.055310 0.013889 0.013274
15 0.637037 0.047198 0.012963 0.011799
15 0.623611 0.041298 0.013889 0.014749
15 0.626852 0.025811 0.009259 0.010324
15 0.644907 0.032448 0.008333 0.008850
15 0.565278 0.039823 0.008333 0.011799
15 0.574537 0.027286 0.008333 0.010324
15 0.582407 0.029499 0.007407 0.008850
15 0.600463 0.030973 0.010185 0.011799
15 0.597222 0.046460 0.005556 0.010324
15 0.562037 0.107670 0.009259 0.008850
15 0.564815 0.099558 0.009259 0.010324
15 0.568519 0.089971 0.009259 0.011799
15 0.551389 0.103245 0.008333 0.011799
15 0.547685 0.093658 0.010185 0.013274
15 0.539352 0.087758 0.010185 0.013274
15 0.544444 0.078171 0.009259 0.011799
15 0.538426 0.101032 0.012037 0.013274
15 0.519444 0.090708 0.011111 0.010324
15 0.514815 0.099558 0.007407 0.010324
15 0.491204 0.095133 0.015741 0.010324
15 0.483333 0.098820 0.009259 0.008850
15 0.491667 0.108407 0.012963 0.013274
15 0.475463 0.115044 0.010185 0.011799
15 0.464815 0.106932 0.009259 0.010324
15 0.457407 0.074484 0.009259 0.013274
15 0.487500 0.043510 0.013889 0.016224
15 0.473148 0.067109 0.012963 0.013274
15 0.466667 0.056047 0.009259 0.011799
15 0.469907 0.042035 0.012037 0.013274
15 0.521296 0.068584 0.009259 0.016224
15 0.535185 0.069322 0.009259 0.014749
15 0.545370 0.061947 0.005556 0.014749
15 0.556944 0.055310 0.008333 0.010324
15 0.540741 0.036136 0.007407 0.016224
15 0.552315 0.025811 0.008333 0.013274
15 0.525000 0.036873 0.007407 0.014749
15 0.517593 0.030973 0.011111 0.011799
15 0.514815 0.022124 0.007407 0.011799
15 0.518519 0.011799 0.005556 0.011799
15 0.526389 0.023599 0.008333 0.011799
