15 0.599074 0.338496 0.044444 0.054572
15 0.627315 0.466077 0.023148 0.044248
15 0.636111 0.416667 0.025926 0.045723
15 0.735185 0.441740 0.035185 0.039823
15 0.764352 0.335546 0.025000 0.039823
15 0.783796 0.320059 0.023148 0.035398
15 0.719907 0.240413 0.028704 0.056047
15 0.744907 0.213864 0.025000 0.047198
15 0.783796 0.151917 0.034259 0.053097
15 0.617593 0.118732 0.044444 0.054572
15 0.608796 0.221976 0.032407 0.039823
15 0.653704 0.232301 0.033333 0.036873
15 0.868056 0.044248 0.023148 0.044248
15 0.900463 0.078171 0.023148 0.047198
15 0.588889 0.870206 0.024074 0.038348
15 0.068519 0.974189 0.057407 0.051622
15 0.114352 0.931416 0.039815 0.066372
15 0.144444 0.944690 0.031481 0.048673
15 0.196296 0.912979 0.050000 0.047198
15 0.072222 0.866519 0.038889 0.054572
15 0.021296 0.436578 0.038889 0.058997
15 0.075463 0.352507 0.034259 0.064897
15 0.099074 0.270649 0.057407 0.057522
15 0.113426 0.174779 0.032407 0.036873
15 0.142593 0.230088 0.024074 0.038348
15 0.643056 0.029499 0.037963 0.050147
15 0.681481 0.035398 0.018519 0.038348
