15 0.361404 0.840909 0.091228 0.059809
15 0.412281 0.729665 0.115789 0.081340
15 0.645614 0.619617 0.063158 0.052632
15 0.940351 0.551435 0.084211 0.059809
15 0.935088 0.459330 0.073684 0.047847
15 0.229825 0.448565 0.087719 0.045455
15 0.156140 0.413876 0.094737 0.047847
15 0.066667 0.388756 0.070175 0.045455
15 0.270175 0.190191 0.091228 0.045455
15 0.317544 0.147129 0.045614 0.055024
15 0.375439 0.163876 0.049123 0.050239
15 0.412281 0.118421 0.066667 0.055024
15 0.566667 0.104067 0.066667 0.045455
15 0.782456 0.179426 0.154386 0.062201
15 0.642105 0.242823 0.105263 0.059809
15 0.671930 0.349282 0.101754 0.086124
15 0.096491 0.141148 0.080702 0.057416
