15 0.296588 0.861818 0.094488 0.050909
15 0.532808 0.824545 0.073491 0.049091
15 0.459318 0.809091 0.068241 0.040000
15 0.379265 0.789091 0.086614 0.036364
15 0.442257 0.762727 0.060367 0.038182
15 0.346457 0.729091 0.078740 0.032727
15 0.396325 0.714545 0.062992 0.032727
15 0.360892 0.707273 0.070866 0.043636
15 0.229659 0.728182 0.065617 0.038182
15 0.507874 0.650909 0.086614 0.047273
15 0.435696 0.564545 0.078740 0.052727
15 0.287402 0.563636 0.076115 0.036364
15 0.144357 0.422727 0.052493 0.034545
15 0.353018 0.425455 0.086614 0.040000
15 0.766404 0.270000 0.089239 0.060000
15 0.500000 0.380909 0.076115 0.056364
