15 0.184066 0.842029 0.054945 0.049275
15 0.224588 0.952174 0.042582 0.049275
15 0.573489 0.787681 0.042582 0.039130
15 0.585852 0.750725 0.048077 0.049275
15 0.684066 0.730435 0.041209 0.040580
15 0.745192 0.735507 0.037088 0.044928
15 0.780907 0.734783 0.031593 0.049275
15 0.776099 0.695652 0.049451 0.043478
15 0.525412 0.467391 0.048077 0.039130
15 0.530907 0.390580 0.050824 0.050725
15 0.760989 0.357246 0.054945 0.065217
15 0.896978 0.200725 0.054945 0.042029
15 0.802198 0.813768 0.043956 0.047826
