15 0.266810 0.818729 0.033621 0.032646
15 0.303017 0.837629 0.014655 0.046392
15 0.318966 0.817869 0.017241 0.044674
15 0.346983 0.760309 0.038793 0.046392
15 0.375431 0.757732 0.028448 0.054983
15 0.377586 0.821306 0.018966 0.058419
15 0.415086 0.840206 0.016379 0.037801
15 0.434914 0.795533 0.016379 0.041237
15 0.412500 0.796392 0.033621 0.042955
15 0.535776 0.904639 0.019828 0.032646
15 0.546552 0.945876 0.025862 0.042955
15 0.406034 0.951890 0.029310 0.041237
15 0.626293 0.463918 0.025000 0.037801
15 0.597845 0.535223 0.030172 0.060137
15 0.558621 0.578179 0.029310 0.046392
15 0.491810 0.404639 0.026724 0.039519
15 0.421983 0.469931 0.026724 0.042955
15 0.410776 0.427835 0.023276 0.034364
15 0.073707 0.834192 0.035345 0.060137
15 0.203448 0.860825 0.027586 0.034364
15 0.247845 0.481100 0.026724 0.044674
15 0.281034 0.474227 0.020690 0.034364
15 0.330603 0.386598 0.021552 0.037801
15 0.361638 0.378007 0.012931 0.041237
15 0.632328 0.101375 0.023276 0.048110
15 0.789224 0.297251 0.030172 0.051546
15 0.831466 0.269759 0.026724 0.041237
15 0.879310 0.335052 0.036207 0.054983
15 0.980603 0.391753 0.037069 0.065292
15 0.966810 0.629725 0.025000 0.067010
15 0.987069 0.667526 0.025862 0.053265
15 0.902586 0.751718 0.024138 0.053265
15 0.870690 0.746564 0.027586 0.042955
15 0.876293 0.803265 0.028448 0.049828
15 0.850862 0.819588 0.037931 0.044674
15 0.823707 0.810137 0.026724 0.036082
15 0.823276 0.842784 0.025862 0.049828
15 0.934052 0.795533 0.021552 0.044674
15 0.727586 0.655498 0.020690 0.042955
15 0.695259 0.562715 0.040517 0.046392
15 0.731034 0.470790 0.031034 0.044674
15 0.764224 0.451890 0.031897 0.054983
15 0.575000 0.261168 0.036207 0.061856
15 0.486638 0.195017 0.031897 0.046392
15 0.177586 0.521478 0.022414 0.039519
15 0.151293 0.610825 0.021552 0.036082
15 0.389655 0.694158 0.032759 0.061856
