15 0.387821 0.654955 0.068376 0.084685
15 0.441239 0.397297 0.038462 0.063063
15 0.298611 0.324324 0.033120 0.050450
15 0.129808 0.616216 0.048077 0.075676
15 0.205662 0.732432 0.048077 0.077477
15 0.871261 0.788288 0.039530 0.052252
15 0.837607 0.436937 0.044872 0.077477
15 0.587607 0.440541 0.027778 0.041441
15 0.600427 0.331532 0.025641 0.046847
15 0.575855 0.361261 0.036325 0.041441
15 0.426282 0.179279 0.025641 0.030631
15 0.459936 0.826126 0.033120 0.034234
15 0.545940 0.723423 0.029915 0.055856
15 0.421474 0.873874 0.026709 0.028829
15 0.376068 0.854054 0.029915 0.039640
