15 0.594059 0.819307 0.029703 0.064356
15 0.575495 0.757426 0.027228 0.059406
15 0.633663 0.772277 0.024752 0.049505
15 0.649752 0.707921 0.017327 0.039604
15 0.669554 0.653465 0.022277 0.049505
15 0.716584 0.675743 0.032178 0.044554
15 0.685644 0.737624 0.024752 0.049505
15 0.737624 0.725248 0.019802 0.044554
15 0.763614 0.767327 0.027228 0.059406
15 0.789604 0.747525 0.039604 0.069307
15 0.840347 0.829208 0.042079 0.074257
15 0.799505 0.873762 0.034653 0.064356
15 0.750000 0.975248 0.029703 0.049505
15 0.789604 0.980198 0.024752 0.039604
15 0.689356 0.975248 0.032178 0.049505
15 0.634901 0.977723 0.027228 0.044554
15 0.547030 0.851485 0.049505 0.089109
15 0.491337 0.856436 0.042079 0.059406
15 0.441832 0.863861 0.042079 0.074257
15 0.480198 0.967822 0.034653 0.064356
15 0.377475 0.960396 0.032178 0.049505
15 0.324257 0.967822 0.034653 0.044554
15 0.277228 0.905941 0.044554 0.069307
15 0.879950 0.710396 0.037129 0.064356
15 0.849010 0.750000 0.034653 0.054455
15 0.823020 0.663366 0.037129 0.069307
15 0.884901 0.618812 0.037129 0.069307
15 0.863861 0.539604 0.034653 0.049505
15 0.936881 0.549505 0.037129 0.059406
15 0.944307 0.490099 0.032178 0.039604
15 0.943069 0.653465 0.024752 0.059406
15 0.967822 0.631188 0.019802 0.044554
15 0.976485 0.725248 0.032178 0.074257
15 0.956683 0.777228 0.037129 0.069307
15 0.977723 0.896040 0.034653 0.089109
15 0.493812 0.329208 0.047030 0.034653
15 0.412129 0.138614 0.022277 0.039604
15 0.482673 0.155941 0.029703 0.044554
15 0.513614 0.170792 0.037129 0.054455
15 0.316832 0.188119 0.039604 0.049505
15 0.267327 0.183168 0.024752 0.049505
15 0.243812 0.202970 0.022277 0.049505
15 0.248762 0.113861 0.037129 0.049505
15 0.175743 0.267327 0.039604 0.059406
15 0.139851 0.287129 0.027228 0.039604
15 0.150990 0.183168 0.034653 0.039604
15 0.085396 0.351485 0.047030 0.069307
15 0.039604 0.284653 0.029703 0.064356
15 0.206683 0.450495 0.027228 0.049505
15 0.233911 0.462871 0.017327 0.044554
15 0.268564 0.480198 0.027228 0.039604
15 0.138614 0.512376 0.029703 0.054455
15 0.303218 0.373762 0.032178 0.074257
15 0.340347 0.383663 0.056931 0.064356
15 0.398515 0.301980 0.024752 0.079208
15 0.623762 0.267327 0.029703 0.059406
15 0.678218 0.247525 0.014851 0.029703
15 0.679455 0.178218 0.027228 0.049505
15 0.674505 0.146040 0.022277 0.044554
15 0.683168 0.101485 0.034653 0.044554
15 0.715347 0.128713 0.024752 0.039604
15 0.753713 0.133663 0.022277 0.049505
15 0.787129 0.190594 0.019802 0.044554
15 0.574257 0.128713 0.024752 0.049505
15 0.599010 0.180693 0.029703 0.044554
15 0.537129 0.108911 0.024752 0.039604
15 0.556931 0.084158 0.024752 0.039604
15 0.509901 0.086634 0.024752 0.044554
15 0.509901 0.044554 0.029703 0.039604
15 0.054455 0.480198 0.044554 0.049505
15 0.021040 0.589109 0.032178 0.049505
15 0.086634 0.076733 0.044554 0.044554
15 0.013614 0.205446 0.022277 0.084158
