15 0.357855 0.117406 0.112219 0.064039
15 0.168329 0.153530 0.107232 0.057471
15 0.416459 0.192118 0.134663 0.065681
15 0.799252 0.368637 0.072319 0.050903
15 0.640898 0.466338 0.094763 0.045977
15 0.245636 0.412151 0.087282 0.042693
15 0.294264 0.330870 0.119701 0.073892
15 0.485037 0.596059 0.107232 0.055829
15 0.577307 0.727422 0.082294 0.049261
15 0.261845 0.746305 0.149626 0.080460
15 0.480050 0.819376 0.082294 0.049261
15 0.502494 0.908046 0.047382 0.032841
15 0.361596 0.483580 0.114713 0.047619
