15 0.455607 0.824627 0.079439 0.074627
15 0.419393 0.958955 0.067757 0.074627
15 0.628505 0.615672 0.046729 0.067164
15 0.560748 0.444030 0.042056 0.052239
15 0.690421 0.501866 0.049065 0.063433
15 0.757009 0.464552 0.042056 0.055970
15 0.663551 0.397388 0.084112 0.063433
15 0.852804 0.414179 0.046729 0.059701
15 0.783879 0.348881 0.035047 0.033582
15 0.552570 0.296642 0.067757 0.070896
15 0.642523 0.244403 0.028037 0.026119
15 0.565421 0.244403 0.032710 0.026119
15 0.475467 0.285448 0.039720 0.033582
15 0.505841 0.248134 0.025701 0.033582
15 0.476636 0.192164 0.028037 0.033582
15 0.287383 0.352612 0.051402 0.048507
15 0.306075 0.274254 0.051402 0.033582
15 0.348131 0.257463 0.023364 0.029851
15 0.375000 0.210821 0.035047 0.041045
15 0.405374 0.173507 0.039720 0.033582
15 0.252336 0.223881 0.042056 0.037313
15 0.261682 0.160448 0.051402 0.029851
15 0.067757 0.246269 0.046729 0.037313
15 0.778037 0.184701 0.032710 0.033582
15 0.893692 0.212687 0.030374 0.029851
15 0.921729 0.197761 0.035047 0.037313
15 0.920561 0.158582 0.028037 0.033582
15 0.470794 0.141791 0.053738 0.037313
15 0.557243 0.164179 0.049065 0.044776
15 0.390187 0.115672 0.042056 0.037313
15 0.341121 0.111940 0.042056 0.029851
