15 0.500000 0.680493 0.065491 0.082960
15 0.182620 0.763453 0.047859 0.056054
15 0.054786 0.752242 0.064232 0.065022
15 0.099496 0.577354 0.060453 0.060538
15 0.583753 0.336323 0.054156 0.058296
15 0.744332 0.443946 0.052897 0.058296
15 0.872796 0.485426 0.052897 0.065022
15 0.933249 0.587444 0.035264 0.044843
15 0.871537 0.684978 0.032746 0.056054
15 0.916247 0.689462 0.026448 0.033632
15 0.683879 0.182735 0.050378 0.047085
15 0.566751 0.217489 0.050378 0.035874
15 0.532746 0.241031 0.047859 0.038117
15 0.586272 0.147982 0.021411 0.026906
15 0.826826 0.079596 0.023929 0.038117
15 0.950252 0.071749 0.039043 0.040359
15 0.976071 0.040359 0.040302 0.031390
15 0.845088 0.033632 0.020151 0.022422
15 0.797229 0.023543 0.025189 0.024664
15 0.400504 0.082960 0.020151 0.031390
15 0.490554 0.059417 0.039043 0.038117
15 0.513224 0.098655 0.018892 0.026906
15 0.191436 0.310538 0.030227 0.033632
15 0.052897 0.322870 0.030227 0.035874
15 0.097607 0.288117 0.031486 0.033632
15 0.020781 0.355381 0.039043 0.056054
15 0.027708 0.183857 0.042821 0.044843
15 0.171914 0.201794 0.046599 0.040359
15 0.156801 0.137892 0.049118 0.042601
15 0.124055 0.131166 0.041562 0.033632
15 0.182620 0.089686 0.030227 0.035874
15 0.231108 0.107623 0.026448 0.035874
15 0.221033 0.156951 0.021411 0.031390
15 0.310453 0.121076 0.036524 0.035874
15 0.365239 0.088565 0.035264 0.024664
15 0.323048 0.065022 0.039043 0.035874
15 0.353275 0.044843 0.031486 0.026906
15 0.279597 0.052691 0.045340 0.029148
15 0.260076 0.082960 0.031486 0.026906
15 0.217884 0.014574 0.035264 0.024664
15 0.067380 0.065022 0.036524 0.031390
15 0.037783 0.076233 0.025189 0.026906
15 0.019521 0.035874 0.034005 0.031390
15 0.588791 0.059417 0.023929 0.024664
