15 0.490000 0.669643 0.045000 0.057540
15 0.507500 0.797619 0.037500 0.051587
15 0.316250 0.761905 0.040000 0.047619
15 0.338750 0.952381 0.042500 0.043651
15 0.166250 0.500000 0.035000 0.055556
15 0.105000 0.215278 0.042500 0.065476
15 0.405625 0.307540 0.036250 0.039683
15 0.420625 0.379960 0.033750 0.037698
15 0.645625 0.354167 0.048750 0.049603
15 0.850625 0.568452 0.033750 0.069444
15 0.914375 0.350198 0.038750 0.057540
15 0.871875 0.299603 0.036250 0.055556
15 0.551250 0.076389 0.050000 0.049603
15 0.553750 0.208333 0.042500 0.063492
