15 0.086912 0.629956 0.059305 0.039648
15 0.296524 0.535242 0.053170 0.057269
15 0.336401 0.389868 0.047035 0.048458
15 0.179959 0.342511 0.053170 0.046256
15 0.063395 0.215859 0.049080 0.057269
15 0.251534 0.067181 0.057260 0.037445
15 0.477505 0.373348 0.055215 0.059471
15 0.741309 0.417401 0.047035 0.055066
15 0.600204 0.556167 0.042945 0.046256
15 0.692229 0.634361 0.047035 0.048458
15 0.714724 0.572687 0.047035 0.044053
15 0.764826 0.539648 0.032720 0.044053
15 0.821063 0.567181 0.038855 0.041850
15 0.887526 0.614537 0.024540 0.035242
15 0.916155 0.598018 0.036810 0.046256
15 0.937628 0.534141 0.051125 0.046256
15 0.753579 0.851322 0.055215 0.037445
15 0.566462 0.791850 0.049080 0.046256
15 0.458078 0.757709 0.049080 0.044053
15 0.970348 0.254405 0.059305 0.050661
15 0.269939 0.714758 0.032720 0.037445
15 0.355828 0.587004 0.061350 0.033040
