15 0.293777 0.547575 0.040521 0.050373
15 0.341534 0.568097 0.031838 0.042910
15 0.410999 0.638993 0.043415 0.042910
15 0.455861 0.727612 0.026049 0.048507
15 0.517366 0.690299 0.024602 0.044776
15 0.543415 0.665112 0.024602 0.035448
15 0.585384 0.769590 0.027496 0.035448
15 0.570188 0.910448 0.037627 0.037313
15 0.728654 0.765858 0.041968 0.039179
15 0.702605 0.712687 0.021708 0.033582
15 0.684515 0.727612 0.023155 0.029851
15 0.666425 0.699627 0.024602 0.029851
15 0.845876 0.798507 0.021708 0.037313
15 0.908828 0.827425 0.031838 0.039179
15 0.943560 0.840485 0.028944 0.042910
15 0.809696 0.588619 0.033285 0.035448
15 0.837916 0.611007 0.028944 0.039179
15 0.987699 0.529851 0.024602 0.048507
15 0.696093 0.494403 0.043415 0.052239
15 0.497106 0.409515 0.030391 0.050373
15 0.528944 0.391791 0.059334 0.037313
15 0.560781 0.371269 0.030391 0.037313
15 0.515919 0.305970 0.033285 0.041045
15 0.445731 0.308769 0.046310 0.035448
15 0.318379 0.330224 0.037627 0.048507
15 0.238784 0.215485 0.034732 0.046642
15 0.230101 0.267724 0.031838 0.042910
15 0.207670 0.283582 0.036179 0.041045
15 0.161360 0.250000 0.039074 0.044776
15 0.129522 0.219216 0.039074 0.039179
15 0.096961 0.113806 0.040521 0.041045
15 0.080318 0.237873 0.027496 0.035448
15 0.066570 0.295709 0.037627 0.031716
15 0.091896 0.321828 0.039074 0.035448
15 0.104197 0.350746 0.020260 0.033582
15 0.111433 0.490672 0.037627 0.037313
15 0.008683 0.235075 0.014472 0.074627
