15 0.272989 0.642686 0.063218 0.057554
15 0.254310 0.574341 0.048851 0.050360
15 0.300287 0.539568 0.045977 0.052758
15 0.308908 0.482014 0.034483 0.047962
15 0.344109 0.478417 0.033046 0.031175
15 0.349138 0.510791 0.040230 0.043165
15 0.390805 0.501199 0.037356 0.047962
15 0.419540 0.414868 0.040230 0.052758
15 0.490661 0.429257 0.035920 0.052758
15 0.466236 0.510791 0.041667 0.043165
15 0.502874 0.520384 0.034483 0.043165
15 0.403736 0.649880 0.045977 0.043165
15 0.375718 0.610312 0.038793 0.045564
15 0.436782 0.725420 0.051724 0.069544
15 0.478448 0.665468 0.051724 0.045564
15 0.565374 0.793765 0.058908 0.057554
15 0.484195 0.800959 0.054598 0.057554
15 0.337644 0.881295 0.074713 0.083933
15 0.273707 0.910072 0.070402 0.074341
15 0.059626 0.948441 0.067529 0.059952
15 0.183190 0.720624 0.044540 0.055156
15 0.139368 0.601918 0.043103 0.067146
15 0.186063 0.537170 0.061782 0.067146
15 0.162356 0.494005 0.043103 0.047962
15 0.035920 0.486811 0.043103 0.057554
15 0.020833 0.583933 0.038793 0.079137
15 0.022270 0.347722 0.041667 0.052758
15 0.042385 0.316547 0.044540 0.047962
15 0.055316 0.286571 0.033046 0.026379
15 0.015086 0.274580 0.021552 0.031175
15 0.642960 0.948441 0.113506 0.103118
15 0.520115 0.904077 0.051724 0.052758
15 0.673851 0.799760 0.034483 0.055156
15 0.737069 0.785372 0.034483 0.050360
15 0.726293 0.649880 0.041667 0.047962
15 0.687500 0.621103 0.053161 0.052758
15 0.648707 0.579137 0.035920 0.031175
15 0.736351 0.570743 0.056034 0.067146
15 0.752874 0.543165 0.028736 0.050360
15 0.789511 0.522782 0.070402 0.067146
15 0.759339 0.436451 0.044540 0.038369
15 0.691810 0.390887 0.044540 0.043165
15 0.577586 0.362110 0.066092 0.038369
15 0.597701 0.418465 0.048851 0.050360
15 0.576868 0.491607 0.035920 0.038369
15 0.508621 0.341727 0.051724 0.055156
15 0.522270 0.317746 0.035920 0.040767
15 0.495690 0.284173 0.051724 0.050360
15 0.426006 0.303357 0.044540 0.040767
15 0.380029 0.297362 0.044540 0.038369
15 0.332615 0.312950 0.035920 0.040767
15 0.329741 0.264988 0.050287 0.050360
15 0.293103 0.280576 0.034483 0.033573
15 0.252874 0.280576 0.034483 0.038369
15 0.211925 0.300959 0.044540 0.045564
15 0.178161 0.302158 0.040230 0.033573
15 0.151580 0.299760 0.041667 0.038369
15 0.160201 0.269784 0.030172 0.031175
15 0.173132 0.236211 0.038793 0.040767
15 0.144397 0.221823 0.027299 0.035971
15 0.163075 0.187050 0.024425 0.033573
15 0.191092 0.185851 0.022989 0.026379
15 0.262213 0.229017 0.024425 0.031175
15 0.314655 0.206235 0.034483 0.028777
15 0.367098 0.181055 0.027299 0.035971
15 0.403017 0.226619 0.030172 0.035971
15 0.431034 0.260192 0.031609 0.040767
15 0.501437 0.238609 0.043103 0.031175
15 0.540230 0.226619 0.028736 0.031175
15 0.526580 0.209832 0.027299 0.026379
15 0.523707 0.171463 0.021552 0.021583
15 0.579023 0.188249 0.020115 0.026379
15 0.591954 0.211031 0.028736 0.043165
15 0.596983 0.281775 0.035920 0.035971
15 0.573276 0.298561 0.025862 0.035971
15 0.556753 0.270983 0.027299 0.038369
15 0.640086 0.278177 0.027299 0.023981
15 0.613506 0.318945 0.034483 0.033573
15 0.657328 0.328537 0.021552 0.033573
15 0.693247 0.330935 0.021552 0.033573
15 0.725575 0.311751 0.020115 0.038369
15 0.765086 0.328537 0.030172 0.028777
15 0.828305 0.320144 0.035920 0.035971
15 0.822557 0.623501 0.038793 0.043165
15 0.863506 0.546763 0.037356 0.043165
15 0.858477 0.511990 0.044540 0.050360
15 0.893678 0.498801 0.034483 0.038369
15 0.899425 0.687050 0.045977 0.064748
15 0.910201 0.733813 0.033046 0.047962
15 0.969109 0.748201 0.015805 0.038369
15 0.979885 0.690647 0.040230 0.057554
15 0.136494 0.381295 0.040230 0.038369
15 0.190374 0.364508 0.035920 0.038369
15 0.108477 0.201439 0.021552 0.019185
15 0.097701 0.173861 0.025862 0.026379
15 0.082615 0.167866 0.018678 0.028777
15 0.295259 0.158273 0.024425 0.033573
15 0.323276 0.160671 0.017241 0.023981
15 0.494253 0.155875 0.025862 0.023981
15 0.605603 0.182254 0.024425 0.028777
15 0.665230 0.218225 0.031609 0.033573
15 0.694684 0.230216 0.024425 0.028777
15 0.637931 0.252998 0.028736 0.031175
15 0.742098 0.224221 0.021552 0.026379
15 0.759339 0.237410 0.021552 0.028777
15 0.839080 0.263789 0.031609 0.038369
15 0.839799 0.219424 0.035920 0.035971
15 0.792385 0.231415 0.035920 0.031175
15 0.772989 0.189448 0.031609 0.038369
15 0.704023 0.191847 0.020115 0.019185
15 0.939655 0.563549 0.034483 0.047962
15 0.960489 0.549161 0.038793 0.038369
15 0.960489 0.489209 0.041667 0.052758
15 0.936782 0.459233 0.037356 0.031175
15 0.972701 0.429257 0.037356 0.047962
15 0.940374 0.377698 0.033046 0.040767
15 0.862069 0.428058 0.054598 0.050360
15 0.904454 0.390887 0.027299 0.038369
15 0.926724 0.342926 0.025862 0.028777
15 0.906609 0.303357 0.017241 0.040767
15 0.863506 0.354916 0.040230 0.028777
