15 0.303392 0.588968 0.059045 0.064057
15 0.466080 0.345196 0.045226 0.053381
15 0.729271 0.209964 0.048995 0.056940
15 0.788945 0.258007 0.055276 0.078292
15 0.643844 0.092527 0.043970 0.049822
15 0.742462 0.566726 0.052764 0.076512
15 0.636935 0.558719 0.040201 0.042705
15 0.624372 0.615658 0.052764 0.053381
15 0.758166 0.702847 0.051508 0.067616
15 0.890704 0.898577 0.067839 0.092527
15 0.076005 0.322064 0.048995 0.053381
15 0.173367 0.293594 0.042714 0.071174
15 0.181533 0.175267 0.038945 0.058719
15 0.212312 0.134342 0.032663 0.044484
15 0.309045 0.830961 0.052764 0.049822
