15 0.389138 0.746291 0.038600 0.047478
15 0.457361 0.663205 0.024237 0.062315
15 0.481149 0.510386 0.035907 0.068249
15 0.567774 0.405045 0.042190 0.050445
15 0.752244 0.658012 0.034111 0.060831
15 0.317774 0.459941 0.030521 0.053412
15 0.269300 0.424332 0.028725 0.047478
15 0.381957 0.267062 0.051167 0.053412
15 0.156643 0.535608 0.033214 0.041543
15 0.190754 0.597923 0.033214 0.062315
15 0.085278 0.408754 0.034111 0.063798
15 0.045781 0.116469 0.037702 0.057864
15 0.926391 0.890208 0.021544 0.053412
