15 0.180055 0.604403 0.031394 0.032670
15 0.201293 0.633523 0.033241 0.042614
15 0.311173 0.576705 0.033241 0.053977
15 0.221145 0.508523 0.043398 0.036932
15 0.307941 0.411932 0.032318 0.039773
15 0.261311 0.288352 0.044321 0.051136
15 0.168052 0.159801 0.040628 0.052557
15 0.188366 0.063210 0.042475 0.044034
15 0.037396 0.079545 0.050785 0.039773
15 0.337950 0.737216 0.036934 0.042614
15 0.438596 0.686080 0.035088 0.042614
15 0.454755 0.728693 0.041551 0.051136
15 0.732225 0.767045 0.033241 0.034091
15 0.605263 0.588778 0.085873 0.095170
15 0.503232 0.417614 0.073869 0.079545
15 0.521237 0.286932 0.050785 0.039773
15 0.831948 0.550426 0.048015 0.046875
15 0.752539 0.512074 0.044321 0.041193
15 0.739151 0.601562 0.034164 0.049716
15 0.728532 0.828125 0.040628 0.051136
15 0.873961 0.900568 0.032318 0.036932
15 0.923361 0.526278 0.033241 0.061080
15 0.953370 0.039062 0.032318 0.038352
15 0.820406 0.026989 0.032318 0.051136
15 0.132041 0.725852 0.046168 0.053977
15 0.191136 0.840909 0.042475 0.051136
