15 0.463571 0.775882 0.034286 0.048235
15 0.404286 0.818824 0.050000 0.068235
15 0.344286 0.885294 0.062857 0.043529
15 0.302857 0.775294 0.044286 0.051765
15 0.317857 0.689412 0.065714 0.047059
15 0.382143 0.518824 0.058571 0.058824
15 0.459643 0.529412 0.039286 0.049412
15 0.577857 0.624118 0.037143 0.048235
15 0.606071 0.587059 0.042143 0.051765
15 0.621786 0.677059 0.036429 0.050588
15 0.663929 0.718235 0.043571 0.060000
15 0.768214 0.656471 0.026429 0.047059
15 0.747857 0.635882 0.030000 0.045882
15 0.783929 0.602353 0.037857 0.044706
15 0.762500 0.555882 0.030714 0.031765
15 0.745714 0.520000 0.028571 0.030588
15 0.709643 0.524118 0.029286 0.036471
15 0.658214 0.552353 0.039286 0.038824
15 0.636071 0.503529 0.043571 0.037647
15 0.650357 0.433529 0.022143 0.041176
15 0.825714 0.530588 0.018571 0.030588
15 0.827143 0.493529 0.024286 0.038824
15 0.840000 0.474706 0.028571 0.036471
15 0.863214 0.522941 0.025000 0.034118
15 0.731786 0.847647 0.047857 0.071765
15 0.782143 0.778824 0.018571 0.032941
15 0.513929 0.413529 0.036429 0.036471
15 0.507500 0.382941 0.035000 0.041176
15 0.507143 0.348824 0.020000 0.024706
15 0.521429 0.332941 0.027143 0.032941
15 0.467143 0.337059 0.035714 0.029412
15 0.469643 0.320588 0.026429 0.027059
15 0.452857 0.371176 0.028571 0.022353
15 0.378929 0.390588 0.017857 0.032941
15 0.384286 0.358235 0.027143 0.027059
15 0.376071 0.336471 0.025000 0.028235
15 0.381786 0.311765 0.022143 0.032941
15 0.413929 0.292941 0.023571 0.032941
15 0.438929 0.314118 0.015000 0.021176
15 0.452857 0.262353 0.017143 0.023529
15 0.474286 0.264706 0.014286 0.025882
15 0.469286 0.244118 0.020000 0.027059
15 0.488214 0.254118 0.015000 0.018824
15 0.516071 0.267059 0.019286 0.021176
15 0.512500 0.288824 0.015000 0.020000
15 0.550714 0.311765 0.025714 0.032941
15 0.589286 0.321176 0.018571 0.028235
15 0.328929 0.300588 0.033571 0.024706
15 0.356071 0.289412 0.016429 0.023529
15 0.370357 0.278235 0.013571 0.024706
15 0.381429 0.270000 0.018571 0.029412
15 0.396429 0.258235 0.017143 0.027059
15 0.406429 0.248235 0.015714 0.035294
15 0.396786 0.218235 0.010714 0.022353
15 0.401071 0.204118 0.013571 0.027059
15 0.418929 0.217059 0.013571 0.020000
15 0.437857 0.211176 0.015714 0.022353
15 0.445714 0.184706 0.017143 0.023529
15 0.447500 0.169412 0.016429 0.016471
15 0.433929 0.173529 0.013571 0.017647
15 0.331071 0.430588 0.029286 0.025882
15 0.310714 0.404118 0.034286 0.034118
15 0.265000 0.413529 0.054286 0.036471
15 0.230000 0.462353 0.031429 0.023529
15 0.224286 0.435882 0.018571 0.022353
15 0.195714 0.447059 0.031429 0.028235
15 0.187857 0.478824 0.035714 0.044706
15 0.183571 0.653529 0.042857 0.074118
15 0.204286 0.968235 0.057143 0.063529
15 0.287143 0.340588 0.024286 0.029412
15 0.271786 0.327647 0.022143 0.024706
15 0.248214 0.359412 0.023571 0.029412
15 0.237500 0.347647 0.025000 0.029412
15 0.211071 0.328824 0.025000 0.027059
15 0.182143 0.360000 0.027143 0.042353
15 0.178571 0.287647 0.015714 0.038824
15 0.200714 0.242353 0.021429 0.025882
15 0.228214 0.261765 0.032143 0.034118
15 0.257500 0.278824 0.020714 0.028235
15 0.289286 0.292353 0.027143 0.034118
15 0.310000 0.265882 0.027143 0.030588
15 0.345714 0.265882 0.028571 0.025882
15 0.252500 0.202941 0.016429 0.024706
15 0.285357 0.190000 0.015000 0.022353
15 0.318571 0.166471 0.017143 0.017647
15 0.348214 0.161765 0.012143 0.020000
15 0.341429 0.211176 0.017143 0.017647
15 0.288571 0.237647 0.025714 0.018824
15 0.333214 0.239412 0.020714 0.015294
15 0.362857 0.227059 0.022857 0.014118
15 0.376786 0.234706 0.012143 0.015294
15 0.284286 0.147059 0.010000 0.016471
15 0.276429 0.110000 0.011429 0.015294
15 0.293571 0.117647 0.014286 0.014118
15 0.341071 0.133529 0.013571 0.017647
15 0.349286 0.120588 0.012857 0.015294
15 0.378214 0.055294 0.012143 0.018824
15 0.386786 0.045882 0.009286 0.016471
15 0.401071 0.056471 0.022143 0.018824
15 0.421786 0.057059 0.010714 0.012941
15 0.431429 0.057647 0.012857 0.021176
15 0.436071 0.044118 0.012143 0.012941
15 0.448214 0.057059 0.009286 0.012941
15 0.460000 0.072353 0.012857 0.012941
15 0.443214 0.080588 0.019286 0.017647
15 0.418214 0.137059 0.019286 0.022353
15 0.227500 0.072941 0.015000 0.014118
15 0.228214 0.061176 0.012143 0.014118
15 0.256071 0.050588 0.010714 0.016471
15 0.276071 0.053529 0.013571 0.015294
15 0.290357 0.064706 0.013571 0.016471
15 0.306429 0.085882 0.010000 0.011765
15 0.303571 0.041765 0.008571 0.017647
15 0.342143 0.056471 0.021429 0.018824
15 0.355357 0.046471 0.007857 0.017647
15 0.041786 0.809412 0.022143 0.042353
15 0.115357 0.755294 0.027857 0.032941
15 0.063571 0.627059 0.054286 0.042353
15 0.036429 0.589412 0.035714 0.040000
15 0.062857 0.536471 0.025714 0.032941
15 0.037500 0.537059 0.027857 0.034118
15 0.071071 0.451765 0.050714 0.037647
15 0.081071 0.371176 0.047857 0.036471
15 0.126786 0.362353 0.033571 0.035294
15 0.110714 0.303529 0.030000 0.028235
15 0.088214 0.292353 0.029286 0.024706
15 0.088929 0.245294 0.035000 0.024706
15 0.085357 0.196471 0.027857 0.023529
15 0.096786 0.160588 0.032143 0.020000
15 0.158214 0.182941 0.030714 0.017647
15 0.158571 0.228824 0.024286 0.022353
15 0.144643 0.280588 0.023571 0.022353
15 0.161429 0.274118 0.017143 0.028235
15 0.141071 0.157059 0.013571 0.017647
15 0.163214 0.162353 0.017857 0.021176
15 0.057500 0.169412 0.023571 0.018824
15 0.052143 0.148824 0.018571 0.017647
15 0.027143 0.127059 0.022857 0.021176
15 0.043571 0.068824 0.018571 0.020000
15 0.063929 0.067059 0.012143 0.018824
15 0.121071 0.073529 0.032143 0.024706
15 0.790000 0.396471 0.027143 0.030588
15 0.885714 0.420000 0.037143 0.030588
15 0.941429 0.461765 0.024286 0.029412
15 0.622857 0.176471 0.030000 0.035294
15 0.662143 0.203529 0.022857 0.035294
15 0.700357 0.175882 0.023571 0.024706
15 0.740000 0.174118 0.018571 0.016471
15 0.738571 0.202941 0.021429 0.024706
15 0.780000 0.235882 0.024286 0.027059
15 0.793929 0.226471 0.020714 0.020000
15 0.811071 0.246471 0.020714 0.024706
15 0.765714 0.264118 0.021429 0.024706
15 0.749643 0.251765 0.026429 0.021176
15 0.771429 0.161765 0.021429 0.029412
15 0.812857 0.157059 0.024286 0.027059
15 0.837857 0.202941 0.025714 0.029412
15 0.871786 0.165882 0.025000 0.030588
15 0.846429 0.144118 0.027143 0.027059
15 0.905000 0.149412 0.017143 0.021176
15 0.876786 0.134706 0.025000 0.027059
15 0.917143 0.135294 0.028571 0.025882
15 0.946071 0.087647 0.016429 0.020000
15 0.968214 0.098824 0.029286 0.028235
15 0.973214 0.157647 0.029286 0.030588
15 0.946786 0.167059 0.020714 0.018824
15 0.941071 0.179412 0.017857 0.017647
15 0.719286 0.109412 0.024286 0.018824
15 0.693571 0.128235 0.020000 0.014118
15 0.659643 0.121765 0.027857 0.020000
15 0.634286 0.114706 0.017143 0.015294
15 0.629643 0.125882 0.037857 0.016471
15 0.630357 0.141176 0.020714 0.016471
15 0.605714 0.125294 0.020000 0.015294
15 0.589286 0.114706 0.022857 0.020000
15 0.573929 0.071765 0.019286 0.025882
15 0.574643 0.039412 0.017857 0.020000
15 0.780000 0.120588 0.018571 0.024706
