15 0.411253 0.667417 0.063805 0.067568
15 0.621810 0.711712 0.041763 0.054054
15 0.722738 0.917417 0.051044 0.078078
15 0.185615 0.834835 0.044084 0.057057
15 0.095128 0.740991 0.069606 0.073574
15 0.047564 0.837838 0.046404 0.063063
15 0.207077 0.207207 0.038283 0.048048
15 0.439095 0.195195 0.045244 0.075075
15 0.480278 0.167417 0.048724 0.052553
15 0.648492 0.114865 0.051044 0.055556
15 0.526102 0.383634 0.061485 0.070571
15 0.747100 0.418168 0.053364 0.061562
15 0.894432 0.325075 0.048724 0.058559
15 0.818445 0.500000 0.038283 0.057057
15 0.308585 0.503754 0.044084 0.046547
15 0.067285 0.101351 0.058005 0.067568
