15 0.586957 0.712370 0.014493 0.011923
15 0.586957 0.696721 0.014493 0.013413
15 0.577295 0.702683 0.024155 0.007452
15 0.629227 0.707899 0.016908 0.011923
15 0.640097 0.703428 0.014493 0.008942
15 0.692029 0.689270 0.026570 0.013413
15 0.699275 0.678092 0.021739 0.008942
15 0.615942 0.665425 0.033816 0.013413
15 0.647343 0.654247 0.014493 0.008942
15 0.570048 0.636364 0.024155 0.011923
15 0.543478 0.649031 0.024155 0.013413
15 0.525362 0.627422 0.021739 0.011923
15 0.531401 0.616990 0.024155 0.017884
15 0.548309 0.605067 0.019324 0.011923
15 0.541063 0.593890 0.019324 0.010432
15 0.570048 0.611773 0.014493 0.013413
15 0.586957 0.612519 0.009662 0.011923
15 0.595411 0.605812 0.012077 0.010432
15 0.600242 0.599851 0.016908 0.010432
15 0.614734 0.599851 0.016908 0.013413
15 0.514493 0.608048 0.009662 0.011923
15 0.508454 0.598361 0.021739 0.013413
15 0.509662 0.593145 0.019324 0.011923
15 0.477053 0.604322 0.021739 0.016393
15 0.460145 0.596125 0.026570 0.011923
15 0.457729 0.616990 0.016908 0.011923
15 0.448068 0.603577 0.021739 0.014903
15 0.422705 0.611028 0.033816 0.017884
15 0.404589 0.622206 0.021739 0.013413
15 0.371981 0.616244 0.024155 0.013413
15 0.364734 0.634128 0.024155 0.013413
15 0.332126 0.634128 0.026570 0.010432
15 0.327295 0.642325 0.026570 0.011923
15 0.327295 0.654993 0.021739 0.010432
15 0.338164 0.669151 0.028986 0.017884
15 0.363527 0.668405 0.016908 0.010432
15 0.384058 0.665425 0.014493 0.013413
15 0.388889 0.654247 0.019324 0.011923
15 0.410628 0.657973 0.019324 0.013413
15 0.428744 0.666170 0.021739 0.014903
15 0.415459 0.680328 0.024155 0.013413
15 0.403382 0.688525 0.019324 0.011923
15 0.397343 0.714605 0.021739 0.013413
15 0.414251 0.720566 0.021739 0.016393
15 0.435990 0.722802 0.021739 0.014903
15 0.485507 0.713115 0.019324 0.019374
15 0.506039 0.707899 0.016908 0.017884
15 0.520531 0.708644 0.016908 0.013413
15 0.514493 0.684799 0.028986 0.019374
15 0.502415 0.672876 0.024155 0.013413
15 0.485507 0.657228 0.024155 0.014903
15 0.464976 0.641580 0.021739 0.013413
15 0.606280 0.794337 0.024155 0.014903
15 0.626812 0.794337 0.012077 0.011923
15 0.619565 0.769001 0.026570 0.011923
15 0.611111 0.757824 0.024155 0.013413
15 0.611111 0.746647 0.028986 0.011923
15 0.595411 0.732489 0.026570 0.016393
15 0.613527 0.718331 0.024155 0.014903
15 0.642512 0.722057 0.019324 0.010432
15 0.669082 0.738450 0.019324 0.013413
15 0.658213 0.757824 0.016908 0.010432
15 0.677536 0.768256 0.016908 0.010432
15 0.694444 0.761550 0.016908 0.008942
15 0.698068 0.724292 0.014493 0.011923
15 0.692029 0.711624 0.026570 0.013413
15 0.833333 0.661699 0.024155 0.017884
15 0.809179 0.638599 0.033816 0.013413
15 0.857488 0.636364 0.019324 0.011923
15 0.897343 0.652757 0.016908 0.011923
15 0.794686 0.725782 0.019324 0.011923
15 0.782609 0.757079 0.019324 0.017884
15 0.834541 0.820417 0.012077 0.013413
15 0.857488 0.800298 0.024155 0.014903
15 0.894928 0.802534 0.012077 0.013413
15 0.501208 0.780924 0.021739 0.011923
15 0.520531 0.774963 0.021739 0.011923
15 0.560386 0.766021 0.014493 0.011923
15 0.561594 0.757824 0.012077 0.010432
15 0.576087 0.751863 0.031401 0.013413
15 0.551932 0.733234 0.021739 0.008942
15 0.543478 0.739940 0.019324 0.013413
15 0.542271 0.719821 0.016908 0.011923
15 0.509662 0.730999 0.014493 0.010432
15 0.520531 0.737705 0.012077 0.020864
15 0.509662 0.752608 0.014493 0.011923
15 0.493961 0.757079 0.016908 0.014903
15 0.478261 0.734724 0.019324 0.014903
15 0.466184 0.739195 0.019324 0.014903
15 0.433575 0.748137 0.026570 0.017884
15 0.461353 0.781669 0.028986 0.013413
15 0.466184 0.767511 0.028986 0.014903
15 0.394928 0.768256 0.026570 0.013413
15 0.394928 0.745156 0.016908 0.011923
15 0.379227 0.736960 0.024155 0.016393
15 0.369565 0.718331 0.024155 0.011923
15 0.338164 0.726528 0.024155 0.010432
15 0.346618 0.760805 0.021739 0.013413
15 0.364734 0.754098 0.019324 0.008942
15 0.364734 0.767511 0.024155 0.011923
15 0.408213 0.792101 0.028986 0.016393
15 0.391304 0.806259 0.024155 0.014903
15 0.431159 0.805514 0.021739 0.010432
15 0.456522 0.821908 0.028986 0.016393
15 0.520531 0.826379 0.021739 0.010432
15 0.545894 0.827869 0.019324 0.010432
15 0.541063 0.809240 0.019324 0.011923
15 0.571256 0.804024 0.016908 0.010432
15 0.578502 0.794337 0.012077 0.008942
15 0.589372 0.804024 0.014493 0.010432
15 0.320048 0.888227 0.026570 0.011923
15 0.292271 0.899404 0.024155 0.013413
15 0.271739 0.877049 0.026570 0.010432
15 0.314010 0.871088 0.019324 0.010432
15 0.340580 0.871088 0.024155 0.013413
15 0.310386 0.859911 0.021739 0.008942
15 0.314010 0.847988 0.014493 0.008942
15 0.316425 0.835320 0.019324 0.010432
15 0.285024 0.844262 0.024155 0.013413
15 0.259662 0.852459 0.026570 0.011923
15 0.252415 0.839046 0.021739 0.008942
15 0.252415 0.830104 0.026570 0.008942
15 0.350242 0.820417 0.019324 0.013413
15 0.339372 0.803279 0.021739 0.014903
15 0.304348 0.804024 0.019324 0.013413
15 0.289855 0.807750 0.028986 0.011923
15 0.297101 0.788376 0.028986 0.011923
15 0.264493 0.802534 0.026570 0.013413
15 0.229469 0.811475 0.028986 0.019374
15 0.246377 0.815201 0.024155 0.011923
15 0.217391 0.832340 0.024155 0.010432
15 0.225845 0.845753 0.026570 0.013413
15 0.187198 0.839791 0.021739 0.016393
15 0.271739 0.771237 0.021739 0.013413
15 0.283816 0.759314 0.016908 0.013413
15 0.287440 0.741431 0.024155 0.016393
15 0.306763 0.743666 0.019324 0.011923
15 0.310386 0.763785 0.016908 0.013413
15 0.243961 0.741431 0.024155 0.016393
15 0.264493 0.724292 0.026570 0.017884
15 0.289855 0.713115 0.024155 0.010432
15 0.260870 0.699702 0.024155 0.016393
15 0.196860 0.715350 0.041063 0.017884
