15 0.186375 0.747989 0.105398 0.101877
15 0.341902 0.640751 0.066838 0.048257
15 0.446015 0.510724 0.053985 0.034853
15 0.372751 0.445040 0.046272 0.032172
15 0.383033 0.416890 0.046272 0.040214
15 0.194087 0.459786 0.053985 0.050938
15 0.199229 0.312332 0.048843 0.050938
15 0.275064 0.319035 0.051414 0.048257
15 0.413882 0.264075 0.051414 0.040214
15 0.520566 0.262735 0.043702 0.042895
15 0.502571 0.336461 0.043702 0.034853
15 0.535990 0.386059 0.038560 0.042895
15 0.613111 0.428954 0.048843 0.048257
15 0.620823 0.508043 0.038560 0.040214
15 0.542416 0.689008 0.041131 0.037534
15 0.574550 0.592493 0.038560 0.032172
15 0.443445 0.835121 0.043702 0.034853
15 0.430591 0.749330 0.048843 0.040214
15 0.731362 0.347185 0.064267 0.034853
15 0.654242 0.317694 0.033419 0.034853
