15 0.473443 0.588675 0.049451 0.032051
15 0.471612 0.551282 0.053114 0.047009
15 0.571429 0.444444 0.040293 0.051282
15 0.368132 0.458333 0.018315 0.032051
15 0.347070 0.465812 0.020147 0.029915
15 0.330586 0.450855 0.034799 0.029915
15 0.298535 0.469017 0.036630 0.032051
15 0.318681 0.476496 0.036630 0.029915
15 0.268315 0.517094 0.027473 0.034188
15 0.287546 0.577991 0.036630 0.027778
15 0.277473 0.938034 0.042125 0.042735
15 0.171245 0.431624 0.053114 0.051282
15 0.233516 0.324786 0.042125 0.038462
15 0.346154 0.363248 0.040293 0.042735
15 0.243590 0.207265 0.032967 0.021368
15 0.207875 0.089744 0.038462 0.047009
15 0.254579 0.048077 0.047619 0.032051
15 0.114469 0.137821 0.049451 0.044872
15 0.102564 0.048077 0.040293 0.032051
15 0.077839 0.059829 0.031136 0.029915
15 0.024725 0.103632 0.020147 0.019231
15 0.014652 0.147436 0.018315 0.038462
15 0.707875 0.095085 0.034799 0.053419
15 0.841575 0.128205 0.027473 0.034188
15 0.919414 0.172009 0.036630 0.036325
15 0.906593 0.201923 0.029304 0.027778
15 0.893773 0.258547 0.025641 0.034188
15 0.851648 0.275641 0.025641 0.021368
15 0.888278 0.305556 0.025641 0.034188
15 0.795788 0.220085 0.045788 0.042735
15 0.785714 0.847222 0.025641 0.040598
15 0.589744 0.784188 0.040293 0.047009
15 0.515568 0.754274 0.034799 0.038462
15 0.485348 0.698718 0.040293 0.034188
15 0.759158 0.401709 0.031136 0.034188
