15 0.385903 0.859091 0.037525 0.052727
15 0.189655 0.803636 0.034483 0.054545
15 0.225152 0.718182 0.024341 0.047273
15 0.220081 0.578182 0.042596 0.061818
15 0.132353 0.611818 0.051724 0.060000
15 0.150101 0.513636 0.028398 0.045455
15 0.163286 0.389091 0.046653 0.061818
15 0.327079 0.425455 0.035497 0.061818
15 0.232252 0.337273 0.026369 0.034545
15 0.106491 0.160909 0.042596 0.060000
15 0.064909 0.280000 0.042596 0.072727
15 0.415314 0.624545 0.043611 0.067273
15 0.496957 0.568182 0.038540 0.056364
15 0.607505 0.547273 0.030426 0.050909
15 0.647566 0.438182 0.031440 0.054545
15 0.691176 0.672727 0.035497 0.043636
15 0.927485 0.700909 0.037525 0.074545
15 0.970081 0.548182 0.025355 0.056364
15 0.859533 0.531818 0.029412 0.045455
15 0.975659 0.349091 0.036511 0.061818
15 0.602941 0.896364 0.023327 0.043636
15 0.668864 0.945455 0.019270 0.036364
15 0.908215 0.953636 0.023327 0.038182
15 0.470081 0.757273 0.027383 0.034545
