15 0.058442 0.139706 0.051948 0.062500
15 0.132576 0.258272 0.024892 0.038603
15 0.120130 0.355699 0.032468 0.049632
15 0.258117 0.537684 0.035714 0.045956
15 0.401515 0.460478 0.049784 0.042279
15 0.375541 0.585478 0.043290 0.068015
15 0.410714 0.617647 0.024892 0.047794
15 0.289502 0.726103 0.029221 0.040441
15 0.399351 0.758272 0.041126 0.038603
15 0.283550 0.952206 0.032468 0.055147
15 0.587662 0.668199 0.036797 0.056985
15 0.612013 0.460478 0.027056 0.042279
15 0.699675 0.430147 0.037879 0.051471
15 0.677489 0.050551 0.038961 0.053309
15 0.754329 0.649816 0.038961 0.071691
15 0.739719 0.461397 0.029221 0.051471
15 0.799242 0.328125 0.027056 0.049632
15 0.831710 0.373162 0.033550 0.051471
15 0.797078 0.533088 0.020563 0.040441
15 0.873918 0.629596 0.035714 0.049632
15 0.920455 0.761949 0.031385 0.053309
15 0.920996 0.650735 0.021645 0.040441
15 0.886905 0.805147 0.020563 0.055147
15 0.978355 0.521140 0.023810 0.045956
15 0.626623 0.781250 0.019481 0.055147
15 0.561147 0.808824 0.037879 0.047794
