15 0.269385 0.805495 0.036096 0.054945
15 0.389037 0.538462 0.040107 0.061538
15 0.264037 0.428571 0.036096 0.052747
15 0.147727 0.431868 0.052139 0.059341
15 0.219251 0.542857 0.050802 0.074725
15 0.017380 0.564835 0.032086 0.074725
15 0.171123 0.130769 0.050802 0.050549
15 0.289439 0.130769 0.054813 0.059341
15 0.442513 0.252747 0.032086 0.043956
15 0.552807 0.096703 0.025401 0.043956
15 0.591578 0.267033 0.038770 0.090110
15 0.713235 0.270330 0.033422 0.048352
15 0.710561 0.200000 0.030749 0.048352
15 0.762701 0.174725 0.022727 0.054945
15 0.770053 0.351648 0.024064 0.057143
15 0.896390 0.376923 0.030749 0.063736
15 0.907086 0.157143 0.025401 0.041758
15 0.941845 0.607692 0.030749 0.068132
15 0.653075 0.708791 0.049465 0.076923
15 0.747326 0.946154 0.050802 0.072527
15 0.812166 0.883516 0.036096 0.070330
