15 0.323171 0.621857 0.044715 0.056093
15 0.108401 0.529981 0.070461 0.061896
15 0.457317 0.327853 0.052846 0.063830
15 0.159892 0.094778 0.048780 0.046422
15 0.037940 0.067698 0.032520 0.046422
15 0.535908 0.786267 0.050136 0.067698
15 0.571138 0.761122 0.042005 0.052224
15 0.612466 0.696325 0.043360 0.058027
15 0.636856 0.855899 0.032520 0.044487
15 0.657859 0.870406 0.025745 0.027079
15 0.635501 0.910058 0.032520 0.025145
15 0.453252 0.976789 0.074526 0.046422
15 0.872629 0.757253 0.043360 0.048356
15 0.912602 0.680851 0.036585 0.050290
15 0.956640 0.516441 0.043360 0.042553
