15 0.390879 0.909091 0.130293 0.063425
15 0.587948 0.741015 0.127036 0.057082
15 0.320847 0.731501 0.094463 0.050740
15 0.187296 0.691332 0.087948 0.046512
15 0.146580 0.859408 0.065147 0.052854
15 0.591205 0.579281 0.120521 0.076110
15 0.879479 0.532770 0.084691 0.054968
15 0.892508 0.433404 0.058632 0.046512
15 0.856678 0.305497 0.091205 0.061311
15 0.537459 0.409091 0.097720 0.095137
15 0.286645 0.373150 0.104235 0.052854
15 0.359935 0.150106 0.107492 0.071882
15 0.482085 0.182875 0.078176 0.065539
15 0.412052 0.071882 0.087948 0.050740
15 0.794788 0.033827 0.117264 0.046512
