15 0.046078 0.486957 0.049020 0.075362
15 0.241176 0.375362 0.066667 0.089855
15 0.309804 0.228986 0.035294 0.052174
15 0.165686 0.218841 0.049020 0.049275
15 0.204902 0.128986 0.052941 0.037681
15 0.623529 0.578261 0.058824 0.084058
15 0.551961 0.571014 0.025490 0.046377
15 0.641176 0.333333 0.054902 0.069565
15 0.812745 0.250725 0.029412 0.037681
15 0.823529 0.488406 0.039216 0.049275
15 0.783333 0.673913 0.041176 0.060870
15 0.893137 0.513043 0.037255 0.075362
15 0.923529 0.476812 0.039216 0.055072
