15 0.452164 0.696386 0.061503 0.057831
15 0.489749 0.614458 0.068337 0.048193
15 0.538724 0.742169 0.061503 0.053012
15 0.414579 0.948193 0.068337 0.045783
15 0.562642 0.974699 0.072893 0.050602
15 0.793850 0.889157 0.070615 0.067470
15 0.931663 0.753012 0.086560 0.060241
15 0.761959 0.567470 0.047836 0.045783
15 0.818907 0.473494 0.052392 0.050602
15 0.734624 0.430120 0.052392 0.040964
15 0.766515 0.344578 0.034169 0.048193
15 0.835991 0.356627 0.050114 0.048193
15 0.930524 0.230120 0.056948 0.045783
15 0.396355 0.184337 0.059226 0.040964
15 0.160592 0.118072 0.052392 0.038554
15 0.206150 0.421687 0.047836 0.053012
15 0.109339 0.475904 0.068337 0.060241
15 0.117312 0.553012 0.047836 0.036145
15 0.047836 0.856627 0.050114 0.065060
