15 0.228144 0.581942 0.046707 0.050076
15 0.089820 0.559939 0.050299 0.042489
15 0.142515 0.433232 0.031138 0.053111
15 0.315569 0.315630 0.034731 0.042489
15 0.297006 0.267830 0.033533 0.034901
15 0.401796 0.153263 0.049102 0.039454
15 0.150898 0.089530 0.035928 0.042489
15 0.509581 0.207132 0.044311 0.053111
15 0.737126 0.044006 0.037126 0.030349
15 0.622754 0.412747 0.062275 0.048558
15 0.597605 0.628225 0.028743 0.042489
15 0.586826 0.791351 0.033533 0.050076
15 0.612575 0.818665 0.044311 0.044006
15 0.572455 0.863429 0.050299 0.039454
15 0.758084 0.864188 0.028743 0.037936
15 0.874251 0.671472 0.040719 0.044006
15 0.851497 0.363429 0.040719 0.062215
15 0.740719 0.314871 0.037126 0.040971
15 0.715569 0.261760 0.049102 0.056146
