15 0.086888 0.731148 0.031596 0.045902
15 0.046209 0.575410 0.037125 0.085246
15 0.116509 0.495902 0.021327 0.060656
15 0.154028 0.528689 0.025276 0.077049
15 0.212480 0.573770 0.022117 0.072131
15 0.239336 0.572131 0.018957 0.055738
15 0.268957 0.786066 0.027646 0.080328
15 0.345182 0.763934 0.028436 0.062295
15 0.355845 0.601639 0.032385 0.078689
15 0.394945 0.528689 0.033175 0.060656
15 0.476303 0.360656 0.037915 0.072131
15 0.445893 0.274590 0.033965 0.067213
15 0.643760 0.363115 0.037915 0.070492
15 0.713270 0.145902 0.036335 0.068852
15 0.604265 0.115574 0.053712 0.080328
15 0.633886 0.042623 0.027646 0.059016
15 0.671406 0.045082 0.030016 0.067213
15 0.744866 0.863934 0.030016 0.062295
15 0.788310 0.733607 0.025276 0.093443
15 0.803318 0.654098 0.047393 0.072131
15 0.848736 0.311475 0.038705 0.075410
15 0.860190 0.131967 0.028436 0.083607
15 0.963270 0.414754 0.032385 0.072131
