15 0.898438 0.940000 0.033125 0.051111
15 0.893125 0.896111 0.031250 0.045556
15 0.926875 0.905556 0.023750 0.042222
15 0.936562 0.888333 0.023125 0.038889
15 0.942187 0.864444 0.019375 0.033333
15 0.949063 0.851111 0.021875 0.037778
15 0.962187 0.946111 0.021875 0.043333
15 0.964375 0.988333 0.016250 0.023333
15 0.799063 0.915000 0.028125 0.043333
15 0.771563 0.861111 0.024375 0.035556
15 0.778438 0.817222 0.018125 0.030000
15 0.820937 0.811667 0.016875 0.027778
15 0.837812 0.818889 0.011875 0.035556
15 0.823438 0.781111 0.018125 0.017778
15 0.850938 0.768889 0.013125 0.022222
15 0.793125 0.968889 0.013750 0.028889
15 0.749375 0.940000 0.020000 0.028889
15 0.742500 0.888333 0.016250 0.030000
15 0.709375 0.957222 0.021250 0.041111
15 0.691250 0.876111 0.015000 0.030000
15 0.689063 0.841667 0.018125 0.034444
15 0.711875 0.844444 0.017500 0.033333
15 0.658438 0.882778 0.016875 0.032222
15 0.708125 0.791667 0.016250 0.025556
15 0.715000 0.770000 0.020000 0.033333
15 0.673438 0.740556 0.019375 0.025556
15 0.673750 0.706667 0.013750 0.024444
15 0.752812 0.740556 0.016875 0.027778
15 0.767500 0.699444 0.015000 0.021111
15 0.767188 0.666111 0.019375 0.027778
15 0.802500 0.700000 0.017500 0.031111
15 0.824375 0.714444 0.017500 0.035556
15 0.836562 0.672778 0.019375 0.032222
15 0.890625 0.671667 0.015000 0.034444
15 0.902813 0.691667 0.016875 0.027778
15 0.910000 0.674444 0.013750 0.028889
15 0.951562 0.718889 0.018125 0.042222
15 0.929375 0.742778 0.018750 0.032222
15 0.929688 0.765000 0.021875 0.030000
15 0.925000 0.807778 0.020000 0.042222
15 0.913438 0.775556 0.021875 0.024444
15 0.982500 0.786667 0.021250 0.042222
15 0.852500 0.633333 0.018750 0.035556
15 0.860938 0.612222 0.013125 0.028889
15 0.876563 0.586111 0.019375 0.027778
15 0.936250 0.598889 0.020000 0.044444
15 0.942187 0.555556 0.020625 0.033333
15 0.955625 0.556111 0.015000 0.038889
15 0.981250 0.567222 0.015000 0.032222
15 0.976875 0.582222 0.017500 0.028889
15 0.990000 0.600556 0.020000 0.027778
15 0.838125 0.561111 0.018750 0.022222
15 0.817813 0.579444 0.019375 0.021111
15 0.812187 0.552778 0.020625 0.041111
15 0.778438 0.569444 0.026875 0.034444
15 0.744062 0.608333 0.019375 0.036667
15 0.762813 0.633889 0.019375 0.036667
15 0.724375 0.636111 0.031250 0.050000
15 0.709688 0.675556 0.026875 0.037778
15 0.818438 0.490556 0.014375 0.021111
15 0.810312 0.473889 0.020625 0.027778
15 0.827500 0.474444 0.015000 0.020000
15 0.839375 0.487778 0.013750 0.024444
15 0.887188 0.500000 0.023125 0.028889
15 0.914687 0.510556 0.014375 0.023333
15 0.896875 0.469444 0.017500 0.025556
15 0.887188 0.457222 0.014375 0.030000
15 0.902813 0.440556 0.014375 0.027778
15 0.916562 0.448889 0.013125 0.028889
15 0.926562 0.447222 0.013125 0.021111
15 0.937500 0.471111 0.011250 0.026667
15 0.947500 0.475556 0.010000 0.022222
15 0.983750 0.492778 0.013750 0.036667
15 0.960000 0.457222 0.017500 0.034444
15 0.865313 0.418333 0.014375 0.027778
15 0.840625 0.436111 0.023750 0.032222
15 0.812813 0.426111 0.018125 0.023333
15 0.675937 0.541111 0.018125 0.026667
15 0.660312 0.533333 0.015625 0.024444
15 0.647500 0.512778 0.018750 0.023333
15 0.675000 0.512778 0.016250 0.023333
15 0.697812 0.502222 0.019375 0.024444
15 0.653438 0.467222 0.020625 0.027778
15 0.678438 0.453333 0.020625 0.022222
15 0.659375 0.431667 0.015000 0.021111
15 0.650312 0.410556 0.013125 0.021111
15 0.656563 0.404444 0.021875 0.017778
15 0.688750 0.414444 0.016250 0.022222
15 0.709688 0.414444 0.010625 0.022222
15 0.715313 0.424444 0.011875 0.020000
15 0.718437 0.394444 0.010625 0.015556
15 0.710313 0.375000 0.014375 0.016667
15 0.689375 0.377778 0.022500 0.022222
15 0.707187 0.348889 0.014375 0.013333
15 0.688125 0.330000 0.012500 0.017778
15 0.657500 0.337222 0.013750 0.016667
15 0.667500 0.347778 0.013750 0.017778
15 0.705625 0.333889 0.010000 0.016667
15 0.707812 0.296111 0.018125 0.021111
15 0.740625 0.333333 0.015000 0.026667
15 0.769687 0.351111 0.011875 0.017778
15 0.504375 0.726111 0.022500 0.034444
15 0.514062 0.665000 0.023125 0.036667
15 0.541562 0.633889 0.013125 0.016667
15 0.542500 0.653333 0.017500 0.024444
15 0.564375 0.690000 0.017500 0.028889
15 0.573750 0.713333 0.012500 0.024444
15 0.460313 0.722778 0.019375 0.027778
15 0.452813 0.741667 0.018125 0.023333
15 0.440625 0.748333 0.020000 0.030000
15 0.458437 0.794444 0.016875 0.024444
15 0.473438 0.766111 0.016875 0.032222
15 0.443437 0.834444 0.020625 0.028889
15 0.427812 0.878889 0.023125 0.035556
15 0.454062 0.916111 0.031875 0.043333
15 0.482500 0.878889 0.015000 0.024444
15 0.436250 0.983889 0.023750 0.032222
15 0.475938 0.653333 0.018125 0.037778
15 0.482500 0.611667 0.017500 0.032222
15 0.493750 0.600556 0.017500 0.025556
15 0.490000 0.576667 0.013750 0.026667
15 0.475000 0.578889 0.016250 0.022222
15 0.471250 0.562222 0.012500 0.026667
15 0.464687 0.545556 0.014375 0.017778
15 0.456562 0.526111 0.015625 0.025556
15 0.435000 0.526111 0.017500 0.025556
15 0.423750 0.568889 0.013750 0.031111
15 0.551562 0.481111 0.019375 0.028889
15 0.609375 0.476667 0.023750 0.026667
15 0.582812 0.445000 0.023125 0.032222
15 0.622500 0.423889 0.016250 0.025556
15 0.593437 0.390556 0.020625 0.025556
15 0.586562 0.403889 0.016875 0.021111
15 0.568750 0.405556 0.017500 0.022222
15 0.566875 0.377778 0.013750 0.026667
15 0.553438 0.392778 0.011875 0.021111
15 0.538750 0.386111 0.015000 0.021111
15 0.514687 0.390000 0.020625 0.024444
15 0.505313 0.412778 0.016875 0.027778
15 0.495312 0.364444 0.018125 0.028889
15 0.477187 0.382778 0.015625 0.018889
15 0.466562 0.390556 0.020625 0.018889
15 0.460625 0.367778 0.020000 0.024444
15 0.440937 0.361667 0.018125 0.023333
15 0.441563 0.397778 0.013125 0.020000
15 0.471250 0.423333 0.012500 0.022222
15 0.522500 0.457778 0.017500 0.020000
15 0.575625 0.509444 0.016250 0.021111
15 0.595000 0.535000 0.013750 0.023333
15 0.610313 0.520556 0.011875 0.021111
15 0.629062 0.555000 0.013125 0.021111
15 0.640312 0.538333 0.020625 0.030000
15 0.563438 0.320556 0.011875 0.021111
15 0.533125 0.352778 0.016250 0.027778
15 0.530312 0.335556 0.013125 0.020000
15 0.525000 0.317778 0.012500 0.026667
15 0.501875 0.306667 0.021250 0.020000
15 0.496563 0.327222 0.011875 0.016667
15 0.497188 0.275556 0.011875 0.020000
15 0.488438 0.293889 0.011875 0.012222
15 0.484063 0.278333 0.014375 0.021111
15 0.464062 0.285000 0.014375 0.021111
15 0.451250 0.318333 0.012500 0.025556
15 0.443437 0.323889 0.014375 0.025556
15 0.432500 0.308333 0.013750 0.025556
15 0.454375 0.241667 0.011250 0.014444
15 0.454062 0.226667 0.008125 0.022222
15 0.462813 0.221111 0.013125 0.017778
15 0.470313 0.232778 0.013125 0.016667
15 0.511875 0.226111 0.010000 0.018889
15 0.520000 0.265556 0.008750 0.024444
15 0.527188 0.262222 0.009375 0.020000
15 0.430937 0.246111 0.010625 0.018889
15 0.423438 0.222778 0.014375 0.018889
15 0.437500 0.194444 0.012500 0.020000
15 0.464062 0.162778 0.013125 0.016667
15 0.450000 0.137222 0.012500 0.014444
15 0.432188 0.119444 0.010625 0.016667
15 0.412813 0.115556 0.009375 0.024444
15 0.497188 0.194444 0.014375 0.020000
15 0.503125 0.170000 0.013750 0.020000
15 0.521563 0.181111 0.010625 0.020000
15 0.539375 0.192222 0.010000 0.022222
15 0.542813 0.232778 0.011875 0.014444
15 0.557813 0.240000 0.010625 0.015556
15 0.553750 0.256111 0.010000 0.021111
15 0.563438 0.256667 0.009375 0.015556
15 0.579375 0.270556 0.010000 0.014444
15 0.587500 0.278889 0.013750 0.020000
15 0.577812 0.283333 0.011875 0.013333
15 0.584688 0.240000 0.009375 0.017778
15 0.590625 0.254444 0.010000 0.013333
15 0.602187 0.248333 0.006875 0.016667
15 0.612187 0.248333 0.006875 0.016667
15 0.621250 0.267778 0.008750 0.015556
15 0.621250 0.302222 0.008750 0.022222
15 0.636563 0.323889 0.008125 0.016667
15 0.644375 0.301667 0.010000 0.018889
15 0.669375 0.295556 0.008750 0.020000
15 0.679375 0.288333 0.012500 0.018889
15 0.566562 0.148889 0.008125 0.017778
15 0.578125 0.139444 0.010000 0.021111
15 0.571562 0.127778 0.008125 0.013333
15 0.550937 0.147222 0.011875 0.021111
15 0.537500 0.140000 0.011250 0.020000
15 0.523125 0.102778 0.013750 0.018889
15 0.510312 0.115000 0.015625 0.016667
15 0.545625 0.094444 0.010000 0.022222
15 0.531250 0.083889 0.010000 0.018889
15 0.516875 0.060556 0.013750 0.018889
15 0.495312 0.056111 0.009375 0.014444
15 0.502812 0.040556 0.014375 0.014444
15 0.478438 0.050556 0.011875 0.016667
15 0.467500 0.074444 0.012500 0.017778
15 0.447500 0.049444 0.007500 0.012222
15 0.426563 0.056667 0.019375 0.020000
15 0.435625 0.068333 0.015000 0.016667
15 0.449688 0.085000 0.010625 0.018889
15 0.527813 0.031667 0.015625 0.016667
15 0.512500 0.024444 0.011250 0.013333
15 0.505000 0.029444 0.011250 0.018889
15 0.492812 0.018889 0.010625 0.015556
15 0.482500 0.017778 0.012500 0.013333
15 0.566562 0.112778 0.011875 0.018889
15 0.582812 0.115556 0.011875 0.020000
15 0.582812 0.095000 0.013125 0.018889
15 0.589063 0.086667 0.006875 0.015556
15 0.584688 0.067222 0.009375 0.016667
15 0.605938 0.071667 0.013125 0.018889
15 0.619375 0.088889 0.006250 0.017778
15 0.626250 0.079444 0.008750 0.016667
15 0.602812 0.101111 0.008125 0.015556
15 0.599375 0.111667 0.011250 0.016667
15 0.596562 0.156111 0.009375 0.018889
15 0.624375 0.136667 0.011250 0.022222
15 0.625000 0.155556 0.013750 0.017778
15 0.642813 0.157222 0.011875 0.018889
15 0.647500 0.147222 0.008750 0.014444
15 0.664375 0.139444 0.006250 0.021111
15 0.669687 0.128333 0.008125 0.016667
15 0.685625 0.132778 0.010000 0.018889
15 0.705313 0.147778 0.010625 0.017778
15 0.720625 0.138889 0.011250 0.017778
15 0.729062 0.180000 0.010625 0.022222
15 0.717812 0.165000 0.008125 0.014444
15 0.711562 0.171111 0.006875 0.013333
15 0.699688 0.186111 0.006875 0.014444
15 0.695312 0.177778 0.008125 0.015556
15 0.678750 0.171667 0.010000 0.016667
15 0.676875 0.192222 0.011250 0.017778
15 0.660000 0.196111 0.011250 0.016667
15 0.654375 0.213333 0.011250 0.013333
15 0.640938 0.192222 0.008125 0.013333
15 0.636250 0.175556 0.010000 0.015556
15 0.555937 0.051667 0.013125 0.014444
15 0.567187 0.052778 0.011875 0.014444
15 0.568750 0.043333 0.008750 0.015556
15 0.566250 0.028889 0.013750 0.017778
15 0.584063 0.023333 0.009375 0.011111
15 0.625938 0.042222 0.005625 0.013333
15 0.592812 0.023889 0.006875 0.012222
15 0.685625 0.023889 0.012500 0.018889
15 0.680625 0.066667 0.007500 0.013333
15 0.684375 0.078333 0.007500 0.012222
15 0.685937 0.095000 0.009375 0.012222
15 0.709375 0.097778 0.007500 0.011111
15 0.702500 0.072222 0.010000 0.015556
15 0.717500 0.075556 0.006250 0.015556
15 0.725313 0.076667 0.006875 0.015556
15 0.740313 0.063889 0.008125 0.012222
15 0.735000 0.050556 0.010000 0.014444
15 0.740000 0.036667 0.007500 0.013333
15 0.744375 0.031667 0.008750 0.016667
15 0.731875 0.030000 0.008750 0.011111
15 0.730000 0.022778 0.008750 0.012222
15 0.733125 0.008333 0.010000 0.010000
15 0.740313 0.015000 0.008125 0.012222
15 0.759062 0.065000 0.008125 0.021111
15 0.761875 0.082778 0.005000 0.014444
15 0.767813 0.092778 0.006875 0.018889
15 0.748750 0.145556 0.005000 0.013333
15 0.764062 0.158333 0.011875 0.023333
15 0.709688 0.210000 0.015625 0.020000
15 0.694063 0.207778 0.006875 0.008889
15 0.706562 0.247778 0.011875 0.020000
15 0.715313 0.228333 0.006875 0.018889
15 0.763750 0.235556 0.013750 0.015556
15 0.753437 0.241667 0.014375 0.014444
15 0.761875 0.252778 0.006250 0.014444
15 0.781563 0.272778 0.010625 0.016667
15 0.810312 0.272778 0.006875 0.021111
15 0.804063 0.261111 0.011875 0.017778
15 0.804688 0.227222 0.008125 0.014444
15 0.810000 0.208889 0.011250 0.022222
15 0.821250 0.214444 0.008750 0.020000
15 0.823125 0.200000 0.011250 0.011111
15 0.826875 0.188333 0.008750 0.018889
15 0.825000 0.175556 0.010000 0.015556
15 0.810000 0.173889 0.008750 0.012222
15 0.809688 0.163333 0.010625 0.013333
15 0.820625 0.161111 0.010000 0.015556
15 0.822187 0.136667 0.006875 0.013333
15 0.841562 0.171111 0.005625 0.015556
15 0.853125 0.141111 0.006250 0.022222
15 0.801562 0.139444 0.004375 0.012222
15 0.791250 0.128333 0.007500 0.012222
15 0.800000 0.108333 0.010000 0.021111
15 0.798750 0.096667 0.007500 0.008889
15 0.811250 0.096667 0.007500 0.013333
15 0.818125 0.092222 0.008750 0.015556
15 0.786563 0.085000 0.006875 0.016667
15 0.800000 0.045556 0.008750 0.013333
15 0.805625 0.050556 0.012500 0.012222
15 0.813125 0.058889 0.007500 0.013333
15 0.823750 0.059444 0.010000 0.016667
15 0.849375 0.076667 0.012500 0.015556
15 0.877812 0.117778 0.010625 0.017778
15 0.863125 0.065000 0.012500 0.018889
15 0.924375 0.092222 0.010000 0.015556
15 0.917813 0.111667 0.006875 0.016667
15 0.900312 0.164444 0.013125 0.017778
15 0.873125 0.213889 0.012500 0.016667
15 0.859062 0.246667 0.011875 0.013333
15 0.838437 0.247778 0.013125 0.015556
15 0.825937 0.255556 0.010625 0.017778
15 0.371250 0.101667 0.010000 0.016667
15 0.376250 0.100556 0.007500 0.014444
15 0.384062 0.102222 0.008125 0.017778
15 0.387500 0.122778 0.007500 0.016667
15 0.392500 0.126111 0.007500 0.014444
15 0.399062 0.116111 0.008125 0.016667
15 0.402813 0.126111 0.006875 0.014444
15 0.346250 0.147778 0.011250 0.020000
15 0.346875 0.133889 0.010000 0.016667
15 0.347500 0.107778 0.008750 0.015556
15 0.362500 0.113333 0.007500 0.013333
15 0.372188 0.141667 0.016875 0.025556
15 0.379375 0.160000 0.007500 0.015556
15 0.407500 0.168333 0.007500 0.016667
15 0.415000 0.155000 0.007500 0.012222
15 0.428125 0.159444 0.007500 0.012222
15 0.395000 0.223889 0.011250 0.018889
15 0.398750 0.208333 0.008750 0.012222
15 0.393125 0.190556 0.010000 0.012222
15 0.386250 0.208333 0.011250 0.014444
15 0.372188 0.194444 0.014375 0.015556
15 0.360312 0.196667 0.009375 0.015556
15 0.369375 0.202778 0.010000 0.012222
15 0.369375 0.212222 0.007500 0.013333
15 0.370312 0.259444 0.009375 0.021111
15 0.402500 0.276111 0.015000 0.018889
15 0.398750 0.286111 0.012500 0.016667
15 0.401875 0.322778 0.017500 0.027778
15 0.406562 0.350556 0.009375 0.014444
15 0.342500 0.262778 0.013750 0.018889
15 0.330000 0.246111 0.008750 0.014444
15 0.325937 0.278333 0.011875 0.016667
15 0.290312 0.239444 0.009375 0.016667
15 0.296250 0.229444 0.011250 0.018889
15 0.311250 0.213333 0.010000 0.013333
15 0.296875 0.191111 0.008750 0.015556
15 0.302812 0.176111 0.010625 0.018889
15 0.314688 0.173333 0.010625 0.017778
15 0.307500 0.157222 0.011250 0.012222
15 0.300000 0.139444 0.006250 0.014444
15 0.270000 0.156667 0.013750 0.020000
15 0.278750 0.196667 0.010000 0.015556
15 0.287500 0.218889 0.010000 0.013333
15 0.280000 0.252222 0.010000 0.015556
15 0.271875 0.245000 0.006250 0.012222
15 0.262500 0.232222 0.010000 0.013333
15 0.265625 0.216667 0.011250 0.017778
15 0.251250 0.211111 0.008750 0.015556
15 0.238437 0.206667 0.009375 0.013333
15 0.244062 0.193333 0.008125 0.013333
15 0.234375 0.183333 0.010000 0.013333
15 0.224062 0.197778 0.013125 0.015556
15 0.323750 0.340000 0.010000 0.013333
15 0.332188 0.353333 0.009375 0.015556
15 0.355938 0.393333 0.011875 0.017778
15 0.370625 0.397222 0.008750 0.014444
15 0.391250 0.415556 0.008750 0.015556
15 0.378437 0.437222 0.008125 0.012222
15 0.446875 0.465556 0.015000 0.013333
15 0.435937 0.485556 0.011875 0.017778
15 0.419063 0.511667 0.016875 0.023333
15 0.368437 0.488333 0.013125 0.018889
15 0.373750 0.466667 0.006250 0.015556
15 0.331875 0.431667 0.015000 0.023333
15 0.303750 0.431667 0.020000 0.023333
15 0.271875 0.416111 0.020000 0.021111
15 0.275938 0.383333 0.009375 0.024444
15 0.292812 0.383889 0.011875 0.014444
15 0.285938 0.362778 0.011875 0.016667
15 0.308750 0.356667 0.008750 0.013333
15 0.308437 0.342778 0.009375 0.014444
15 0.303750 0.329444 0.011250 0.014444
15 0.270937 0.345000 0.011875 0.016667
15 0.251875 0.333889 0.021250 0.018889
15 0.236563 0.356667 0.008125 0.011111
15 0.243125 0.304444 0.011250 0.020000
15 0.258750 0.277222 0.012500 0.016667
15 0.223750 0.291667 0.008750 0.016667
15 0.210625 0.283333 0.011250 0.015556
15 0.215312 0.271667 0.014375 0.018889
15 0.211250 0.242222 0.011250 0.022222
15 0.213750 0.232778 0.012500 0.016667
15 0.199375 0.228889 0.013750 0.013333
15 0.204063 0.216111 0.009375 0.012222
15 0.193125 0.212778 0.011250 0.018889
15 0.177813 0.245556 0.014375 0.015556
15 0.187188 0.258333 0.014375 0.014444
15 0.197500 0.280556 0.011250 0.016667
15 0.179688 0.275000 0.009375 0.012222
15 0.157188 0.239444 0.009375 0.012222
15 0.120625 0.256667 0.011250 0.017778
15 0.128438 0.258889 0.010625 0.011111
15 0.121250 0.271667 0.010000 0.012222
15 0.116562 0.279444 0.008125 0.010000
15 0.122188 0.285556 0.011875 0.011111
15 0.126250 0.296111 0.007500 0.010000
15 0.148125 0.292222 0.010000 0.020000
15 0.165625 0.297222 0.010000 0.012222
15 0.179688 0.297778 0.009375 0.011111
15 0.176563 0.316667 0.008125 0.013333
15 0.188438 0.330000 0.011875 0.015556
15 0.204375 0.361111 0.008750 0.013333
15 0.213125 0.385000 0.008750 0.016667
15 0.227187 0.385000 0.008125 0.014444
15 0.248750 0.410556 0.010000 0.021111
15 0.127812 0.344444 0.013125 0.020000
15 0.089688 0.358889 0.010625 0.022222
15 0.107813 0.355000 0.008125 0.014444
15 0.103750 0.367222 0.008750 0.012222
15 0.117500 0.380556 0.011250 0.018889
15 0.151875 0.390000 0.012500 0.015556
15 0.172187 0.394444 0.011875 0.015556
15 0.187812 0.381111 0.008125 0.011111
15 0.165000 0.356111 0.012500 0.016667
15 0.168125 0.347222 0.006250 0.012222
15 0.150312 0.340000 0.010625 0.015556
15 0.095312 0.313333 0.009375 0.013333
15 0.090625 0.294444 0.012500 0.017778
15 0.074063 0.306111 0.011875 0.014444
15 0.067500 0.324444 0.012500 0.015556
15 0.054375 0.324444 0.008750 0.015556
15 0.032813 0.337222 0.008125 0.014444
15 0.031563 0.357222 0.015625 0.014444
15 0.060000 0.374444 0.013750 0.017778
15 0.041250 0.402222 0.017500 0.022222
15 0.075313 0.402222 0.008125 0.015556
15 0.085938 0.410556 0.008125 0.014444
15 0.063750 0.449444 0.023750 0.023333
15 0.098750 0.454444 0.011250 0.015556
15 0.128750 0.476111 0.011250 0.014444
15 0.138750 0.451667 0.008750 0.014444
15 0.135937 0.430000 0.014375 0.024444
15 0.149688 0.422778 0.011875 0.016667
15 0.158438 0.413889 0.016875 0.016667
15 0.182500 0.426111 0.013750 0.021111
15 0.168750 0.439444 0.010000 0.014444
15 0.184062 0.455556 0.013125 0.015556
15 0.162188 0.482222 0.009375 0.020000
15 0.173125 0.494444 0.008750 0.013333
15 0.144687 0.502778 0.011875 0.018889
15 0.136875 0.516111 0.012500 0.014444
15 0.115312 0.526667 0.015625 0.017778
15 0.107188 0.490000 0.014375 0.022222
15 0.100312 0.480556 0.015625 0.018889
15 0.087188 0.493333 0.015625 0.020000
15 0.065000 0.508889 0.016250 0.022222
15 0.024688 0.514444 0.014375 0.020000
15 0.004687 0.472222 0.008125 0.031111
15 0.025000 0.438889 0.010000 0.015556
15 0.011875 0.424444 0.005000 0.020000
15 0.072188 0.557778 0.015625 0.020000
15 0.085000 0.552778 0.013750 0.021111
15 0.091875 0.568889 0.010000 0.022222
15 0.105625 0.563333 0.007500 0.015556
15 0.111562 0.547222 0.011875 0.016667
15 0.141875 0.543333 0.016250 0.022222
15 0.110000 0.648889 0.022500 0.035556
15 0.155625 0.663333 0.021250 0.026667
15 0.159688 0.640000 0.015625 0.022222
15 0.173125 0.628333 0.010000 0.014444
15 0.181875 0.641667 0.016250 0.021111
15 0.193125 0.611111 0.011250 0.022222
15 0.172500 0.607222 0.013750 0.018889
15 0.157812 0.604444 0.020625 0.022222
15 0.164375 0.582222 0.017500 0.015556
15 0.199063 0.561111 0.019375 0.028889
15 0.201875 0.497222 0.011250 0.018889
15 0.212188 0.487778 0.010625 0.015556
15 0.222812 0.445000 0.010625 0.014444
15 0.230937 0.439444 0.009375 0.014444
15 0.255312 0.447778 0.013125 0.022222
15 0.272500 0.451667 0.013750 0.025556
15 0.245625 0.505556 0.020000 0.035556
15 0.261875 0.526667 0.008750 0.017778
15 0.275938 0.492778 0.015625 0.021111
15 0.297187 0.538889 0.016875 0.026667
15 0.299375 0.523333 0.010000 0.022222
15 0.325625 0.565556 0.018750 0.033333
15 0.265937 0.608889 0.013125 0.020000
15 0.280938 0.568889 0.016875 0.026667
15 0.311875 0.609444 0.017500 0.023333
15 0.342187 0.632778 0.016875 0.025556
15 0.330313 0.681667 0.011875 0.023333
15 0.355938 0.685556 0.013125 0.022222
15 0.375937 0.699444 0.013125 0.021111
15 0.351875 0.747222 0.011250 0.023333
15 0.259688 0.688333 0.009375 0.016667
15 0.240625 0.670000 0.011250 0.015556
15 0.257500 0.661111 0.012500 0.015556
15 0.220312 0.621111 0.015625 0.017778
15 0.215938 0.680556 0.019375 0.034444
15 0.306875 0.841111 0.021250 0.035556
15 0.332500 0.845556 0.013750 0.020000
15 0.329375 0.791667 0.013750 0.018889
15 0.323750 0.773333 0.020000 0.015556
15 0.365000 0.812778 0.015000 0.030000
15 0.345313 0.797222 0.008125 0.016667
15 0.404375 0.770000 0.016250 0.026667
15 0.423125 0.775556 0.008750 0.022222
15 0.391875 0.855000 0.010000 0.025556
15 0.378750 0.915556 0.011250 0.024444
15 0.401250 0.900556 0.015000 0.027778
15 0.404687 0.977222 0.006875 0.023333
15 0.409687 0.652222 0.015625 0.035556
15 0.408750 0.537778 0.016250 0.028889
15 0.327813 0.485000 0.030625 0.030000
