15 0.468647 0.495413 0.066007 0.073394
15 0.655116 0.412844 0.049505 0.055046
15 0.696370 0.530581 0.046205 0.058104
15 0.698020 0.622324 0.049505 0.039755
15 0.509901 0.649847 0.062706 0.051988
15 0.508251 0.792049 0.052805 0.042813
15 0.396040 0.935780 0.059406 0.048930
15 0.028053 0.399083 0.049505 0.058104
15 0.323432 0.464832 0.072607 0.055046
15 0.384488 0.281346 0.049505 0.055046
15 0.400990 0.209480 0.049505 0.045872
15 0.447195 0.298165 0.042904 0.051988
15 0.633663 0.183486 0.039604 0.036697
15 0.669967 0.103976 0.052805 0.036697
15 0.622112 0.067278 0.049505 0.036697
15 0.707921 0.024465 0.036304 0.018349
15 0.648515 0.012232 0.049505 0.018349
15 0.478548 0.053517 0.046205 0.033639
15 0.178218 0.073394 0.039604 0.036697
15 0.080858 0.108563 0.036304 0.033639
15 0.084158 0.169725 0.042904 0.033639
