15 0.340074 0.702797 0.077206 0.039627
15 0.441176 0.663170 0.058824 0.034965
15 0.251838 0.604895 0.113971 0.053613
15 0.308824 0.579254 0.073529 0.034965
15 0.477941 0.510490 0.066176 0.027972
15 0.380515 0.417249 0.084559 0.041958
15 0.358456 0.355478 0.084559 0.034965
15 0.411765 0.333333 0.066176 0.032634
15 0.560662 0.335664 0.069853 0.023310
15 0.650735 0.296037 0.044118 0.018648
15 0.650735 0.277389 0.066176 0.018648
15 0.613971 0.199301 0.051471 0.025641
15 0.663603 0.168998 0.055147 0.048951
15 0.312500 0.088578 0.058824 0.037296
15 0.215074 0.174825 0.055147 0.041958
15 0.238971 0.228438 0.066176 0.037296
15 0.454044 0.265734 0.062500 0.037296
15 0.194853 0.335664 0.066176 0.041958
15 0.257353 0.390443 0.044118 0.034965
15 0.101103 0.374126 0.055147 0.025641
15 0.158088 0.442890 0.022059 0.018648
15 0.229779 0.469697 0.062500 0.039627
15 0.123162 0.523310 0.062500 0.039627
15 0.077206 0.638695 0.058824 0.037296
15 0.161765 0.668998 0.058824 0.041958
15 0.086397 0.733100 0.033088 0.039627
15 0.066176 0.824009 0.051471 0.048951
15 0.196691 0.974359 0.047794 0.027972
15 0.579044 0.868298 0.040441 0.034965
15 0.126838 0.177156 0.106618 0.037296
15 0.077206 0.081585 0.080882 0.060606
