15 0.365782 0.412037 0.029499 0.033951
15 0.351032 0.376543 0.047198 0.024691
15 0.482301 0.325617 0.050147 0.033951
15 0.446903 0.216049 0.050147 0.030864
15 0.302360 0.243827 0.050147 0.043210
15 0.206490 0.236111 0.041298 0.033951
15 0.044248 0.300926 0.035398 0.046296
15 0.213864 0.498457 0.038348 0.040123
15 0.294985 0.472222 0.035398 0.037037
15 0.246313 0.504630 0.026549 0.040123
15 0.246313 0.584877 0.038348 0.046296
15 0.433628 0.649691 0.029499 0.033951
15 0.488201 0.586420 0.038348 0.043210
15 0.585546 0.581790 0.044248 0.046296
15 0.616519 0.651235 0.023599 0.030864
15 0.553097 0.677469 0.026549 0.033951
15 0.507375 0.458333 0.029499 0.033951
15 0.566372 0.433642 0.035398 0.046296
15 0.610619 0.378086 0.029499 0.040123
15 0.697640 0.373457 0.038348 0.037037
15 0.585546 0.228395 0.038348 0.037037
15 0.615044 0.212963 0.044248 0.030864
15 0.709440 0.171296 0.038348 0.046296
15 0.794985 0.217593 0.038348 0.033951
15 0.879056 0.404321 0.023599 0.043210
15 0.820059 0.469136 0.017699 0.030864
15 0.834808 0.567901 0.023599 0.049383
15 0.764012 0.587963 0.017699 0.027778
15 0.682891 0.726852 0.032448 0.040123
15 0.516224 0.748457 0.029499 0.033951
15 0.522124 0.776235 0.035398 0.033951
15 0.364307 0.956790 0.044248 0.043210
15 0.233038 0.924383 0.029499 0.027778
15 0.237463 0.966049 0.038348 0.030864
15 0.035398 0.899691 0.041298 0.058642
15 0.718289 0.921296 0.038348 0.040123
15 0.830383 0.922840 0.020649 0.037037
15 0.923304 0.810185 0.047198 0.046296
15 0.977876 0.893519 0.044248 0.040123
15 0.971976 0.936728 0.026549 0.033951
15 0.575221 0.104938 0.041298 0.037037
15 0.544248 0.063272 0.038348 0.033951
15 0.502950 0.066358 0.044248 0.033951
15 0.466077 0.043210 0.023599 0.030864
