15 0.416786 0.622642 0.058824 0.037736
15 0.427547 0.462264 0.034433 0.050314
15 0.373027 0.435535 0.037303 0.028302
15 0.281923 0.490566 0.061693 0.037736
15 0.359397 0.323899 0.032999 0.037736
15 0.190100 0.276730 0.061693 0.047170
15 0.799139 0.521226 0.034433 0.033019
15 0.624821 0.836478 0.030129 0.031447
15 0.662123 0.825472 0.021521 0.031447
15 0.524390 0.849057 0.032999 0.028302
15 0.558824 0.865566 0.024390 0.026730
15 0.586801 0.928459 0.020086 0.020440
15 0.620516 0.872642 0.038737 0.044025
15 0.918221 0.914308 0.028694 0.023585
15 0.480631 0.954403 0.037303 0.040881
15 0.380918 0.772799 0.032999 0.029874
15 0.309900 0.724057 0.040172 0.026730
15 0.332138 0.808176 0.032999 0.028302
15 0.022956 0.756289 0.043042 0.050314
15 0.074605 0.852987 0.025825 0.029874
