15 0.522284 0.369464 0.052925 0.039627
15 0.462396 0.335664 0.061281 0.041958
15 0.853760 0.346154 0.069638 0.030303
15 0.817549 0.643357 0.069638 0.060606
15 0.693593 0.700466 0.066852 0.039627
15 0.630919 0.653846 0.064067 0.034965
15 0.611421 0.609557 0.058496 0.039627
15 0.538997 0.597902 0.058496 0.034965
15 0.476323 0.613054 0.061281 0.046620
15 0.371866 0.505828 0.047354 0.027972
15 0.310585 0.481352 0.069638 0.034965
15 0.175487 0.417249 0.044568 0.027972
15 0.104457 0.333333 0.058496 0.027972
15 0.018106 0.426573 0.019499 0.027972
15 0.377437 0.734266 0.080780 0.046620
15 0.227019 0.745921 0.058496 0.037296
15 0.186630 0.628205 0.044568 0.034965
15 0.928969 0.122378 0.041783 0.044289
