15 0.509270 0.480222 0.026651 0.030063
15 0.580533 0.383703 0.032445 0.036392
15 0.567207 0.494462 0.026651 0.020570
15 0.772306 0.367089 0.026651 0.034810
15 0.805910 0.526108 0.045191 0.039557
15 0.915411 0.580696 0.027810 0.044304
15 0.973349 0.591772 0.018540 0.047468
15 0.954809 0.394778 0.027810 0.042722
15 0.950753 0.329905 0.024334 0.033228
15 0.356895 0.455696 0.030127 0.037975
15 0.365006 0.424842 0.020857 0.045886
15 0.402086 0.393196 0.018540 0.042722
15 0.411935 0.344146 0.033604 0.042722
15 0.369061 0.306171 0.033604 0.039557
15 0.395133 0.221519 0.011587 0.031646
15 0.455388 0.189082 0.034762 0.042722
15 0.492468 0.204905 0.020857 0.033228
15 0.503476 0.139241 0.035921 0.034810
15 0.552144 0.137658 0.028969 0.031646
15 0.447856 0.142405 0.024334 0.037975
15 0.426999 0.111551 0.028969 0.036392
15 0.348204 0.166930 0.022016 0.030063
15 0.301854 0.280063 0.022016 0.041139
15 0.211472 0.344146 0.033604 0.045886
15 0.123986 0.372627 0.037080 0.042722
15 0.172654 0.434335 0.037080 0.045886
15 0.123986 0.444620 0.046350 0.066456
15 0.078216 0.476266 0.035921 0.041139
15 0.052144 0.446994 0.027810 0.036392
15 0.107764 0.519778 0.027810 0.030063
15 0.112978 0.600475 0.026651 0.039557
15 0.296640 0.593354 0.025492 0.037975
15 0.207416 0.745253 0.032445 0.037975
15 0.114137 0.726266 0.068366 0.047468
15 0.043453 0.787184 0.026651 0.049051
15 0.022596 0.882120 0.035921 0.052215
15 0.585747 0.791930 0.028969 0.039557
15 0.593279 0.832278 0.041715 0.050633
15 0.829085 0.618671 0.042874 0.041139
15 0.859791 0.671677 0.039397 0.055380
