15 0.456889 0.445637 0.023111 0.030043
15 0.534222 0.464950 0.023111 0.040057
15 0.559556 0.449213 0.024000 0.037196
15 0.501333 0.334049 0.032000 0.027182
15 0.716444 0.446352 0.039111 0.060086
15 0.816889 0.372675 0.028444 0.030043
15 0.776889 0.284692 0.035556 0.042918
15 0.863556 0.192418 0.011556 0.050072
15 0.974667 0.206724 0.020444 0.050072
15 0.975556 0.610873 0.020444 0.048641
15 0.813778 0.705293 0.022222 0.054363
15 0.764000 0.701717 0.031111 0.035765
15 0.755111 0.660229 0.015111 0.035765
15 0.707111 0.721745 0.032889 0.052933
15 0.782667 0.881974 0.016889 0.038627
15 0.889778 0.952790 0.024889 0.045780
15 0.937778 0.947783 0.032000 0.058655
15 0.487111 0.834764 0.030222 0.035765
15 0.468444 0.653076 0.019556 0.035765
15 0.473778 0.604435 0.019556 0.038627
15 0.447111 0.594421 0.023111 0.050072
15 0.387556 0.515737 0.026667 0.047210
15 0.342222 0.543634 0.030222 0.042918
15 0.348000 0.644492 0.022222 0.041488
15 0.300444 0.670243 0.032000 0.041488
15 0.258222 0.724607 0.027556 0.035765
15 0.287556 0.811159 0.031111 0.062947
15 0.339111 0.841917 0.024000 0.041488
15 0.356444 0.821173 0.024889 0.051502
15 0.295556 0.896280 0.040000 0.041488
15 0.237778 0.820458 0.025778 0.035765
15 0.157333 0.771102 0.030222 0.028612
15 0.086667 0.664521 0.025778 0.055794
15 0.037778 0.720315 0.029333 0.032904
15 0.044444 0.826180 0.035556 0.050072
15 0.020444 0.625894 0.035556 0.047210
15 0.075556 0.524320 0.026667 0.038627
15 0.044444 0.410587 0.024889 0.031474
15 0.212444 0.549356 0.019556 0.045780
15 0.255556 0.500000 0.016889 0.032904
15 0.276444 0.449928 0.024889 0.032904
15 0.308000 0.449928 0.009778 0.030043
15 0.294222 0.366953 0.035556 0.052933
15 0.214222 0.364807 0.017778 0.028612
15 0.216444 0.306152 0.018667 0.037196
15 0.371111 0.282546 0.025778 0.032904
15 0.359556 0.228898 0.024000 0.031474
15 0.298222 0.149499 0.020444 0.032904
15 0.400000 0.066524 0.042667 0.041488
15 0.482667 0.051502 0.039111 0.048641
15 0.562667 0.143777 0.035556 0.050072
15 0.740000 0.063662 0.029333 0.041488
15 0.715556 0.015021 0.032000 0.021459
