15 0.009030 0.816327 0.010500 0.026742
15 0.023520 0.796622 0.007560 0.026742
15 0.030659 0.764602 0.010920 0.028853
15 0.045989 0.704785 0.015540 0.016186
15 0.035069 0.674525 0.014700 0.024631
15 0.038219 0.648839 0.010920 0.021112
15 0.080638 0.690359 0.016800 0.032372
15 0.127467 0.689303 0.012180 0.023223
15 0.096178 0.784307 0.008400 0.014778
15 0.104158 0.761436 0.010080 0.021112
15 0.079168 0.784659 0.017220 0.018297
15 0.054179 0.789585 0.008400 0.008445
15 0.064049 0.814567 0.011340 0.016186
15 0.180176 0.739268 0.010920 0.026038
15 0.178916 0.714989 0.013440 0.016890
15 0.015540 0.106967 0.013440 0.028149
15 0.043889 0.112597 0.011340 0.026742
15 0.056699 0.137931 0.008400 0.025334
15 0.073709 0.114356 0.023100 0.026038
15 0.077488 0.095355 0.015540 0.021816
15 0.068039 0.066502 0.012600 0.017593
15 0.081898 0.060873 0.005040 0.020408
15 0.087988 0.038705 0.012180 0.016890
15 0.104998 0.017241 0.015960 0.019001
15 0.143637 0.035538 0.020160 0.035890
15 0.177446 0.013723 0.023100 0.021816
15 0.198236 0.068262 0.010080 0.026742
15 0.213356 0.062632 0.018480 0.035186
15 0.228265 0.086207 0.016380 0.028853
15 0.223016 0.131597 0.015960 0.021112
15 0.136707 0.129486 0.015540 0.025334
15 0.226165 0.035186 0.014700 0.022519
15 0.262915 0.035186 0.015960 0.035186
15 0.296724 0.015482 0.019740 0.021112
15 0.321924 0.093244 0.016380 0.027445
15 0.294414 0.157284 0.027719 0.027445
15 0.264175 0.175932 0.008400 0.018297
15 0.158967 0.214286 0.015540 0.020408
15 0.068669 0.197044 0.023100 0.023927
15 0.029609 0.268121 0.019740 0.012667
15 0.071399 0.315623 0.028559 0.037298
15 0.108778 0.378607 0.010080 0.022519
15 0.156447 0.338142 0.013020 0.010556
15 0.160227 0.313512 0.011340 0.024631
15 0.169467 0.257917 0.009660 0.028853
15 0.184376 0.248768 0.010080 0.019001
15 0.228055 0.272695 0.021000 0.028853
15 0.215036 0.312808 0.017640 0.017593
15 0.228685 0.342365 0.022260 0.033075
15 0.242335 0.307530 0.016800 0.029557
15 0.281814 0.339550 0.015120 0.031668
15 0.296514 0.262139 0.012600 0.020408
15 0.359093 0.168895 0.010920 0.025334
15 0.380512 0.155524 0.012600 0.035186
15 0.405292 0.180507 0.015120 0.031668
15 0.375892 0.218508 0.016800 0.033075
15 0.391852 0.224490 0.020160 0.025334
15 0.333053 0.266010 0.015960 0.025334
15 0.389962 0.041168 0.011340 0.016186
15 0.396472 0.090429 0.013440 0.020408
15 0.363713 0.111541 0.015120 0.024631
15 0.348593 0.125616 0.016800 0.028853
15 0.452331 0.145672 0.012600 0.030964
15 0.461571 0.124208 0.013440 0.014778
15 0.458001 0.086559 0.013860 0.016890
15 0.442461 0.049965 0.013020 0.015482
15 0.439731 0.101689 0.018480 0.044335
15 0.516800 0.248417 0.017220 0.026742
15 0.539689 0.175581 0.018480 0.024631
15 0.500210 0.207248 0.010920 0.021816
15 0.469551 0.189655 0.010080 0.021816
15 0.468921 0.221675 0.013860 0.011260
15 0.473751 0.237861 0.013440 0.022519
15 0.478790 0.273399 0.010920 0.014778
15 0.476480 0.312104 0.015540 0.024631
15 0.495590 0.310697 0.010080 0.026038
15 0.298614 0.405348 0.016800 0.029557
15 0.162747 0.469388 0.013860 0.021112
15 0.156447 0.422942 0.018060 0.022519
15 0.140907 0.447572 0.012180 0.026742
15 0.122638 0.431034 0.010080 0.023223
15 0.045359 0.359254 0.014280 0.016186
15 0.032969 0.384588 0.018900 0.028853
15 0.012810 0.353272 0.017220 0.032372
15 0.009030 0.412034 0.012180 0.027445
15 0.016380 0.396552 0.011760 0.020408
15 0.016380 0.446868 0.010080 0.026742
15 0.022890 0.425405 0.013860 0.020408
15 0.023730 0.545742 0.010500 0.016186
15 0.019740 0.505278 0.007560 0.019704
15 0.120958 0.621042 0.013440 0.019001
15 0.201596 0.636875 0.015120 0.033779
15 0.166737 0.567206 0.010920 0.022519
15 0.204116 0.519704 0.010080 0.021816
15 0.129357 0.528149 0.047879 0.057002
15 0.052499 0.432090 0.010920 0.012667
15 0.070139 0.432794 0.010920 0.011260
15 0.066149 0.446165 0.011340 0.012667
15 0.067199 0.410626 0.007560 0.014778
15 0.079378 0.403941 0.007560 0.014075
15 0.093868 0.409571 0.008820 0.016890
15 0.085048 0.425405 0.011340 0.011963
15 0.083998 0.446517 0.010080 0.016186
15 0.089458 0.438424 0.007560 0.016890
15 0.099118 0.444405 0.009240 0.020408
15 0.236875 0.612597 0.016800 0.027445
15 0.256195 0.577762 0.012600 0.028149
15 0.262075 0.654117 0.016800 0.034483
15 0.244225 0.714989 0.013860 0.021112
15 0.217136 0.754398 0.011760 0.021112
15 0.225325 0.808937 0.012180 0.020408
15 0.240235 0.803308 0.010080 0.023223
15 0.294204 0.477129 0.014700 0.021112
15 0.349223 0.491907 0.016380 0.033779
15 0.554599 0.361717 0.014700 0.025334
15 0.575598 0.330049 0.008820 0.025334
15 0.575598 0.315623 0.011340 0.011963
15 0.576858 0.276566 0.014700 0.023927
15 0.570979 0.235046 0.013020 0.025334
15 0.502730 0.365588 0.015960 0.037298
15 0.619068 0.275510 0.010080 0.030260
15 0.636917 0.218860 0.023100 0.049261
15 0.716926 0.234342 0.012600 0.022519
15 0.693196 0.256158 0.014700 0.023927
15 0.727425 0.183673 0.013440 0.021112
15 0.741285 0.112949 0.019320 0.024631
15 0.749475 0.081985 0.013020 0.017593
15 0.728685 0.033427 0.018480 0.019001
15 0.719026 0.066502 0.012600 0.019001
15 0.706636 0.070725 0.012180 0.021816
15 0.708526 0.024279 0.010920 0.020408
15 0.451491 0.809641 0.026039 0.051372
15 0.489080 0.698100 0.019740 0.039409
15 0.525829 0.815271 0.011760 0.033075
15 0.496010 0.856439 0.010920 0.021112
15 0.525829 0.874736 0.013440 0.033779
15 0.497060 0.911330 0.014700 0.018297
15 0.505250 0.917312 0.018480 0.034483
15 0.506510 0.982759 0.012600 0.020408
15 0.521630 0.989444 0.011760 0.021112
15 0.523520 0.970091 0.013860 0.024631
15 0.537169 0.948628 0.013440 0.022519
15 0.559849 0.977833 0.017640 0.028853
15 0.493070 0.583744 0.024360 0.035890
15 0.639017 0.684377 0.012180 0.011963
15 0.650567 0.650246 0.006720 0.015482
15 0.599538 0.647080 0.014700 0.024631
15 0.570349 0.636875 0.011760 0.019704
15 0.575808 0.665728 0.017640 0.028149
15 0.568039 0.702674 0.020580 0.028853
15 0.617598 0.749824 0.008820 0.027445
15 0.651827 0.749120 0.011760 0.024631
15 0.661277 0.747009 0.012180 0.020408
15 0.680386 0.762139 0.008400 0.026742
15 0.688366 0.766010 0.015120 0.027445
15 0.631037 0.814919 0.015540 0.028149
15 0.331373 0.928571 0.009240 0.020408
15 0.341243 0.928220 0.012180 0.025334
15 0.351533 0.925757 0.010920 0.019001
15 0.801974 0.507037 0.010500 0.019001
15 0.865183 0.139338 0.021000 0.029557
15 0.807854 0.152357 0.015540 0.031668
15 0.810584 0.077058 0.017640 0.041520
15 0.829483 0.020056 0.013440 0.030260
15 0.845653 0.017945 0.010500 0.019001
15 0.874633 0.077762 0.018900 0.033075
15 0.929021 0.730823 0.015120 0.031668
15 0.971231 0.730471 0.017220 0.026742
15 0.966191 0.765306 0.018900 0.027445
15 0.855313 0.902182 0.017220 0.054891
15 0.679336 0.941590 0.025619 0.021112
15 0.592818 0.852217 0.017220 0.033779
15 0.759555 0.564743 0.021420 0.041520
15 0.775934 0.452850 0.023940 0.028853
15 0.806804 0.344828 0.026879 0.043631
15 0.674297 0.152357 0.018900 0.028853
