15 0.106395 0.479936 0.036047 0.044944
15 0.161628 0.463082 0.041860 0.040128
15 0.233140 0.357945 0.026744 0.054575
15 0.257558 0.303371 0.031395 0.032103
15 0.270930 0.359551 0.027907 0.057785
15 0.121512 0.253612 0.045349 0.041734
15 0.433140 0.281701 0.031395 0.046549
15 0.443605 0.160514 0.045349 0.048154
15 0.481395 0.077849 0.053488 0.065811
15 0.579651 0.111557 0.040698 0.040128
15 0.572674 0.144462 0.047674 0.044944
15 0.513372 0.189406 0.038372 0.041734
15 0.520349 0.318620 0.052326 0.052970
15 0.482558 0.522472 0.055814 0.062600
15 0.557558 0.565008 0.040698 0.060995
15 0.530233 0.651685 0.039535 0.048154
15 0.375581 0.732745 0.048837 0.036918
15 0.166279 0.813804 0.058140 0.044944
15 0.063372 0.845907 0.052326 0.077047
15 0.666279 0.592295 0.046512 0.048154
15 0.675000 0.641252 0.050000 0.081862
15 0.658140 0.747191 0.046512 0.062600
15 0.734884 0.858748 0.034884 0.060995
15 0.781977 0.906902 0.031395 0.070626
15 0.902326 0.955056 0.044186 0.057785
15 0.957558 0.865169 0.038372 0.054575
15 0.981395 0.773676 0.020930 0.054575
15 0.825000 0.683788 0.033721 0.028892
15 0.842442 0.666132 0.019767 0.032103
15 0.845930 0.596308 0.010465 0.024077
15 0.773256 0.563403 0.023256 0.032103
15 0.704070 0.526485 0.029070 0.038523
15 0.716279 0.472713 0.030233 0.036918
15 0.782558 0.468700 0.020930 0.028892
15 0.844767 0.387640 0.047674 0.104334
15 0.906977 0.336276 0.039535 0.059390
15 0.933140 0.306581 0.059302 0.064205
15 0.839535 0.290530 0.037209 0.051364
15 0.776163 0.304976 0.043023 0.054575
15 0.675000 0.248796 0.031395 0.044944
15 0.802907 0.199037 0.045349 0.048154
15 0.859302 0.117175 0.046512 0.048154
15 0.919767 0.097913 0.048837 0.038523
15 0.752907 0.023274 0.056977 0.040128
15 0.923837 0.013644 0.047674 0.024077
15 0.766860 0.394864 0.019767 0.035313
