15 0.047340 0.230410 0.029757 0.061567
15 0.153291 0.233209 0.055906 0.093284
15 0.190712 0.215485 0.013526 0.027985
15 0.179892 0.676306 0.020739 0.035448
15 0.196573 0.570896 0.052299 0.104478
15 0.282687 0.791045 0.045987 0.089552
15 0.165915 0.774254 0.019838 0.033582
15 0.395401 0.639925 0.020739 0.078358
15 0.450857 0.847015 0.030658 0.082090
15 0.596032 0.801306 0.028855 0.087687
15 0.628945 0.622201 0.031560 0.061567
15 0.939585 0.543843 0.063120 0.136194
15 0.905771 0.345149 0.038774 0.048507
15 0.853021 0.257463 0.039675 0.074627
15 0.816501 0.126866 0.029757 0.048507
15 0.346709 0.222015 0.006312 0.022388
15 0.422453 0.151119 0.018936 0.026119
15 0.586564 0.078358 0.013526 0.029851
15 0.491885 0.030784 0.042381 0.054104
15 0.619928 0.071828 0.013526 0.035448
15 0.661858 0.125000 0.016231 0.033582
15 0.754283 0.339552 0.015329 0.033582
15 0.752480 0.388993 0.017133 0.035448
15 0.701984 0.361007 0.020739 0.031716
15 0.706492 0.260261 0.015329 0.046642
15 0.650586 0.222948 0.020739 0.039179
15 0.679441 0.236940 0.017133 0.052239
15 0.734896 0.041978 0.036069 0.050373
15 0.756537 0.113806 0.018034 0.029851
15 0.869252 0.446828 0.019838 0.039179
15 0.826420 0.466418 0.015329 0.037313
15 0.835888 0.384328 0.021641 0.048507
15 0.600541 0.464552 0.027051 0.041045
15 0.423805 0.582090 0.023445 0.029851
15 0.289901 0.372201 0.024346 0.050373
15 0.339044 0.593284 0.012624 0.026119
15 0.433273 0.947761 0.020739 0.033582
15 0.105050 0.055970 0.018936 0.014925
15 0.011271 0.089552 0.020739 0.059701
