15 0.677446 0.763525 0.121061 0.102967
15 0.481758 0.906632 0.048093 0.043630
15 0.418740 0.845550 0.091211 0.109948
15 0.257048 0.890925 0.056385 0.057592
15 0.091211 0.925829 0.086235 0.071553
15 0.251244 0.623909 0.064677 0.089005
15 0.326700 0.554974 0.063018 0.062827
15 0.580431 0.542757 0.053068 0.048866
15 0.023217 0.548866 0.043118 0.068063
15 0.298507 0.401396 0.059701 0.052356
15 0.470978 0.347295 0.059701 0.055846
15 0.747098 0.307155 0.140962 0.139616
15 0.582090 0.205934 0.056385 0.048866
15 0.402156 0.170157 0.061360 0.061082
15 0.596186 0.042757 0.058043 0.033159
15 0.946103 0.122164 0.031509 0.020942
