15 0.378906 0.926614 0.057292 0.068493
15 0.421224 0.824853 0.042969 0.060665
15 0.533203 0.909980 0.053385 0.086106
15 0.068359 0.680039 0.035156 0.033268
15 0.069661 0.743640 0.037760 0.043053
15 0.125651 0.820939 0.050781 0.045010
15 0.291667 0.677104 0.041667 0.039139
15 0.413411 0.664384 0.074219 0.080235
15 0.315755 0.586106 0.050781 0.052838
15 0.203125 0.580235 0.046875 0.041096
15 0.252604 0.565558 0.033854 0.046967
15 0.261068 0.513699 0.035156 0.060665
15 0.235677 0.457926 0.041667 0.046967
15 0.104818 0.458904 0.027344 0.037182
15 0.139323 0.485323 0.031250 0.043053
15 0.178385 0.485323 0.046875 0.062622
15 0.188802 0.428571 0.044271 0.062622
15 0.212891 0.374755 0.050781 0.048924
15 0.545573 0.738748 0.049479 0.068493
15 0.616536 0.636986 0.045573 0.072407
15 0.671224 0.743640 0.037760 0.054795
15 0.708333 0.714286 0.052083 0.066536
15 0.798828 0.648728 0.035156 0.052838
15 0.702474 0.973581 0.069010 0.052838
15 0.862630 0.829746 0.128906 0.172211
15 0.893880 0.562622 0.042969 0.080235
15 0.934896 0.559687 0.044271 0.046967
15 0.842448 0.482387 0.044271 0.052838
15 0.712891 0.549902 0.050781 0.043053
15 0.541667 0.578278 0.041667 0.045010
15 0.379557 0.508806 0.076823 0.074364
15 0.481120 0.459883 0.045573 0.070450
15 0.524740 0.417808 0.044271 0.045010
15 0.555339 0.483366 0.058594 0.054795
15 0.341797 0.389432 0.045573 0.058708
15 0.414714 0.425636 0.053385 0.068493
15 0.401693 0.353229 0.045573 0.060665
15 0.481771 0.347358 0.046875 0.045010
15 0.581380 0.384540 0.035156 0.048924
15 0.705078 0.432485 0.045573 0.054795
15 0.705078 0.385519 0.045573 0.046967
15 0.735677 0.356164 0.036458 0.054795
15 0.790365 0.365949 0.052083 0.058708
15 0.830078 0.332681 0.061198 0.050881
15 0.611979 0.242661 0.049479 0.035225
15 0.626302 0.312133 0.062500 0.080235
15 0.684896 0.310176 0.046875 0.056751
15 0.696615 0.256360 0.057292 0.046967
15 0.757161 0.224070 0.048177 0.052838
15 0.844401 0.248532 0.035156 0.043053
15 0.924479 0.319961 0.023438 0.048924
15 0.901693 0.214286 0.035156 0.048924
15 0.960286 0.228963 0.048177 0.050881
15 0.838542 0.188845 0.046875 0.064579
15 0.753255 0.142857 0.055990 0.050881
15 0.677734 0.118395 0.069010 0.068493
15 0.550781 0.158513 0.059896 0.058708
15 0.473958 0.284736 0.065104 0.064579
15 0.442708 0.234834 0.041667 0.046967
15 0.461589 0.135029 0.037760 0.062622
15 0.388021 0.149706 0.046875 0.060665
15 0.317057 0.186888 0.055990 0.064579
15 0.231120 0.196673 0.055990 0.056751
15 0.178385 0.239726 0.041667 0.048924
15 0.140625 0.204501 0.046875 0.060665
15 0.086589 0.254403 0.040365 0.031311
15 0.194661 0.097847 0.045573 0.054795
15 0.027995 0.258317 0.048177 0.043053
15 0.048828 0.323875 0.053385 0.045010
15 0.058594 0.144814 0.054688 0.046967
15 0.083984 0.078278 0.053385 0.058708
15 0.027344 0.036204 0.028646 0.045010
15 0.133464 0.048924 0.027344 0.050881
15 0.184896 0.023483 0.059896 0.035225
15 0.264323 0.042074 0.039062 0.052838
15 0.328125 0.020548 0.026042 0.033268
15 0.360677 0.019569 0.023438 0.023483
15 0.328125 0.100783 0.049479 0.056751
15 0.378255 0.066536 0.032552 0.039139
15 0.421224 0.022505 0.027344 0.029354
15 0.574870 0.047945 0.048177 0.041096
15 0.501953 0.089041 0.040365 0.041096
15 0.712891 0.024462 0.069010 0.037182
15 0.845052 0.103718 0.028646 0.054795
15 0.902344 0.121331 0.044271 0.058708
15 0.891276 0.035225 0.035156 0.043053
15 0.934896 0.059687 0.033854 0.060665
15 0.972656 0.082192 0.028646 0.046967
15 0.992839 0.163405 0.014323 0.052838
15 0.019531 0.416830 0.033854 0.031311
