15 0.351562 0.739938 0.034375 0.049536
15 0.467187 0.716718 0.046875 0.058824
15 0.290625 0.566563 0.062500 0.055728
15 0.323437 0.363777 0.028125 0.052632
15 0.057813 0.339009 0.090625 0.065015
15 0.732812 0.291022 0.053125 0.055728
15 0.876563 0.332817 0.053125 0.046440
15 0.875000 0.453560 0.050000 0.040248
15 0.904687 0.507740 0.059375 0.049536
15 0.867188 0.631579 0.053125 0.043344
15 0.857812 0.674923 0.065625 0.049536
15 0.668750 0.758514 0.056250 0.043344
15 0.671875 0.812693 0.050000 0.052632
15 0.820312 0.856037 0.053125 0.058824
15 0.896875 0.831269 0.056250 0.071207
15 0.806250 0.961300 0.062500 0.046440
15 0.985938 0.809598 0.028125 0.108359
15 0.984375 0.693498 0.031250 0.061920
