15 0.417489 0.899485 0.036671 0.053265
15 0.306065 0.703608 0.025388 0.032646
15 0.361072 0.711340 0.033850 0.044674
15 0.497884 0.743127 0.028209 0.039519
15 0.523977 0.641753 0.040903 0.049828
15 0.686883 0.615979 0.025388 0.039519
15 0.735543 0.494845 0.038082 0.048110
15 0.951340 0.971649 0.049365 0.056701
15 0.588858 0.470790 0.023977 0.030928
15 0.657264 0.457904 0.033850 0.036082
15 0.518336 0.427835 0.021157 0.030928
15 0.578279 0.378866 0.016925 0.018900
15 0.602962 0.419244 0.021157 0.024055
15 0.628350 0.416667 0.026798 0.029210
15 0.618477 0.399485 0.023977 0.022337
15 0.606488 0.366838 0.016925 0.029210
15 0.630465 0.372852 0.022567 0.024055
15 0.653032 0.335052 0.025388 0.027491
15 0.631876 0.275773 0.016925 0.032646
15 0.662906 0.270619 0.042313 0.056701
15 0.495769 0.274914 0.018336 0.030928
15 0.538787 0.200172 0.036671 0.039519
15 0.578984 0.189863 0.023977 0.025773
15 0.614951 0.203608 0.022567 0.032646
15 0.626234 0.175258 0.022567 0.020619
15 0.589563 0.100515 0.019746 0.018900
15 0.517630 0.110825 0.025388 0.018900
15 0.511989 0.070447 0.019746 0.030928
15 0.535966 0.057560 0.033850 0.032646
15 0.516220 0.015464 0.047955 0.027491
15 0.590268 0.018041 0.060649 0.025773
15 0.947109 0.271478 0.015515 0.030928
15 0.866008 0.065292 0.025388 0.048110
15 0.928068 0.080756 0.019746 0.041237
15 0.988717 0.074742 0.022567 0.042955
15 0.977433 0.019759 0.022567 0.036082
