15 0.681319 0.967305 0.065934 0.049442
15 0.694368 0.837321 0.042582 0.038278
15 0.713599 0.787879 0.059066 0.047847
15 0.501374 0.698565 0.032967 0.031898
15 0.393544 0.662679 0.045330 0.033493
15 0.328297 0.649920 0.038462 0.036683
15 0.292582 0.598884 0.027473 0.030303
15 0.314560 0.571770 0.038462 0.039872
15 0.279533 0.552632 0.026099 0.020734
15 0.229396 0.610845 0.021978 0.041467
15 0.315934 0.913078 0.035714 0.055821
15 0.335852 0.885965 0.020604 0.043062
15 0.247253 0.787879 0.030220 0.044657
15 0.172390 0.605263 0.048077 0.036683
15 0.146978 0.570973 0.030220 0.035088
15 0.193681 0.530303 0.027473 0.049442
15 0.230769 0.536683 0.027473 0.033493
15 0.228709 0.455343 0.037088 0.043062
15 0.171016 0.425040 0.042582 0.046252
15 0.199176 0.366029 0.027473 0.033493
15 0.274038 0.359649 0.026099 0.033493
15 0.317308 0.410686 0.032967 0.039872
15 0.344093 0.487241 0.026099 0.033493
15 0.388049 0.436204 0.034341 0.036683
15 0.505495 0.393939 0.021978 0.028708
15 0.608516 0.417863 0.043956 0.054226
15 0.696429 0.365231 0.030220 0.038278
15 0.739011 0.376396 0.021978 0.035088
15 0.759615 0.350080 0.024725 0.027113
15 0.791209 0.339713 0.024725 0.025518
15 0.816621 0.316587 0.034341 0.027113
15 0.798077 0.269537 0.030220 0.035088
15 0.782280 0.232855 0.020604 0.019139
15 0.778159 0.212121 0.034341 0.022329
15 0.799451 0.185805 0.041209 0.023923
15 0.730082 0.263955 0.053571 0.049442
15 0.678571 0.314992 0.027473 0.027113
15 0.497253 0.233652 0.030220 0.043062
15 0.551511 0.252791 0.017857 0.030303
15 0.795330 0.123604 0.024725 0.030303
15 0.714286 0.027911 0.035714 0.033493
15 0.617445 0.053429 0.023352 0.033493
15 0.435440 0.059011 0.035714 0.022329
15 0.396978 0.291866 0.024725 0.025518
15 0.226648 0.205742 0.019231 0.022329
15 0.144918 0.327751 0.026099 0.023923
15 0.225275 0.307815 0.027473 0.022329
15 0.054258 0.218501 0.034341 0.028708
