15 0.076336 0.231688 0.041985 0.042994
15 0.288168 0.167197 0.053435 0.028662
15 0.683206 0.160032 0.049618 0.033439
15 0.160305 0.358280 0.045802 0.050955
15 0.452290 0.426752 0.038168 0.041401
15 0.629771 0.469745 0.049618 0.028662
15 0.645038 0.507166 0.041985 0.030255
15 0.642176 0.613057 0.040076 0.041401
15 0.809160 0.632962 0.041985 0.039809
15 0.745229 0.661624 0.028626 0.033439
15 0.880725 0.712580 0.040076 0.042994
15 0.680344 0.717357 0.055344 0.042994
15 0.604962 0.744427 0.045802 0.027070
15 0.916031 0.812102 0.045802 0.038217
15 0.941794 0.960191 0.032443 0.035032
15 0.610687 0.891720 0.041985 0.035032
15 0.650763 0.936306 0.057252 0.031847
15 0.410305 0.899682 0.061069 0.025478
15 0.365458 0.863854 0.059160 0.046178
15 0.249046 0.835987 0.047710 0.038217
