15 0.165234 0.945139 0.038281 0.068056
15 0.091406 0.903472 0.031250 0.048611
15 0.039844 0.885417 0.031250 0.051389
15 0.028906 0.778472 0.037500 0.048611
15 0.111328 0.768056 0.017969 0.050000
15 0.091797 0.629167 0.025781 0.041667
15 0.226562 0.375694 0.040625 0.045833
15 0.222656 0.277778 0.035937 0.058333
15 0.287500 0.211111 0.026562 0.041667
15 0.199219 0.200694 0.042188 0.043056
15 0.180078 0.156250 0.028906 0.029167
15 0.184375 0.108333 0.025000 0.033333
15 0.096484 0.100694 0.024219 0.031944
15 0.040625 0.133333 0.031250 0.047222
15 0.026562 0.197222 0.051562 0.058333
15 0.011719 0.283333 0.021875 0.027778
15 0.014844 0.564583 0.026562 0.037500
15 0.194141 0.671528 0.028906 0.056944
15 0.228906 0.765278 0.045312 0.050000
15 0.651563 0.755556 0.053125 0.061111
15 0.837500 0.953472 0.056250 0.073611
15 0.892578 0.654861 0.019531 0.037500
15 0.920312 0.636111 0.026562 0.052778
15 0.979688 0.613194 0.020313 0.040278
15 0.851172 0.453472 0.025781 0.043056
15 0.918359 0.470833 0.033594 0.038889
15 0.858984 0.376389 0.032031 0.038889
15 0.743359 0.413889 0.022656 0.038889
15 0.752734 0.460417 0.028906 0.040278
15 0.719141 0.530556 0.028906 0.038889
15 0.660156 0.507639 0.017188 0.031944
15 0.653516 0.612500 0.014844 0.047222
15 0.602734 0.497222 0.032031 0.058333
15 0.571875 0.485417 0.021875 0.023611
15 0.549219 0.535417 0.023438 0.040278
15 0.509766 0.525000 0.014844 0.025000
15 0.493359 0.281944 0.060156 0.077778
15 0.688672 0.321528 0.024219 0.031944
15 0.644141 0.375000 0.030469 0.041667
15 0.588281 0.386806 0.028125 0.029167
15 0.673828 0.429861 0.027344 0.037500
15 0.946094 0.299306 0.031250 0.040278
15 0.982812 0.150000 0.034375 0.052778
15 0.955469 0.070833 0.021875 0.038889
15 0.856641 0.084722 0.028906 0.050000
15 0.820312 0.035417 0.037500 0.056944
15 0.643750 0.019444 0.023438 0.027778
15 0.487109 0.066667 0.028906 0.022222
15 0.271094 0.041667 0.018750 0.030556
15 0.464453 0.154861 0.014844 0.020833
15 0.528906 0.168056 0.023438 0.027778
15 0.627344 0.190972 0.010937 0.031944
15 0.751172 0.188889 0.021094 0.030556
15 0.780469 0.213194 0.014063 0.029167
15 0.801172 0.286111 0.024219 0.027778
15 0.766406 0.312500 0.021875 0.033333
15 0.749219 0.060417 0.015625 0.023611
15 0.729297 0.024306 0.021094 0.031944
15 0.376953 0.406944 0.022656 0.022222
