15 0.360908 0.522496 0.062958 0.052250
15 0.584919 0.562409 0.042460 0.044993
15 0.592240 0.466618 0.062958 0.047896
15 0.553441 0.439042 0.049780 0.042090
15 0.726208 0.450653 0.058565 0.076923
15 0.858712 0.597968 0.060029 0.066763
15 0.661054 0.664731 0.060029 0.055152
15 0.804539 0.920900 0.039531 0.039187
15 0.567350 0.908563 0.133236 0.110305
15 0.151537 0.394049 0.060029 0.062409
15 0.379209 0.389695 0.038067 0.056604
15 0.472914 0.591437 0.035139 0.050798
15 0.158858 0.608853 0.051245 0.027576
15 0.030747 0.764151 0.038067 0.036284
15 0.396047 0.963716 0.036603 0.043541
15 0.076135 0.142235 0.052709 0.055152
15 0.308931 0.067489 0.081991 0.059507
