15 0.169069 0.119505 0.047182 0.090659
15 0.089122 0.276099 0.052425 0.079670
15 0.117300 0.521978 0.043250 0.065934
15 0.232634 0.351648 0.048493 0.131868
15 0.282438 0.736264 0.043250 0.076923
15 0.456750 0.486264 0.061599 0.153846
15 0.557012 0.413462 0.057667 0.129121
15 0.470511 0.277473 0.060288 0.126374
15 0.692661 0.240385 0.035387 0.090659
15 0.842726 0.495879 0.039318 0.085165
15 0.808650 0.523352 0.047182 0.074176
15 0.784404 0.655220 0.032765 0.068681
15 0.668414 0.651099 0.044561 0.065934
15 0.690039 0.607143 0.051114 0.082418
15 0.623853 0.762363 0.055046 0.101648
15 0.915465 0.674451 0.038008 0.074176
15 0.914810 0.032967 0.057667 0.054945
15 0.783093 0.181319 0.035387 0.065934
