15 0.304911 0.370637 0.055935 0.055441
15 0.356753 0.267967 0.036835 0.043121
15 0.248977 0.447639 0.031378 0.061602
15 0.112551 0.469199 0.034106 0.047228
15 0.067531 0.494867 0.039563 0.053388
15 0.023874 0.447639 0.036835 0.061602
15 0.077763 0.424025 0.019100 0.051335
15 0.141883 0.324435 0.027285 0.041068
15 0.105730 0.266940 0.042292 0.057495
15 0.140518 0.162218 0.035471 0.049281
15 0.067531 0.119097 0.058663 0.049281
15 0.017735 0.233060 0.024557 0.051335
15 0.164393 0.019507 0.053206 0.034908
15 0.265348 0.044148 0.047749 0.047228
15 0.384038 0.014374 0.058663 0.024641
15 0.725784 0.070842 0.024557 0.030801
15 0.865621 0.047228 0.036835 0.041068
15 0.920191 0.018480 0.025921 0.032854
15 0.952251 0.083162 0.060027 0.055441
15 0.933151 0.218686 0.054570 0.059548
15 0.895634 0.247433 0.050477 0.059548
15 0.869714 0.380903 0.047749 0.092402
15 0.670532 0.332649 0.047749 0.073922
15 0.607776 0.349076 0.053206 0.090349
15 0.703956 0.489733 0.035471 0.063655
15 0.763984 0.580082 0.040928 0.047228
15 0.690996 0.618070 0.061392 0.073922
15 0.549113 0.627310 0.047749 0.071869
15 0.557299 0.524641 0.039563 0.059548
15 0.325375 0.704312 0.045020 0.049281
15 0.175307 0.969199 0.053206 0.045175
15 0.342428 0.983573 0.027285 0.032854
15 0.447476 0.951745 0.049113 0.055441
15 0.715553 0.888090 0.039563 0.063655
15 0.822647 0.694045 0.043656 0.065708
15 0.888813 0.711499 0.042292 0.075975
15 0.705321 0.216632 0.021828 0.030801
