15 0.383855 0.077839 0.039539 0.034799
15 0.457166 0.088828 0.037891 0.034799
15 0.486820 0.015568 0.051071 0.027473
15 0.607084 0.043956 0.041186 0.036630
15 0.677100 0.045788 0.036244 0.058608
15 0.753707 0.061355 0.041186 0.038462
15 0.775124 0.031136 0.034596 0.040293
15 0.869852 0.074176 0.042834 0.034799
15 0.841845 0.108059 0.052718 0.065934
15 0.869852 0.191392 0.039539 0.031136
15 0.949753 0.192308 0.037891 0.054945
15 0.914333 0.162088 0.036244 0.056777
15 0.778418 0.215201 0.051071 0.064103
15 0.781713 0.307692 0.054366 0.069597
15 0.862438 0.298535 0.041186 0.032967
15 0.858320 0.353480 0.049423 0.047619
15 0.873970 0.523810 0.041186 0.040293
15 0.964580 0.653846 0.047776 0.065934
15 0.799012 0.586996 0.056013 0.042125
15 0.781713 0.635531 0.034596 0.029304
15 0.836079 0.732601 0.041186 0.032967
15 0.878089 0.802198 0.049423 0.051282
15 0.883031 0.899267 0.032949 0.043956
15 0.927512 0.918498 0.032949 0.034799
15 0.640033 0.975275 0.067545 0.042125
15 0.558484 0.900183 0.088962 0.075092
15 0.658979 0.656593 0.049423 0.060440
15 0.439044 0.555861 0.057661 0.064103
15 0.355848 0.451465 0.088962 0.075092
15 0.325371 0.357143 0.074135 0.080586
15 0.224053 0.177656 0.065898 0.076923
15 0.020593 0.223443 0.031301 0.073260
15 0.060956 0.297619 0.042834 0.045788
15 0.051071 0.514652 0.042834 0.065934
15 0.140857 0.514652 0.064250 0.058608
15 0.070840 0.682234 0.046129 0.060440
15 0.075783 0.611722 0.039539 0.036630
15 0.129325 0.891026 0.057661 0.031136
15 0.071664 0.932234 0.057661 0.036630
15 0.530478 0.455128 0.056013 0.053114
15 0.635914 0.432234 0.052718 0.047619
15 0.582372 0.358059 0.044481 0.049451
15 0.483526 0.368132 0.037891 0.043956
15 0.512356 0.310440 0.046129 0.038462
15 0.519769 0.210623 0.041186 0.054945
15 0.603789 0.137363 0.057661 0.076923
15 0.628501 0.250000 0.047776 0.045788
15 0.976112 0.952381 0.044481 0.047619
