15 0.801158 0.597938 0.081081 0.092784
15 0.928571 0.371134 0.081081 0.072165
15 0.588803 0.381443 0.042471 0.051546
15 0.635135 0.358247 0.042471 0.046392
15 0.488417 0.417526 0.050193 0.051546
15 0.378378 0.487113 0.046332 0.046392
15 0.332046 0.469072 0.069498 0.072165
15 0.250965 0.512887 0.046332 0.056701
15 0.247104 0.572165 0.115830 0.082474
15 0.245174 0.688144 0.057915 0.067010
15 0.426641 0.961340 0.111969 0.077320
15 0.050193 0.590206 0.084942 0.097938
15 0.088803 0.438144 0.061776 0.082474
15 0.256757 0.342784 0.065637 0.077320
15 0.461390 0.157216 0.088803 0.077320
15 0.542471 0.033505 0.096525 0.056701
15 0.646718 0.043814 0.081081 0.077320
15 0.936293 0.043814 0.127413 0.077320
15 0.961390 0.247423 0.077220 0.134021
15 0.449807 0.657216 0.274131 0.211340
