15 0.059163 0.130199 0.051948 0.065099
15 0.154401 0.198011 0.049062 0.066908
15 0.349928 0.225136 0.036075 0.048825
15 0.356421 0.301989 0.072150 0.054250
15 0.266234 0.341772 0.038961 0.047016
15 0.323232 0.399638 0.043290 0.057866
15 0.222944 0.605787 0.050505 0.036166
15 0.246753 0.666365 0.054834 0.041591
15 0.226551 0.743219 0.049062 0.050633
15 0.124098 0.721519 0.046176 0.057866
15 0.059885 0.405967 0.027417 0.059675
15 0.020202 0.371609 0.031746 0.070524
15 0.466089 0.494575 0.043290 0.037975
15 0.489177 0.581374 0.092352 0.121157
15 0.536797 0.732369 0.040404 0.065099
15 0.450938 0.827306 0.041847 0.034358
15 0.675325 0.777577 0.109668 0.159132
15 0.643579 0.628391 0.054834 0.048825
15 0.766234 0.589512 0.051948 0.079566
15 0.545455 0.366184 0.028860 0.052441
15 0.606782 0.375226 0.067821 0.063291
15 0.530303 0.256781 0.044733 0.083183
15 0.823954 0.382459 0.034632 0.052441
15 0.898268 0.486438 0.030303 0.061483
15 0.968975 0.386980 0.050505 0.043400
15 0.908369 0.594033 0.038961 0.034358
15 0.804473 0.673599 0.050505 0.056058
15 0.898990 0.801085 0.049062 0.054250
15 0.867244 0.903255 0.051948 0.066908
15 0.305195 0.779385 0.033189 0.032550
