15 0.318922 0.843978 0.061404 0.089416
15 0.094612 0.890511 0.073935 0.076642
15 0.193609 0.675182 0.046366 0.062044
15 0.253133 0.564781 0.057644 0.078467
15 0.320802 0.517336 0.052632 0.063869
15 0.135965 0.501825 0.041353 0.065693
15 0.063910 0.259124 0.040100 0.087591
15 0.370301 0.324818 0.056391 0.069343
15 0.498120 0.452555 0.046366 0.051095
15 0.618421 0.528285 0.046366 0.063869
15 0.656015 0.626825 0.053885 0.071168
15 0.716792 0.539234 0.062657 0.071168
15 0.852130 0.708942 0.047619 0.060219
15 0.963033 0.739051 0.056391 0.069343
15 0.894737 0.971715 0.040100 0.056569
15 0.862155 0.382299 0.045113 0.056569
15 0.917293 0.308394 0.050125 0.062044
15 0.901003 0.215328 0.047619 0.113139
15 0.834586 0.264599 0.040100 0.076642
15 0.790727 0.174270 0.030075 0.052920
15 0.679198 0.306569 0.075188 0.098540
15 0.557018 0.142336 0.058897 0.069343
15 0.246241 0.130474 0.063910 0.056569
15 0.950501 0.100365 0.046366 0.051095
15 0.914160 0.027372 0.071429 0.051095
15 0.670426 0.013686 0.042607 0.023723
