15 0.528600 0.931851 0.106509 0.055954
15 0.116371 0.845050 0.114398 0.028694
15 0.236686 0.662841 0.082840 0.074605
15 0.046351 0.637733 0.057199 0.050215
15 0.318540 0.553802 0.069034 0.065997
15 0.378698 0.507174 0.086785 0.053085
15 0.493097 0.565997 0.082840 0.053085
15 0.655819 0.734577 0.092702 0.051650
15 0.863905 0.708034 0.071006 0.058824
15 0.735700 0.490674 0.098619 0.063128
15 0.843195 0.472023 0.072978 0.065997
15 0.948718 0.461980 0.067061 0.043042
15 0.933925 0.535151 0.080868 0.060258
15 0.928994 0.351506 0.055227 0.031564
15 0.700197 0.338594 0.043393 0.037303
15 0.646943 0.348637 0.086785 0.048780
15 0.481262 0.408895 0.071006 0.051650
15 0.388560 0.360832 0.047337 0.030129
15 0.377712 0.408178 0.057199 0.027260
15 0.285010 0.393831 0.049310 0.030129
15 0.325444 0.317073 0.059172 0.040172
15 0.158777 0.324964 0.041420 0.041607
15 0.061144 0.390244 0.035503 0.051650
15 0.020710 0.286227 0.037475 0.047346
15 0.125247 0.266141 0.072978 0.044476
15 0.264300 0.215208 0.074951 0.043042
15 0.195266 0.156385 0.094675 0.045911
15 0.142012 0.089670 0.090730 0.050215
15 0.417160 0.174319 0.065089 0.035868
15 0.449704 0.152798 0.063116 0.044476
15 0.550296 0.185079 0.059172 0.051650
15 0.606509 0.192970 0.092702 0.041607
15 0.705128 0.265423 0.076923 0.034433
15 0.700197 0.131277 0.067061 0.035868
15 0.857002 0.103300 0.092702 0.071736
15 0.876726 0.062410 0.120316 0.061693
15 0.749507 0.010760 0.063116 0.018651
