15 0.308219 0.857623 0.041096 0.051570
15 0.267884 0.742152 0.042618 0.062780
15 0.482496 0.874439 0.024353 0.053812
15 0.506088 0.836323 0.022831 0.053812
15 0.371385 0.933857 0.042618 0.060538
15 0.117199 0.943946 0.048706 0.040359
15 0.026636 0.619955 0.050228 0.047085
15 0.272451 0.598655 0.063927 0.058296
15 0.253425 0.528027 0.065449 0.051570
15 0.280822 0.424888 0.080670 0.105381
15 0.448250 0.428251 0.044140 0.058296
15 0.482496 0.374439 0.057839 0.062780
15 0.563927 0.505605 0.059361 0.087444
15 0.647641 0.508969 0.041096 0.062780
15 0.746575 0.559417 0.044140 0.047085
15 0.738965 0.616592 0.041096 0.058296
15 0.814307 0.758969 0.039574 0.065022
15 0.706240 0.812780 0.042618 0.038117
15 0.639269 0.926009 0.048706 0.071749
15 0.587519 0.904709 0.036530 0.042601
15 0.845510 0.723094 0.050228 0.073991
15 0.959665 0.781390 0.038052 0.091928
15 0.939878 0.554933 0.047184 0.069507
15 0.867580 0.513453 0.033486 0.044843
15 0.982496 0.498879 0.022831 0.042601
15 0.216895 0.238789 0.041096 0.047085
15 0.150685 0.141256 0.048706 0.062780
15 0.095890 0.096413 0.048706 0.044843
15 0.035008 0.219731 0.060883 0.076233
15 0.022831 0.353139 0.042618 0.038117
15 0.287671 0.086323 0.048706 0.082960
