15 0.077930 0.915011 0.058603 0.046358
15 0.157107 0.863135 0.037406 0.066225
15 0.174564 0.741722 0.037406 0.061810
15 0.324190 0.641280 0.037406 0.064018
15 0.499377 0.784768 0.028678 0.050773
15 0.371571 0.963576 0.052369 0.068433
15 0.066085 0.481236 0.042394 0.057395
15 0.108479 0.407285 0.017456 0.037528
15 0.147132 0.415011 0.029925 0.039735
15 0.052993 0.285872 0.053616 0.086093
15 0.082294 0.205298 0.024938 0.039735
15 0.192643 0.289183 0.041147 0.088300
15 0.256234 0.248344 0.028678 0.072848
15 0.309227 0.263797 0.022444 0.055188
15 0.341646 0.274834 0.017456 0.037528
15 0.380923 0.469095 0.058603 0.086093
15 0.411471 0.396247 0.022444 0.055188
15 0.427681 0.373068 0.019950 0.048565
15 0.450748 0.418322 0.023691 0.046358
15 0.493766 0.362031 0.034913 0.057395
15 0.529925 0.601545 0.027431 0.037528
15 0.517456 0.642384 0.024938 0.048565
15 0.575436 0.677704 0.028678 0.048565
15 0.570449 0.607064 0.023691 0.052980
15 0.650873 0.592715 0.019950 0.046358
15 0.699501 0.507726 0.029925 0.057395
15 0.743142 0.459161 0.022444 0.030905
15 0.798005 0.431567 0.022444 0.041943
15 0.880299 0.492274 0.039900 0.061810
15 0.930175 0.505519 0.027431 0.035320
15 0.952618 0.557395 0.027431 0.033113
15 0.915835 0.576159 0.031172 0.030905
15 0.936409 0.613687 0.022444 0.030905
15 0.933292 0.653422 0.026185 0.044150
15 0.889651 0.618102 0.048628 0.079470
15 0.787406 0.683223 0.028678 0.028698
15 0.772444 0.725166 0.036160 0.041943
15 0.756858 0.781457 0.027431 0.039735
15 0.786160 0.805740 0.016209 0.048565
15 0.819202 0.799117 0.029925 0.039735
15 0.812968 0.867550 0.022444 0.039735
15 0.849751 0.864238 0.023691 0.046358
15 0.698254 0.891832 0.034913 0.044150
15 0.634040 0.938190 0.033666 0.048565
15 0.928304 0.828918 0.043641 0.041943
15 0.930175 0.929360 0.032419 0.039735
15 0.935786 0.876380 0.036160 0.052980
15 0.807357 0.536424 0.021197 0.026490
15 0.788030 0.517660 0.017456 0.028698
15 0.976309 0.474614 0.037406 0.066225
15 0.911471 0.380795 0.037406 0.064018
15 0.647756 0.204194 0.041147 0.077263
