15 0.709208 0.921536 0.077544 0.070117
15 0.464459 0.857262 0.053312 0.051753
15 0.546850 0.761269 0.059774 0.070117
15 0.654281 0.763773 0.038772 0.041736
15 0.708401 0.747913 0.040388 0.033389
15 0.478191 0.726210 0.045234 0.040067
15 0.438611 0.648581 0.046850 0.035058
15 0.737480 0.607679 0.059774 0.036728
15 0.822294 0.522538 0.048465 0.066778
15 0.489499 0.499165 0.077544 0.060100
15 0.576737 0.518364 0.048465 0.051753
15 0.628433 0.515860 0.042003 0.033389
15 0.475767 0.363940 0.072698 0.053422
15 0.647011 0.361436 0.043619 0.048414
15 0.584814 0.275459 0.035541 0.043406
15 0.508885 0.242070 0.058158 0.060100
15 0.420032 0.189482 0.045234 0.025042
15 0.348950 0.219533 0.038772 0.035058
15 0.249596 0.080968 0.040388 0.035058
15 0.239903 0.121870 0.066236 0.070117
15 0.024233 0.187813 0.045234 0.045075
15 0.029887 0.114357 0.056543 0.055092
15 0.115509 0.030885 0.072698 0.058431
15 0.490307 0.066778 0.079160 0.070117
15 0.662359 0.130217 0.051696 0.076795
15 0.833603 0.039232 0.045234 0.041736
15 0.918417 0.025042 0.043619 0.046745
15 0.864297 0.168614 0.045234 0.050083
15 0.929725 0.178631 0.037157 0.063439
15 0.862682 0.306344 0.038772 0.038397
15 0.929725 0.300501 0.037157 0.056761
15 0.813409 0.343907 0.030695 0.036728
15 0.184976 0.340568 0.043619 0.040067
15 0.117932 0.257095 0.038772 0.036728
15 0.092892 0.451586 0.098546 0.078464
15 0.155089 0.448247 0.042003 0.041736
15 0.199515 0.455760 0.024233 0.026711
15 0.045234 0.561770 0.042003 0.035058
15 0.958805 0.759599 0.066236 0.036728
