15 0.732196 0.971182 0.045994 0.037464
15 0.664688 0.952450 0.056380 0.043228
15 0.916172 0.957493 0.048961 0.038905
15 0.870920 0.907781 0.068249 0.054755
15 0.910237 0.809798 0.045994 0.051873
15 0.845697 0.800432 0.041543 0.036023
15 0.750000 0.726225 0.048961 0.048991
15 0.365727 0.888329 0.057864 0.030259
15 0.395401 0.865274 0.072700 0.033141
15 0.396142 0.817723 0.053412 0.033141
15 0.325668 0.823487 0.066766 0.030259
15 0.251484 0.929395 0.051929 0.040346
15 0.097181 0.896974 0.043027 0.018732
15 0.374629 0.696686 0.081602 0.059078
15 0.275964 0.611671 0.071217 0.059078
15 0.173591 0.575648 0.026706 0.038905
15 0.258160 0.540346 0.062315 0.048991
15 0.198071 0.474063 0.063798 0.025937
15 0.313056 0.433718 0.038576 0.040346
15 0.444362 0.430115 0.028190 0.030259
15 0.537834 0.579971 0.043027 0.050432
15 0.828635 0.526657 0.048961 0.041787
15 0.853858 0.453170 0.057864 0.047550
15 0.865727 0.373919 0.051929 0.038905
15 0.825668 0.300432 0.037092 0.038905
15 0.936944 0.286744 0.045994 0.043228
15 0.816766 0.195965 0.037092 0.025937
15 0.921365 0.121037 0.041543 0.051873
15 0.919881 0.039625 0.050445 0.061960
15 0.834570 0.020173 0.028190 0.031700
15 0.798220 0.043228 0.032641 0.034582
15 0.767062 0.058357 0.029674 0.033141
15 0.660979 0.023055 0.034125 0.028818
15 0.715875 0.163545 0.045994 0.036023
15 0.646884 0.192363 0.047478 0.033141
15 0.609050 0.213977 0.037092 0.033141
15 0.485905 0.277378 0.031157 0.041787
15 0.461424 0.313401 0.056380 0.033141
15 0.419881 0.291787 0.038576 0.038905
15 0.014095 0.444524 0.025223 0.041787
15 0.218843 0.264409 0.051929 0.033141
15 0.111276 0.256484 0.041543 0.040346
15 0.045252 0.258646 0.040059 0.027378
15 0.107567 0.158501 0.043027 0.034582
15 0.047478 0.150576 0.026706 0.038905
15 0.014837 0.038905 0.026706 0.031700
15 0.098665 0.017291 0.060831 0.031700
15 0.355341 0.116715 0.060831 0.043228
15 0.366469 0.025937 0.035608 0.048991
15 0.497033 0.126081 0.050445 0.044669
15 0.589021 0.114553 0.041543 0.036023
15 0.574926 0.065562 0.063798 0.041787
15 0.183234 0.657781 0.084570 0.064841
15 0.609050 0.013689 0.048961 0.024496
