15 0.682875 0.864734 0.059197 0.048309
15 0.677590 0.800322 0.052854 0.054750
15 0.910148 0.786634 0.044397 0.037037
15 0.832981 0.722222 0.071882 0.053140
15 0.928118 0.727053 0.063425 0.053140
15 0.494715 0.664251 0.084567 0.027375
15 0.398520 0.628019 0.086681 0.045089
15 0.243129 0.644122 0.067653 0.032206
15 0.300211 0.725443 0.076110 0.040258
15 0.299154 0.819646 0.082452 0.048309
15 0.246300 0.892110 0.090909 0.035427
15 0.221987 0.528180 0.059197 0.038647
15 0.089852 0.497585 0.073996 0.035427
15 0.143763 0.367955 0.059197 0.053140
15 0.192389 0.354267 0.046512 0.041868
15 0.243129 0.331723 0.046512 0.035427
15 0.317125 0.311594 0.038055 0.024155
15 0.379493 0.347826 0.082452 0.045089
15 0.368922 0.449275 0.061311 0.038647
15 0.020085 0.335749 0.035941 0.043478
15 0.124736 0.269726 0.071882 0.027375
15 0.068710 0.242351 0.048626 0.030596
15 0.224101 0.214171 0.029598 0.025765
15 0.287526 0.257649 0.046512 0.032206
15 0.319239 0.211755 0.063425 0.049919
15 0.134249 0.128019 0.078224 0.040258
15 0.080338 0.078905 0.084567 0.025765
15 0.050740 0.028986 0.097252 0.035427
15 0.421776 0.018519 0.082452 0.033816
15 0.414376 0.114332 0.050740 0.045089
15 0.442918 0.172303 0.040169 0.022544
15 0.443975 0.210145 0.038055 0.027375
15 0.549683 0.235105 0.063425 0.035427
15 0.638478 0.266506 0.038055 0.033816
15 0.635307 0.402576 0.082452 0.045089
15 0.764271 0.510467 0.082452 0.048309
15 0.731501 0.400966 0.038055 0.032206
15 0.854123 0.409018 0.054968 0.035427
15 0.942918 0.372786 0.054968 0.049919
15 0.752643 0.231079 0.042283 0.033816
15 0.682875 0.240741 0.050740 0.033816
15 0.681818 0.306763 0.044397 0.030596
15 0.614165 0.172303 0.061311 0.035427
15 0.605708 0.111111 0.061311 0.025765
15 0.489429 0.106280 0.044397 0.035427
15 0.533827 0.039452 0.040169 0.020934
15 0.577167 0.061192 0.084567 0.067633
15 0.634249 0.028180 0.067653 0.024155
15 0.687104 0.100644 0.042283 0.024155
15 0.711416 0.051530 0.027484 0.022544
15 0.754757 0.068438 0.021142 0.024155
15 0.803383 0.069243 0.050740 0.035427
15 0.784355 0.111916 0.059197 0.030596
15 0.765328 0.148953 0.076110 0.037037
15 0.841438 0.144928 0.025370 0.019324
15 0.920719 0.143317 0.035941 0.028986
15 0.929175 0.213366 0.052854 0.033816
15 0.975687 0.105475 0.048626 0.046699
15 0.975687 0.057971 0.048626 0.035427
15 0.770613 0.016908 0.090909 0.030596
