15 0.602332 0.952772 0.028497 0.049281
15 0.634715 0.968172 0.038860 0.043121
15 0.409974 0.951745 0.058290 0.043121
15 0.508420 0.817248 0.037565 0.041068
15 0.579016 0.785421 0.038860 0.051335
15 0.668394 0.841889 0.038860 0.053388
15 0.799870 0.935318 0.034974 0.047228
15 0.860104 0.934292 0.033679 0.049281
15 0.539508 0.705339 0.040155 0.043121
15 0.343912 0.752567 0.042746 0.055441
15 0.292098 0.666324 0.040155 0.034908
15 0.210492 0.626283 0.050518 0.036961
15 0.154793 0.664271 0.034974 0.047228
15 0.102979 0.803901 0.024611 0.043121
15 0.086140 0.657084 0.027202 0.036961
15 0.023316 0.671458 0.044041 0.082136
15 0.045984 0.537988 0.024611 0.045175
15 0.115933 0.539014 0.042746 0.039014
15 0.051813 0.459959 0.025907 0.036961
15 0.020725 0.490760 0.020725 0.032854
15 0.093912 0.445585 0.032383 0.041068
15 0.016192 0.373717 0.029793 0.041068
15 0.013601 0.308008 0.024611 0.061602
15 0.014896 0.238193 0.027202 0.069815
15 0.019430 0.179671 0.036269 0.039014
15 0.025259 0.108830 0.047927 0.069815
15 0.146373 0.122177 0.033679 0.043121
15 0.086140 0.167351 0.034974 0.043121
15 0.093912 0.243326 0.022021 0.034908
15 0.070596 0.218686 0.027202 0.026694
15 0.055052 0.281314 0.024611 0.036961
15 0.104922 0.343943 0.036269 0.047228
15 0.110751 0.309035 0.022021 0.030801
15 0.121762 0.290554 0.018135 0.030801
15 0.127591 0.243326 0.024611 0.051335
15 0.147021 0.333676 0.016839 0.026694
15 0.202073 0.424025 0.025907 0.047228
15 0.250000 0.395277 0.031088 0.039014
15 0.245466 0.478439 0.016839 0.041068
15 0.264249 0.476386 0.018135 0.049281
15 0.290803 0.477413 0.022021 0.026694
15 0.293394 0.530801 0.037565 0.030801
15 0.340674 0.585216 0.031088 0.057495
15 0.466321 0.601643 0.038860 0.049281
15 0.545984 0.575975 0.045337 0.075975
15 0.569948 0.665298 0.028497 0.041068
15 0.575777 0.622177 0.029793 0.057495
15 0.612694 0.624230 0.031088 0.065708
15 0.636658 0.528747 0.034974 0.051335
15 0.706606 0.545175 0.024611 0.047228
15 0.747409 0.565708 0.033679 0.059548
15 0.722798 0.644764 0.025907 0.036961
15 0.814767 0.553388 0.028497 0.047228
15 0.827720 0.511294 0.036269 0.041068
15 0.829016 0.597536 0.031088 0.045175
15 0.849093 0.622177 0.029793 0.045175
15 0.886658 0.600616 0.022021 0.051335
15 0.900907 0.619097 0.019430 0.047228
15 0.955311 0.634497 0.037565 0.065708
15 0.987694 0.746407 0.024611 0.092402
15 0.941062 0.549281 0.034974 0.063655
15 0.909974 0.426078 0.027202 0.047228
15 0.841321 0.389117 0.042746 0.047228
15 0.794041 0.352156 0.033679 0.047228
15 0.767487 0.339836 0.037565 0.043121
15 0.740933 0.382957 0.046632 0.047228
15 0.718912 0.341889 0.036269 0.047228
15 0.672280 0.420945 0.041451 0.049281
15 0.691710 0.457906 0.033679 0.041068
15 0.716969 0.464066 0.034974 0.036961
15 0.601036 0.460986 0.041451 0.039014
15 0.512953 0.482546 0.033679 0.073922
15 0.492876 0.425051 0.037565 0.045175
15 0.477332 0.390144 0.029793 0.049281
15 0.507772 0.368583 0.028497 0.043121
15 0.418394 0.374743 0.038860 0.047228
15 0.329016 0.370637 0.028497 0.043121
15 0.351684 0.315195 0.032383 0.051335
15 0.229922 0.291581 0.045337 0.061602
15 0.265544 0.266940 0.041451 0.061602
15 0.231218 0.225873 0.040155 0.045175
15 0.227332 0.127310 0.024611 0.036961
15 0.289508 0.143737 0.058290 0.090349
15 0.340674 0.256674 0.056995 0.078029
15 0.396373 0.244353 0.038860 0.086242
15 0.441062 0.305955 0.024611 0.049281
15 0.509067 0.222793 0.025907 0.059548
15 0.492876 0.302875 0.047927 0.051335
15 0.537565 0.299795 0.038860 0.049281
15 0.537565 0.211499 0.033679 0.049281
15 0.443653 0.178645 0.037565 0.041068
15 0.411917 0.159138 0.038860 0.051335
15 0.424223 0.118070 0.034974 0.043121
15 0.484456 0.129363 0.044041 0.045175
15 0.476036 0.086242 0.045337 0.061602
15 0.506477 0.069815 0.033679 0.057495
15 0.548575 0.039014 0.050518 0.045175
15 0.555052 0.108830 0.055699 0.082136
15 0.593264 0.341889 0.049223 0.063655
15 0.648964 0.319302 0.038860 0.059548
15 0.709197 0.272074 0.024611 0.039014
15 0.755181 0.248460 0.046632 0.057495
15 0.749352 0.180698 0.034974 0.057495
15 0.659974 0.082136 0.123057 0.147844
15 0.766192 0.121150 0.047927 0.045175
15 0.764896 0.049281 0.034974 0.057495
15 0.823834 0.019507 0.033679 0.030801
15 0.867876 0.149897 0.028497 0.045175
15 0.877591 0.114990 0.034974 0.053388
15 0.829663 0.095483 0.024611 0.034908
15 0.909326 0.154004 0.033679 0.057495
15 0.942358 0.197125 0.032383 0.073922
15 0.869171 0.316222 0.025907 0.049281
15 0.947539 0.305955 0.032383 0.073922
15 0.976684 0.287474 0.025907 0.045175
15 0.976684 0.243326 0.023316 0.039014
15 0.994819 0.155031 0.010363 0.051335
15 0.987694 0.073922 0.024611 0.049281
15 0.966969 0.018480 0.027202 0.032854
15 0.946891 0.029774 0.018135 0.022587
15 0.988342 0.447639 0.023316 0.102669
