15 0.114167 0.937500 0.048333 0.040000
15 0.136667 0.975000 0.023333 0.030000
15 0.206667 0.983750 0.026667 0.032500
15 0.208333 0.947500 0.026667 0.045000
15 0.287500 0.928750 0.051667 0.047500
15 0.301667 0.962500 0.030000 0.030000
15 0.361667 0.911250 0.043333 0.067500
15 0.268333 0.877500 0.026667 0.035000
15 0.237500 0.812500 0.028333 0.040000
15 0.204167 0.821250 0.031667 0.027500
15 0.185833 0.848750 0.025000 0.032500
15 0.158333 0.862500 0.030000 0.045000
15 0.080833 0.778750 0.041667 0.062500
15 0.026667 0.803750 0.036667 0.047500
15 0.055833 0.728750 0.025000 0.032500
15 0.082500 0.715000 0.025000 0.035000
15 0.103333 0.710000 0.020000 0.035000
15 0.167500 0.685000 0.035000 0.035000
15 0.190000 0.643750 0.046667 0.047500
15 0.241667 0.617500 0.030000 0.040000
15 0.260000 0.612500 0.020000 0.045000
15 0.276667 0.591250 0.026667 0.042500
15 0.281667 0.500000 0.023333 0.040000
15 0.214167 0.530000 0.031667 0.050000
15 0.187500 0.508750 0.021667 0.027500
15 0.176667 0.587500 0.033333 0.025000
15 0.151667 0.553750 0.030000 0.032500
15 0.131667 0.557500 0.033333 0.025000
15 0.119167 0.536250 0.021667 0.032500
15 0.110833 0.596250 0.028333 0.027500
15 0.093333 0.605000 0.030000 0.030000
15 0.058333 0.615000 0.023333 0.030000
15 0.025833 0.696250 0.025000 0.027500
15 0.184167 0.411250 0.041667 0.052500
15 0.150833 0.355000 0.028333 0.035000
15 0.139167 0.325000 0.028333 0.050000
15 0.190833 0.335000 0.025000 0.035000
15 0.222500 0.293750 0.028333 0.042500
15 0.260833 0.373750 0.048333 0.032500
15 0.267500 0.431250 0.028333 0.022500
15 0.290000 0.446250 0.020000 0.027500
15 0.323333 0.463750 0.023333 0.037500
15 0.367500 0.483750 0.021667 0.032500
15 0.380833 0.400000 0.028333 0.035000
15 0.366667 0.432500 0.026667 0.025000
15 0.382500 0.348750 0.021667 0.032500
15 0.410000 0.340000 0.026667 0.040000
15 0.454167 0.361250 0.021667 0.022500
15 0.466667 0.380000 0.016667 0.030000
15 0.462500 0.331250 0.015000 0.022500
15 0.475000 0.220000 0.030000 0.035000
15 0.428333 0.201250 0.033333 0.037500
15 0.391667 0.158750 0.036667 0.037500
15 0.336667 0.157500 0.043333 0.045000
15 0.315833 0.115000 0.035000 0.035000
15 0.283333 0.108750 0.030000 0.027500
15 0.248333 0.103750 0.030000 0.047500
15 0.053333 0.357500 0.026667 0.030000
15 0.025833 0.373750 0.021667 0.032500
15 0.014167 0.322500 0.021667 0.045000
15 0.015000 0.230000 0.016667 0.045000
15 0.080833 0.225000 0.025000 0.040000
15 0.095833 0.226250 0.018333 0.027500
15 0.117500 0.207500 0.025000 0.030000
15 0.163333 0.227500 0.030000 0.035000
15 0.141667 0.247500 0.023333 0.030000
15 0.170833 0.275000 0.021667 0.030000
15 0.083333 0.295000 0.030000 0.030000
15 0.068333 0.321250 0.026667 0.032500
15 0.059167 0.475000 0.028333 0.045000
15 0.075000 0.575000 0.023333 0.035000
15 0.016667 0.446250 0.023333 0.042500
15 0.036667 0.416250 0.033333 0.047500
15 0.393333 0.581250 0.030000 0.042500
15 0.416667 0.563750 0.026667 0.042500
15 0.429167 0.512500 0.021667 0.045000
15 0.436667 0.477500 0.026667 0.055000
15 0.450833 0.502500 0.018333 0.045000
15 0.509167 0.458750 0.028333 0.047500
15 0.505833 0.425000 0.021667 0.035000
15 0.543333 0.371250 0.023333 0.037500
15 0.579167 0.476250 0.048333 0.067500
15 0.665833 0.543750 0.035000 0.047500
15 0.627500 0.512500 0.031667 0.040000
15 0.694167 0.498750 0.035000 0.052500
15 0.822500 0.853750 0.035000 0.052500
15 0.791667 0.801250 0.036667 0.067500
15 0.824167 0.747500 0.035000 0.060000
15 0.868333 0.791250 0.036667 0.047500
15 0.906667 0.877500 0.036667 0.060000
15 0.737500 0.962500 0.038333 0.060000
15 0.683333 0.897500 0.030000 0.050000
15 0.717500 0.892500 0.035000 0.055000
15 0.708333 0.857500 0.023333 0.035000
15 0.732500 0.798750 0.035000 0.062500
15 0.729167 0.725000 0.025000 0.045000
15 0.782500 0.676250 0.038333 0.047500
15 0.782500 0.708750 0.031667 0.052500
15 0.717500 0.592500 0.028333 0.050000
15 0.673333 0.602500 0.030000 0.040000
15 0.686667 0.592500 0.023333 0.035000
15 0.544167 0.553750 0.035000 0.057500
15 0.594167 0.640000 0.031667 0.040000
15 0.564167 0.598750 0.025000 0.032500
15 0.536667 0.660000 0.026667 0.040000
15 0.553333 0.702500 0.026667 0.030000
15 0.545833 0.748750 0.021667 0.032500
15 0.513333 0.818750 0.026667 0.032500
15 0.461667 0.783750 0.026667 0.042500
15 0.445833 0.862500 0.021667 0.035000
15 0.549167 0.880000 0.028333 0.035000
15 0.534167 0.835000 0.025000 0.045000
15 0.567500 0.823750 0.028333 0.047500
15 0.578333 0.787500 0.023333 0.030000
15 0.597500 0.753750 0.025000 0.042500
15 0.615000 0.741250 0.020000 0.047500
15 0.626667 0.686250 0.033333 0.037500
15 0.675833 0.690000 0.035000 0.040000
15 0.622500 0.591250 0.025000 0.037500
15 0.862500 0.675000 0.028333 0.045000
15 0.850833 0.621250 0.025000 0.042500
15 0.954167 0.695000 0.031667 0.050000
15 0.928333 0.713750 0.030000 0.042500
15 0.912500 0.725000 0.028333 0.040000
15 0.885833 0.698750 0.035000 0.042500
15 0.893333 0.745000 0.030000 0.040000
15 0.955833 0.850000 0.025000 0.050000
15 0.795000 0.897500 0.036667 0.065000
15 0.858333 0.986250 0.026667 0.027500
15 0.901667 0.991250 0.023333 0.017500
15 0.877500 0.335000 0.081667 0.075000
15 0.013333 0.662500 0.023333 0.055000
