15 0.220077 0.677835 0.061776 0.067010
15 0.239382 0.613402 0.061776 0.082474
15 0.299228 0.515464 0.081081 0.082474
15 0.222008 0.489691 0.050193 0.061856
15 0.202703 0.407216 0.050193 0.061856
15 0.335907 0.407216 0.061776 0.051546
15 0.306950 0.340206 0.042471 0.051546
15 0.250965 0.317010 0.046332 0.067010
15 0.872587 0.894330 0.038610 0.036082
15 0.984556 0.865979 0.030888 0.082474
15 0.870656 0.737113 0.065637 0.092784
15 0.907336 0.554124 0.077220 0.087629
15 0.675676 0.389175 0.046332 0.046392
15 0.733591 0.368557 0.046332 0.067010
15 0.849421 0.435567 0.030888 0.036082
15 0.835907 0.358247 0.027027 0.046392
15 0.826255 0.314433 0.046332 0.051546
15 0.955598 0.350515 0.073359 0.072165
15 0.924710 0.278351 0.065637 0.061856
15 0.413127 0.306701 0.038610 0.056701
15 0.486486 0.327320 0.038610 0.046392
15 0.527027 0.309278 0.027027 0.041237
15 0.552124 0.257732 0.038610 0.051546
15 0.527027 0.229381 0.034749 0.036082
15 0.474903 0.226804 0.038610 0.041237
15 0.206564 0.213918 0.050193 0.025773
15 0.198842 0.262887 0.057915 0.041237
15 0.148649 0.229381 0.042471 0.025773
15 0.104247 0.270619 0.077220 0.036082
15 0.108108 0.180412 0.038610 0.041237
15 0.148649 0.152062 0.050193 0.046392
15 0.424710 0.180412 0.046332 0.030928
15 0.347490 0.231959 0.038610 0.041237
