15 0.965008 0.968447 0.035770 0.063107
15 0.925350 0.826456 0.024883 0.050971
15 0.938569 0.644417 0.029549 0.036408
15 0.895801 0.635922 0.031104 0.053398
15 0.815708 0.618932 0.023328 0.038835
15 0.800933 0.615291 0.015552 0.031553
15 0.758942 0.615291 0.024883 0.041262
15 0.784603 0.677184 0.023328 0.038835
15 0.816485 0.742718 0.024883 0.043689
15 0.707621 0.845874 0.034215 0.046117
15 0.646967 0.831311 0.034215 0.050971
15 0.623639 0.915049 0.031104 0.053398
15 0.566096 0.906553 0.031104 0.041262
15 0.569207 0.974515 0.034215 0.050971
15 0.546656 0.843447 0.038880 0.041262
15 0.552100 0.796117 0.046656 0.043689
15 0.519440 0.711165 0.043546 0.082524
15 0.569207 0.684466 0.052877 0.092233
15 0.615863 0.675971 0.031104 0.065534
15 0.643857 0.644417 0.034215 0.055825
15 0.642302 0.594660 0.031104 0.048544
15 0.591757 0.481796 0.035770 0.055825
15 0.621306 0.519417 0.017107 0.033981
15 0.643857 0.440534 0.040435 0.065534
15 0.583204 0.410194 0.034215 0.053398
15 0.526439 0.378641 0.032659 0.038835
15 0.468896 0.439320 0.045101 0.063107
15 0.497667 0.474515 0.034215 0.041262
15 0.503110 0.538835 0.029549 0.053398
15 0.461897 0.566748 0.043546 0.075243
15 0.421462 0.702670 0.034215 0.046117
15 0.439347 0.668689 0.045101 0.060680
15 0.461897 0.847087 0.040435 0.063107
15 0.481337 0.950243 0.041991 0.070388
15 0.404355 0.911408 0.046656 0.055825
15 0.349145 0.935680 0.029549 0.041262
15 0.331260 0.911408 0.034215 0.041262
15 0.306376 0.861650 0.024883 0.048544
15 0.321151 0.802184 0.032659 0.055825
15 0.336703 0.675971 0.041991 0.075243
15 0.379471 0.575243 0.040435 0.063107
15 0.279938 0.621359 0.037325 0.058252
15 0.249611 0.606796 0.041991 0.048544
15 0.237947 0.498786 0.043546 0.055825
15 0.233281 0.430825 0.049767 0.055825
15 0.241058 0.339806 0.052877 0.053398
15 0.246501 0.256068 0.032659 0.050971
15 0.236392 0.177184 0.034215 0.033981
15 0.279938 0.197816 0.021773 0.046117
15 0.316485 0.213592 0.020218 0.038835
15 0.363919 0.190534 0.027994 0.046117
15 0.384914 0.212379 0.026439 0.036408
15 0.375583 0.379854 0.032659 0.055825
15 0.384914 0.328883 0.026439 0.050971
15 0.422240 0.385922 0.029549 0.067961
15 0.430016 0.327670 0.023328 0.033981
15 0.455677 0.320388 0.018663 0.033981
15 0.527216 0.304612 0.027994 0.036408
15 0.477449 0.269417 0.031104 0.038835
15 0.464230 0.237864 0.013997 0.019417
15 0.465785 0.200243 0.017107 0.021845
15 0.485226 0.217233 0.012442 0.031553
15 0.542768 0.212379 0.024883 0.031553
15 0.562986 0.263350 0.034215 0.046117
15 0.579316 0.344660 0.041991 0.077670
15 0.654743 0.337379 0.021773 0.033981
15 0.650855 0.294903 0.032659 0.036408
15 0.604199 0.245146 0.023328 0.043689
15 0.582426 0.208738 0.026439 0.048544
15 0.543546 0.144417 0.029549 0.046117
15 0.597201 0.122573 0.021773 0.041262
15 0.631415 0.111650 0.024883 0.053398
15 0.672628 0.174757 0.023328 0.043689
15 0.642302 0.222087 0.024883 0.046117
15 0.714619 0.350728 0.032659 0.046117
15 0.709176 0.303398 0.024883 0.043689
15 0.739502 0.288835 0.020218 0.053398
15 0.752722 0.265777 0.024883 0.050971
15 0.737947 0.220874 0.026439 0.043689
15 0.744946 0.156553 0.018663 0.036408
15 0.757387 0.191748 0.024883 0.038835
15 0.774495 0.137136 0.024883 0.041262
15 0.813375 0.194175 0.024883 0.033981
15 0.797045 0.217233 0.029549 0.026699
15 0.795490 0.285194 0.023328 0.021845
15 0.779938 0.337379 0.026439 0.053398
15 0.757387 0.367718 0.027994 0.041262
15 0.821151 0.466019 0.027994 0.048544
15 0.849145 0.521845 0.027994 0.043689
15 0.909798 0.387136 0.021773 0.041262
15 0.947900 0.413835 0.035770 0.050971
15 0.982115 0.321602 0.029549 0.084951
15 0.967341 0.229369 0.043546 0.080097
15 0.839036 0.239078 0.026439 0.036408
15 0.870918 0.268204 0.024883 0.031553
15 0.892691 0.252427 0.040435 0.058252
15 0.883359 0.201456 0.024883 0.048544
15 0.856921 0.182039 0.037325 0.097087
15 0.866252 0.054612 0.031104 0.060680
15 0.939347 0.023058 0.037325 0.041262
15 0.944012 0.106796 0.027994 0.072816
15 0.227838 0.875000 0.035770 0.080097
15 0.176516 0.844660 0.029549 0.058252
15 0.197512 0.961165 0.031104 0.053398
15 0.062986 0.928398 0.041991 0.046117
15 0.022551 0.947816 0.038880 0.060680
15 0.092535 0.841019 0.045101 0.075243
15 0.164075 0.752427 0.026439 0.043689
15 0.195179 0.752427 0.026439 0.038835
15 0.133748 0.696602 0.052877 0.077670
15 0.041213 0.757282 0.045101 0.053398
15 0.036547 0.696602 0.045101 0.053398
15 0.055988 0.620146 0.043546 0.060680
15 0.111198 0.586165 0.051322 0.070388
15 0.180404 0.529126 0.037325 0.053398
15 0.185848 0.604369 0.026439 0.043689
15 0.209953 0.644417 0.040435 0.050971
15 0.117418 0.313107 0.135303 0.194175
15 0.012442 0.326456 0.021773 0.094660
15 0.702177 0.476942 0.020218 0.041262
15 0.723950 0.483010 0.023328 0.029126
