15 0.300357 0.949176 0.048128 0.038462
15 0.357398 0.903159 0.051693 0.034341
15 0.426916 0.911401 0.048128 0.039835
15 0.477718 0.989011 0.039216 0.021978
15 0.303922 0.776099 0.101604 0.063187
15 0.426916 0.787775 0.076649 0.067308
15 0.510695 0.804945 0.065954 0.065934
15 0.681818 0.826923 0.051693 0.054945
15 0.732620 0.840659 0.049911 0.035714
15 0.827986 0.813187 0.062389 0.049451
15 0.709447 0.719780 0.078431 0.060440
15 0.738859 0.630495 0.073084 0.085165
15 0.117647 0.675137 0.081996 0.061813
15 0.286096 0.668269 0.087344 0.053571
15 0.423351 0.629808 0.069519 0.056319
15 0.553476 0.652473 0.076649 0.046703
15 0.563280 0.710852 0.064171 0.050824
15 0.143494 0.567995 0.119430 0.075549
15 0.354724 0.458104 0.064171 0.056319
15 0.420677 0.453984 0.064171 0.050824
15 0.453654 0.422390 0.048128 0.042582
15 0.486631 0.436813 0.032086 0.035714
15 0.537433 0.525412 0.073084 0.061813
15 0.432264 0.539148 0.065954 0.059066
15 0.370766 0.403846 0.060606 0.035714
15 0.367201 0.265797 0.067736 0.056319
15 0.389483 0.210852 0.073084 0.056319
15 0.603387 0.263049 0.058824 0.042582
15 0.672014 0.262363 0.057041 0.046703
15 0.703209 0.211538 0.037433 0.030220
15 0.813725 0.304945 0.055258 0.035714
15 0.867201 0.247253 0.065954 0.071429
15 0.914439 0.241071 0.042781 0.053571
15 0.908200 0.394918 0.055258 0.056319
15 0.854724 0.407280 0.062389 0.050824
15 0.826203 0.442308 0.065954 0.035714
15 0.794118 0.470467 0.083779 0.042582
15 0.816399 0.561813 0.078431 0.046703
15 0.926025 0.607143 0.055258 0.049451
15 0.960784 0.641484 0.064171 0.052198
15 0.129234 0.275412 0.073084 0.034341
15 0.094474 0.232830 0.049911 0.017857
15 0.021390 0.255495 0.039216 0.030220
15 0.016934 0.219780 0.030303 0.024725
15 0.027629 0.182692 0.051693 0.041209
15 0.066845 0.205357 0.083779 0.023352
15 0.102496 0.192308 0.065954 0.032967
15 0.062389 0.122253 0.067736 0.030220
15 0.058824 0.072802 0.042781 0.027473
15 0.215686 0.185440 0.049911 0.038462
15 0.234403 0.117445 0.055258 0.045330
15 0.261141 0.072115 0.048128 0.028846
15 0.336898 0.105082 0.053476 0.045330
15 0.453654 0.122253 0.080214 0.043956
15 0.396613 0.074176 0.065954 0.035714
15 0.461676 0.043956 0.081996 0.043956
15 0.651515 0.114011 0.087344 0.074176
15 0.600713 0.155907 0.089127 0.056319
15 0.825312 0.124313 0.042781 0.031593
15 0.353832 0.014423 0.212121 0.026099
15 0.782531 0.064560 0.064171 0.043956
15 0.700535 0.042582 0.064171 0.038462
