15 0.037415 0.745033 0.031293 0.072848
15 0.070748 0.766556 0.035374 0.056291
15 0.119728 0.953642 0.043537 0.079470
15 0.230612 0.976821 0.014966 0.046358
15 0.261224 0.970199 0.019048 0.059603
15 0.284354 0.920530 0.016327 0.046358
15 0.106122 0.653974 0.040816 0.135762
15 0.095238 0.514901 0.043537 0.122517
15 0.032653 0.513245 0.062585 0.211921
15 0.076871 0.369205 0.034014 0.082781
15 0.173469 0.395695 0.025850 0.076159
15 0.200680 0.321192 0.034014 0.072848
15 0.136054 0.283113 0.029932 0.062914
15 0.065306 0.238411 0.035374 0.072848
15 0.128571 0.182119 0.031293 0.066225
15 0.165306 0.183775 0.017687 0.056291
15 0.204762 0.201987 0.036735 0.072848
15 0.278231 0.228477 0.053061 0.105960
15 0.325850 0.220199 0.020408 0.043046
15 0.270748 0.350993 0.035374 0.086093
15 0.296599 0.322848 0.032653 0.076159
15 0.337415 0.379139 0.024490 0.049669
15 0.342857 0.448675 0.024490 0.062914
15 0.380272 0.471854 0.025850 0.043046
15 0.393878 0.549669 0.044898 0.066225
15 0.301361 0.531457 0.023129 0.029801
15 0.314966 0.586093 0.028571 0.039735
15 0.344898 0.685430 0.023129 0.059603
15 0.421088 0.834437 0.091156 0.119205
15 0.442857 0.721854 0.044898 0.066225
15 0.540136 0.647351 0.027211 0.062914
15 0.559864 0.710265 0.031293 0.082781
15 0.613605 0.728477 0.046259 0.052980
15 0.603401 0.809603 0.050340 0.102649
15 0.676190 0.718543 0.021769 0.079470
15 0.717687 0.731788 0.020408 0.072848
15 0.759864 0.745033 0.025850 0.052980
15 0.793878 0.970199 0.042177 0.059603
15 0.842857 0.860927 0.023129 0.046358
15 0.856463 0.776490 0.023129 0.056291
15 0.911565 0.814570 0.027211 0.086093
15 0.942177 0.844371 0.023129 0.066225
15 0.985714 0.905629 0.028571 0.062914
15 0.934014 0.966887 0.036735 0.066225
15 0.813605 0.647351 0.032653 0.062914
15 0.683673 0.543046 0.023129 0.052980
15 0.712245 0.521523 0.025850 0.049669
15 0.657143 0.597682 0.040816 0.056291
15 0.508163 0.543046 0.044898 0.072848
15 0.527891 0.415563 0.035374 0.089404
15 0.570748 0.490066 0.039456 0.086093
15 0.633333 0.501656 0.039456 0.076159
15 0.561224 0.327815 0.044898 0.059603
15 0.497959 0.253311 0.032653 0.089404
15 0.446259 0.248344 0.029932 0.046358
15 0.438776 0.294702 0.028571 0.052980
15 0.410204 0.263245 0.034014 0.056291
15 0.412925 0.337748 0.034014 0.052980
15 0.429932 0.460265 0.032653 0.079470
15 0.450340 0.430464 0.027211 0.059603
15 0.487755 0.407285 0.025850 0.059603
15 0.468027 0.513245 0.013605 0.059603
15 0.198639 0.620861 0.024490 0.069536
15 0.230612 0.610927 0.012245 0.036424
15 0.187755 0.529801 0.024490 0.046358
15 0.925170 0.538079 0.029932 0.109272
15 0.912925 0.402318 0.027211 0.069536
15 0.942177 0.405629 0.023129 0.082781
15 0.988435 0.490066 0.023129 0.059603
15 0.851020 0.437086 0.028571 0.072848
15 0.761905 0.412252 0.035374 0.069536
15 0.782313 0.357616 0.016327 0.039735
15 0.859184 0.301325 0.036735 0.059603
15 0.841497 0.226821 0.020408 0.049669
15 0.772109 0.211921 0.028571 0.052980
15 0.732653 0.193709 0.023129 0.049669
15 0.691837 0.309603 0.036735 0.056291
15 0.658503 0.283113 0.024490 0.056291
15 0.587755 0.180464 0.021769 0.049669
15 0.590476 0.251656 0.029932 0.052980
15 0.638095 0.157285 0.029932 0.056291
15 0.602721 0.084437 0.029932 0.062914
15 0.572109 0.081126 0.028571 0.076159
15 0.527891 0.112583 0.040816 0.052980
15 0.513605 0.057947 0.036735 0.062914
15 0.483673 0.110927 0.017687 0.056291
15 0.434694 0.158940 0.025850 0.066225
15 0.702721 0.112583 0.025850 0.066225
15 0.741497 0.117550 0.027211 0.049669
15 0.753741 0.059603 0.024490 0.059603
15 0.776190 0.076159 0.012245 0.039735
15 0.800000 0.144040 0.040816 0.109272
15 0.833333 0.129139 0.020408 0.039735
15 0.861224 0.110927 0.021769 0.049669
15 0.870068 0.061258 0.025850 0.056291
15 0.830612 0.049669 0.025850 0.059603
15 0.800000 0.036424 0.029932 0.052980
15 0.916327 0.155629 0.023129 0.033113
15 0.910204 0.192053 0.032653 0.052980
15 0.934014 0.195364 0.025850 0.046358
15 0.961224 0.168874 0.025850 0.046358
15 0.975510 0.203642 0.019048 0.049669
15 0.921088 0.233444 0.027211 0.049669
15 0.921769 0.018212 0.023129 0.029801
15 0.345578 0.087748 0.062585 0.102649
15 0.263265 0.102649 0.066667 0.099338
15 0.968027 0.735099 0.023129 0.039735
