15 0.755144 0.682836 0.061728 0.087065
15 0.843621 0.575871 0.032922 0.042289
15 0.902263 0.970149 0.055556 0.049751
15 0.820988 0.920398 0.053498 0.064677
15 0.779835 0.927861 0.049383 0.054726
15 0.698560 0.902985 0.043210 0.039801
15 0.372428 0.609453 0.041152 0.029851
15 0.263374 0.402985 0.057613 0.059701
15 0.514403 0.384328 0.041152 0.062189
15 0.561728 0.361940 0.041152 0.042289
15 0.616255 0.415423 0.039095 0.049751
15 0.628601 0.282338 0.039095 0.057214
15 0.454733 0.300995 0.078189 0.039801
15 0.471193 0.250000 0.061728 0.057214
15 0.361111 0.230100 0.067901 0.052239
15 0.507202 0.074627 0.063786 0.044776
15 0.771605 0.065920 0.020576 0.032338
15 0.762346 0.151741 0.039095 0.034826
15 0.863169 0.170398 0.051440 0.047264
15 0.822016 0.248756 0.039095 0.064677
15 0.939300 0.345771 0.063786 0.074627
15 0.885802 0.444030 0.051440 0.047264
15 0.832305 0.355721 0.030864 0.029851
15 0.752058 0.430348 0.030864 0.034826
15 0.008230 0.116915 0.012346 0.064677
15 0.135802 0.094527 0.024691 0.054726
15 0.287037 0.059701 0.039095 0.024876
15 0.274691 0.092040 0.030864 0.029851
15 0.309671 0.120647 0.030864 0.037313
