15 0.861399 0.823651 0.069948 0.087137
15 0.914508 0.724066 0.041451 0.078838
15 0.808290 0.593361 0.046632 0.058091
15 0.778497 0.497925 0.038860 0.058091
15 0.762953 0.765560 0.064767 0.095436
15 0.669689 0.796680 0.064767 0.124481
15 0.639896 0.670124 0.067358 0.087137
15 0.369171 0.796680 0.090674 0.074689
15 0.231865 0.730290 0.054404 0.058091
15 0.148964 0.614108 0.069948 0.091286
15 0.069948 0.701245 0.041451 0.058091
15 0.031088 0.740664 0.056995 0.070539
15 0.382124 0.531120 0.054404 0.074689
15 0.227979 0.412863 0.067358 0.095436
15 0.305699 0.116183 0.067358 0.066390
15 0.101036 0.124481 0.041451 0.066390
15 0.037565 0.261411 0.059585 0.041494
15 0.450777 0.236515 0.036269 0.066390
15 0.607513 0.120332 0.033679 0.066390
15 0.808290 0.176349 0.077720 0.103734
15 0.966321 0.232365 0.067358 0.091286
