15 0.795796 0.938111 0.072072 0.039088
15 0.593093 0.842834 0.093093 0.027687
15 0.672673 0.794788 0.060060 0.039088
15 0.788288 0.785016 0.051051 0.032573
15 0.824324 0.745114 0.099099 0.034202
15 0.463964 0.836319 0.117117 0.040717
15 0.358859 0.780945 0.105105 0.050489
15 0.282282 0.634365 0.072072 0.027687
15 0.408408 0.603420 0.084084 0.030945
15 0.602102 0.644951 0.063063 0.039088
15 0.717718 0.687296 0.060060 0.026059
15 0.752252 0.631107 0.063063 0.024430
15 0.779279 0.517101 0.039039 0.027687
15 0.542042 0.456026 0.123123 0.035831
15 0.375375 0.447068 0.078078 0.040717
15 0.288288 0.508143 0.072072 0.029316
15 0.564565 0.404723 0.102102 0.043974
15 0.439940 0.404723 0.075075 0.024430
15 0.481982 0.338762 0.087087 0.052117
15 0.120120 0.374593 0.078078 0.029316
15 0.108108 0.341205 0.108108 0.034202
15 0.899399 0.292345 0.081081 0.043974
15 0.033033 0.097720 0.060060 0.032573
15 0.316817 0.016287 0.147147 0.029316
15 0.513514 0.015472 0.150150 0.027687
15 0.968468 0.128664 0.063063 0.052117
15 0.690691 0.109935 0.066066 0.021173
15 0.364865 0.141694 0.303303 0.110749
15 0.513514 0.206026 0.114114 0.043974
15 0.978979 0.967427 0.042042 0.016287
