15 0.751663 0.864634 0.048780 0.060976
15 0.678492 0.870732 0.044346 0.043902
15 0.626386 0.900000 0.055432 0.048780
15 0.614191 0.959756 0.053215 0.046341
15 0.871397 0.819512 0.026608 0.034146
15 0.869180 0.871951 0.039911 0.041463
15 0.819290 0.691463 0.059867 0.070732
15 0.753880 0.610976 0.035477 0.060976
15 0.708426 0.593902 0.042129 0.041463
15 0.680710 0.526829 0.053215 0.058537
15 0.587583 0.554878 0.035477 0.036585
15 0.544346 0.696341 0.046563 0.036585
15 0.675166 0.734146 0.033259 0.034146
15 0.317073 0.893902 0.097561 0.090244
15 0.230599 0.762195 0.048780 0.051220
15 0.152993 0.808537 0.057650 0.060976
15 0.063193 0.840244 0.073171 0.060976
15 0.069845 0.691463 0.068736 0.075610
15 0.272727 0.634146 0.044346 0.058537
15 0.400222 0.618293 0.050998 0.056098
15 0.355876 0.563415 0.055432 0.058537
15 0.419069 0.532927 0.070953 0.051220
15 0.303769 0.487805 0.035477 0.029268
15 0.280488 0.467073 0.037694 0.036585
15 0.220621 0.531707 0.055432 0.048780
15 0.206208 0.445122 0.048780 0.046341
15 0.033259 0.591463 0.062084 0.036585
15 0.120843 0.426829 0.033259 0.029268
15 0.056541 0.376829 0.042129 0.051220
15 0.086475 0.353659 0.053215 0.053659
15 0.188470 0.353659 0.048780 0.039024
15 0.226164 0.391463 0.031042 0.036585
15 0.249446 0.406098 0.028825 0.041463
15 0.358093 0.431707 0.050998 0.048780
15 0.315965 0.376829 0.037694 0.036585
15 0.364745 0.346341 0.050998 0.048780
15 0.304878 0.260976 0.073171 0.053659
15 0.542129 0.223171 0.068736 0.065854
15 0.655211 0.218293 0.050998 0.051220
15 0.682927 0.313415 0.053215 0.046341
15 0.593126 0.414634 0.068736 0.048780
15 0.532151 0.447561 0.044346 0.051220
15 0.456763 0.429268 0.075388 0.073171
15 0.458980 0.304878 0.053215 0.048780
15 0.411308 0.279268 0.042129 0.046341
15 0.411308 0.234146 0.046563 0.034146
15 0.404656 0.189024 0.037694 0.041463
15 0.454545 0.136585 0.066519 0.073171
15 0.345898 0.148780 0.031042 0.029268
15 0.290466 0.200000 0.044346 0.029268
15 0.270510 0.159756 0.044346 0.041463
15 0.205100 0.162195 0.042129 0.046341
15 0.178492 0.128049 0.037694 0.051220
15 0.065410 0.203659 0.059867 0.104878
15 0.124169 0.090244 0.031042 0.043902
15 0.327051 0.100000 0.046563 0.039024
15 0.227273 0.092683 0.046563 0.053659
15 0.629712 0.035366 0.079823 0.065854
15 0.511086 0.029268 0.037694 0.053659
15 0.456763 0.058537 0.070953 0.068293
15 0.637472 0.134146 0.037694 0.034146
15 0.668514 0.104878 0.037694 0.024390
15 0.696231 0.159756 0.031042 0.051220
15 0.815965 0.168293 0.044346 0.043902
15 0.977827 0.137805 0.044346 0.031707
15 0.943459 0.036585 0.042129 0.043902
15 0.924612 0.101220 0.026608 0.026829
15 0.923503 0.342683 0.077605 0.060976
15 0.772727 0.310976 0.050998 0.070732
15 0.844789 0.398780 0.044346 0.051220
15 0.876940 0.475610 0.050998 0.048780
15 0.946785 0.490244 0.035477 0.058537
15 0.777162 0.476829 0.042129 0.041463
15 0.820399 0.520732 0.048780 0.036585
15 0.696231 0.441463 0.075388 0.068293
15 0.984479 0.741463 0.031042 0.078049
15 0.172949 0.295122 0.039911 0.039024
15 0.113082 0.307317 0.048780 0.043902
15 0.412417 0.929268 0.031042 0.034146
15 0.451220 0.917073 0.028825 0.029268
15 0.378049 0.969512 0.037694 0.026829
15 0.881375 0.237805 0.015521 0.021951
15 0.768293 0.228049 0.024390 0.026829
15 0.762749 0.195122 0.026608 0.024390
15 0.754989 0.153659 0.019956 0.019512
15 0.754989 0.132927 0.019956 0.021951
15 0.739468 0.071951 0.028825 0.026829
