15 0.444988 0.922105 0.058680 0.063158
15 0.048900 0.953684 0.092910 0.088421
15 0.026895 0.773684 0.048900 0.048421
15 0.259169 0.715789 0.058680 0.063158
15 0.205379 0.630526 0.073350 0.082105
15 0.624694 0.632632 0.070905 0.056842
15 0.209046 0.473684 0.051345 0.050526
15 0.286064 0.504211 0.073350 0.040000
15 0.279951 0.456842 0.041565 0.021053
15 0.266504 0.430526 0.073350 0.035789
15 0.382641 0.430526 0.090465 0.052632
15 0.426650 0.366316 0.046455 0.050526
15 0.625917 0.386316 0.063570 0.044211
15 0.837408 0.404211 0.036675 0.050526
15 0.902200 0.401053 0.058680 0.065263
15 0.734719 0.432632 0.080685 0.056842
15 0.573350 0.500000 0.041565 0.044211
15 0.545232 0.463158 0.039120 0.025263
15 0.655257 0.446316 0.053790 0.050526
15 0.501222 0.417895 0.053790 0.035789
15 0.548900 0.391579 0.051345 0.042105
15 0.930318 0.228421 0.075795 0.061053
15 0.744499 0.252632 0.105134 0.092632
15 0.713936 0.188421 0.068460 0.044211
15 0.618582 0.124211 0.053790 0.046316
15 0.550122 0.211579 0.102689 0.073684
15 0.528117 0.300000 0.068460 0.031579
15 0.255501 0.086316 0.070905 0.071579
15 0.133252 0.063158 0.061125 0.050526
15 0.167482 0.138947 0.031785 0.033684
15 0.228606 0.163158 0.051345 0.040000
15 0.096577 0.237895 0.056235 0.037895
15 0.169927 0.249474 0.036675 0.023158
15 0.891198 0.021053 0.070905 0.037895
15 0.679707 0.030526 0.068460 0.056842
15 0.572127 0.045263 0.048900 0.035789
15 0.402200 0.014737 0.070905 0.025263
15 0.053790 0.024211 0.102689 0.044211
15 0.962103 0.597895 0.046455 0.025263
15 0.875306 0.513684 0.058680 0.037895
15 0.415648 0.218947 0.034230 0.029474
15 0.426650 0.176842 0.026895 0.025263
15 0.398533 0.086316 0.024450 0.025263
15 0.420538 0.075789 0.029340 0.029474
15 0.484108 0.126316 0.034230 0.029474
15 0.550122 0.140000 0.029340 0.027368
15 0.304401 0.197895 0.031785 0.025263
15 0.306846 0.336842 0.031785 0.025263
15 0.328851 0.311579 0.026895 0.025263
15 0.391198 0.254737 0.024450 0.021053
15 0.421760 0.261053 0.026895 0.029474
15 0.454768 0.252632 0.029340 0.021053
15 0.442543 0.303158 0.019560 0.029474
15 0.415648 0.323158 0.024450 0.014737
15 0.454768 0.335789 0.029340 0.023158
15 0.124694 0.401053 0.024450 0.023158
15 0.078240 0.380000 0.034230 0.014737
15 0.031785 0.382105 0.029340 0.027368
15 0.067237 0.421053 0.022005 0.025263
15 0.017115 0.337895 0.029340 0.018947
15 0.044010 0.296842 0.029340 0.029474
15 0.070905 0.298947 0.039120 0.029474
15 0.830073 0.178947 0.041565 0.025263
