15 0.947106 0.226077 0.037924 0.040670
15 0.889222 0.296651 0.049900 0.062201
15 0.808383 0.196172 0.055888 0.062201
15 0.721557 0.245215 0.041916 0.045455
15 0.776447 0.303828 0.063872 0.052632
15 0.802395 0.360048 0.031936 0.021531
15 0.864271 0.391148 0.051896 0.055024
15 0.757485 0.430622 0.069860 0.066986
15 0.701597 0.348086 0.037924 0.074163
15 0.582834 0.284689 0.039920 0.052632
15 0.658683 0.206938 0.031936 0.040670
15 0.509980 0.277512 0.041916 0.033493
15 0.482036 0.301435 0.037924 0.028708
15 0.504990 0.328947 0.023952 0.026316
15 0.934132 0.538278 0.039920 0.043062
15 0.869261 0.556220 0.097804 0.107656
15 0.758483 0.519139 0.031936 0.038278
15 0.796407 0.629187 0.047904 0.047847
15 0.734531 0.623206 0.043912 0.040670
15 0.744511 0.655502 0.027944 0.038278
15 0.604790 0.562201 0.043912 0.047847
15 0.569860 0.522727 0.061876 0.050239
15 0.519960 0.486842 0.045908 0.045455
15 0.495010 0.403110 0.055888 0.064593
15 0.423154 0.405502 0.075848 0.064593
15 0.339321 0.311005 0.035928 0.038278
15 0.373253 0.360048 0.043912 0.026316
15 0.430140 0.186603 0.025948 0.038278
15 0.383234 0.205742 0.031936 0.047847
15 0.352295 0.227273 0.029940 0.043062
15 0.452096 0.202153 0.033932 0.040670
15 0.261477 0.293062 0.063872 0.045455
15 0.251497 0.377990 0.063872 0.038278
15 0.308383 0.411483 0.029940 0.038278
15 0.355289 0.497608 0.151697 0.124402
15 0.227545 0.351675 0.055888 0.038278
15 0.180639 0.357656 0.041916 0.045455
15 0.106786 0.368421 0.045908 0.033493
15 0.077844 0.386364 0.023952 0.026316
15 0.131737 0.422249 0.035928 0.035885
15 0.173653 0.430622 0.047904 0.028708
15 0.102794 0.505981 0.069860 0.064593
15 0.094810 0.453349 0.029940 0.045455
15 0.141717 0.471292 0.055888 0.052632
15 0.045908 0.313397 0.063872 0.038278
15 0.049900 0.372010 0.047904 0.040670
15 0.296407 0.598086 0.025948 0.033493
15 0.332335 0.624402 0.033932 0.033493
15 0.169661 0.558612 0.039920 0.026316
15 0.195609 0.633971 0.055888 0.043062
15 0.222555 0.726077 0.045908 0.045455
15 0.478044 0.632775 0.029940 0.031100
15 0.548902 0.648325 0.051896 0.052632
15 0.412176 0.746411 0.065868 0.043062
15 0.402196 0.802632 0.041916 0.040670
15 0.496008 0.837321 0.049900 0.057416
15 0.547904 0.837321 0.037924 0.043062
15 0.434132 0.861244 0.025948 0.023923
15 0.455090 0.892344 0.031936 0.023923
15 0.363273 0.900718 0.043912 0.040670
15 0.230539 0.858852 0.049900 0.052632
15 0.230539 0.793062 0.077844 0.040670
15 0.123752 0.950957 0.067864 0.069378
15 0.029940 0.915072 0.055888 0.055024
15 0.104790 0.655502 0.033932 0.043062
15 0.896208 0.910287 0.047904 0.035885
15 0.814371 0.803828 0.035928 0.043062
15 0.881238 0.806220 0.049900 0.047847
15 0.932136 0.663876 0.039920 0.035885
15 0.929142 0.708134 0.045908 0.047847
15 0.632735 0.480861 0.035928 0.043062
15 0.970060 0.968900 0.035928 0.062201
15 0.403194 0.982057 0.047904 0.035885
