15 0.303254 0.926596 0.068047 0.048936
15 0.363905 0.890426 0.082840 0.057447
15 0.162722 0.862766 0.076923 0.027660
15 0.062130 0.779787 0.053254 0.053191
15 0.039941 0.624468 0.073964 0.057447
15 0.136095 0.551064 0.124260 0.080851
15 0.230769 0.536170 0.047337 0.025532
15 0.227811 0.654255 0.076923 0.036170
15 0.452663 0.643617 0.130178 0.104255
15 0.724852 0.697872 0.071006 0.046809
15 0.602071 0.724468 0.068047 0.053191
15 0.741124 0.795745 0.091716 0.051064
15 0.778107 0.594681 0.059172 0.048936
15 0.642012 0.497872 0.076923 0.055319
15 0.523669 0.559574 0.059172 0.046809
15 0.535503 0.464894 0.065089 0.044681
15 0.609467 0.423404 0.053254 0.038298
15 0.662722 0.342553 0.094675 0.059574
15 0.371302 0.475532 0.079882 0.044681
15 0.433432 0.446809 0.062130 0.034043
15 0.269231 0.482979 0.041420 0.025532
15 0.125740 0.409574 0.097633 0.053191
15 0.156805 0.315957 0.076923 0.057447
15 0.245562 0.254255 0.047337 0.036170
15 0.433432 0.263830 0.115385 0.076596
15 0.606509 0.179787 0.059172 0.031915
15 0.514793 0.179787 0.065089 0.048936
15 0.859467 0.214894 0.044379 0.046809
15 0.772189 0.169149 0.059172 0.057447
15 0.054734 0.250000 0.103550 0.070213
15 0.032544 0.380851 0.041420 0.029787
15 0.565089 0.342553 0.035503 0.029787
15 0.352071 0.377660 0.047337 0.036170
