15 0.504988 0.925287 0.077307 0.045977
15 0.246883 0.692529 0.084788 0.055556
15 0.361596 0.718391 0.074813 0.053640
15 0.138404 0.674330 0.067332 0.034483
15 0.082294 0.653257 0.084788 0.030651
15 0.083541 0.575670 0.047382 0.051724
15 0.446384 0.624521 0.079800 0.072797
15 0.654613 0.681992 0.062344 0.045977
15 0.779302 0.704023 0.062344 0.040230
15 0.726933 0.743295 0.042394 0.034483
15 0.849127 0.755747 0.052369 0.036398
15 0.844140 0.684866 0.047382 0.036398
15 0.879052 0.520115 0.057357 0.047893
15 0.480050 0.553640 0.067332 0.034483
15 0.264339 0.362069 0.074813 0.034483
15 0.271820 0.310345 0.064838 0.042146
15 0.155860 0.206897 0.067332 0.049808
15 0.233167 0.048851 0.057357 0.036398
15 0.327930 0.098659 0.062344 0.044061
15 0.375312 0.084291 0.072319 0.045977
15 0.405237 0.056513 0.052369 0.032567
15 0.713217 0.173372 0.074813 0.059387
15 0.531172 0.167625 0.089776 0.028736
15 0.506234 0.225096 0.054863 0.028736
15 0.447631 0.258621 0.087282 0.053640
15 0.572319 0.322797 0.077307 0.051724
15 0.811721 0.386973 0.047382 0.038314
15 0.800499 0.342912 0.069825 0.042146
15 0.861596 0.048851 0.047382 0.044061
15 0.945137 0.034483 0.104738 0.061303
