15 0.018546 0.856589 0.034125 0.044961
15 0.086053 0.869767 0.053412 0.046512
15 0.094955 0.908527 0.026706 0.024806
15 0.208457 0.745736 0.057864 0.037209
15 0.051187 0.391473 0.045994 0.044961
15 0.071958 0.248837 0.031157 0.048062
15 0.155045 0.362016 0.034125 0.035659
15 0.319733 0.525581 0.048961 0.043411
15 0.341988 0.764341 0.031157 0.034109
15 0.323442 0.827907 0.065282 0.077519
15 0.516320 0.765891 0.035608 0.021705
15 0.427300 0.748062 0.062315 0.035659
15 0.402077 0.800775 0.032641 0.032558
15 0.454006 0.869767 0.038576 0.031008
15 0.531899 0.831783 0.054896 0.051163
15 0.590504 0.849612 0.041543 0.031008
15 0.647626 0.833333 0.045994 0.048062
15 0.644659 0.756589 0.034125 0.049612
15 0.700297 0.787597 0.038576 0.043411
15 0.666172 0.928682 0.056380 0.052713
15 0.736647 0.949612 0.034125 0.038760
15 0.761869 0.893798 0.048961 0.044961
15 0.799703 0.882171 0.038576 0.040310
15 0.865727 0.884496 0.040059 0.048062
15 0.833828 0.842636 0.038576 0.044961
15 0.782641 0.838760 0.045994 0.043411
15 0.788576 0.765116 0.031157 0.060465
15 0.856825 0.730233 0.048961 0.046512
15 0.882047 0.709302 0.034125 0.048062
15 0.928042 0.710853 0.034125 0.048062
15 0.956973 0.722481 0.044510 0.040310
15 0.945104 0.770543 0.035608 0.037209
15 0.958457 0.601550 0.041543 0.037209
15 0.899110 0.521705 0.050445 0.044961
15 0.803412 0.506202 0.054896 0.032558
15 0.778190 0.518605 0.054896 0.032558
15 0.594955 0.562016 0.047478 0.032558
15 0.436202 0.480620 0.017804 0.024806
15 0.502967 0.441860 0.026706 0.024806
15 0.491098 0.413953 0.029674 0.027907
15 0.524481 0.410078 0.034125 0.032558
15 0.580861 0.420155 0.028190 0.027907
15 0.422849 0.358140 0.035608 0.034109
15 0.296736 0.272868 0.041543 0.034109
15 0.247033 0.068992 0.037092 0.035659
15 0.291543 0.082946 0.031157 0.029457
15 0.039318 0.051938 0.048961 0.038760
15 0.500000 0.017054 0.047478 0.027907
15 0.556380 0.029457 0.029674 0.024806
15 0.654303 0.088372 0.026706 0.037209
15 0.564540 0.203101 0.043027 0.031008
15 0.485163 0.258140 0.035608 0.038760
15 0.532641 0.292248 0.038576 0.051163
15 0.584570 0.260465 0.035608 0.024806
15 0.637982 0.264341 0.026706 0.029457
15 0.696588 0.365891 0.034125 0.034109
15 0.691395 0.396899 0.038576 0.027907
15 0.605341 0.340310 0.041543 0.032558
15 0.801187 0.326357 0.077151 0.088372
15 0.839021 0.255039 0.040059 0.044961
15 0.729970 0.182171 0.041543 0.035659
15 0.751484 0.144961 0.048961 0.041860
15 0.814540 0.131783 0.029674 0.021705
15 0.848665 0.163566 0.032641 0.038760
15 0.956973 0.152713 0.044510 0.029457
15 0.824926 0.031783 0.041543 0.026357
15 0.745549 0.061240 0.048961 0.048062
15 0.812315 0.083721 0.034125 0.027907
