15 0.125000 0.104980 0.047753 0.061911
15 0.422051 0.125841 0.035112 0.030956
15 0.662921 0.218035 0.044944 0.048452
15 0.669242 0.172948 0.035112 0.025572
15 0.865871 0.156124 0.035112 0.032301
15 0.935393 0.093540 0.042135 0.022880
15 0.979635 0.185734 0.026685 0.048452
15 0.893258 0.207941 0.047753 0.030956
15 0.967697 0.441454 0.047753 0.037685
15 0.971208 0.471063 0.035112 0.029610
15 0.906601 0.471063 0.026685 0.029610
15 0.938202 0.491925 0.036517 0.039031
15 0.784410 0.465680 0.049157 0.037685
15 0.638343 0.355316 0.060393 0.037685
15 0.557584 0.229475 0.033708 0.030956
15 0.410815 0.224764 0.049157 0.040377
15 0.353933 0.293405 0.047753 0.037685
15 0.424860 0.304845 0.049157 0.033647
15 0.375000 0.352624 0.047753 0.034993
15 0.323034 0.349933 0.042135 0.026918
15 0.295646 0.390983 0.051966 0.030956
15 0.207865 0.339838 0.047753 0.047106
15 0.166433 0.341184 0.051966 0.044415
15 0.080056 0.255720 0.047753 0.040377
15 0.006320 0.082100 0.009831 0.045760
15 0.136236 0.443472 0.050562 0.047106
15 0.018258 0.586810 0.033708 0.040377
15 0.008427 0.481830 0.014045 0.032301
15 0.242275 0.485868 0.037921 0.029610
15 0.405899 0.487887 0.036517 0.044415
15 0.430478 0.434724 0.023876 0.029610
15 0.453652 0.448856 0.036517 0.033647
15 0.494382 0.435397 0.039326 0.036339
15 0.367275 0.550471 0.043539 0.032301
15 0.404494 0.574024 0.033708 0.030956
15 0.389747 0.594213 0.040730 0.025572
15 0.229635 0.532301 0.037921 0.030956
15 0.203652 0.549125 0.030899 0.040377
15 0.243680 0.576043 0.035112 0.029610
15 0.264045 0.599596 0.033708 0.025572
15 0.230337 0.646030 0.039326 0.034993
15 0.142556 0.672275 0.049157 0.052490
15 0.191713 0.684388 0.026685 0.036339
15 0.120787 0.746299 0.039326 0.030956
15 0.084972 0.757739 0.026685 0.021534
15 0.201545 0.737550 0.029494 0.029610
15 0.273174 0.758412 0.043539 0.049798
15 0.225421 0.790040 0.032303 0.032301
15 0.169944 0.806191 0.058989 0.056528
15 0.383427 0.684388 0.033708 0.025572
15 0.400281 0.719381 0.022472 0.022880
15 0.325843 0.763122 0.047753 0.043069
15 0.395365 0.751009 0.029494 0.018843
15 0.404494 0.791386 0.030899 0.032301
15 0.343399 0.851279 0.043539 0.033647
15 0.705056 0.493271 0.050562 0.041723
15 0.616573 0.495962 0.033708 0.030956
15 0.483848 0.649394 0.091292 0.074024
15 0.573034 0.616420 0.033708 0.032301
15 0.547753 0.584791 0.036517 0.028264
15 0.724017 0.557873 0.043539 0.033647
15 0.732444 0.584791 0.040730 0.033647
15 0.866573 0.644011 0.042135 0.036339
15 0.905197 0.674293 0.029494 0.026918
15 0.768961 0.680350 0.049157 0.036339
15 0.893961 0.736205 0.049157 0.029610
15 0.950140 0.773890 0.029494 0.029610
15 0.914326 0.783984 0.039326 0.030956
15 0.950140 0.832436 0.063202 0.055182
15 0.842697 0.808210 0.033708 0.017497
15 0.857444 0.841857 0.032303 0.025572
15 0.886938 0.863392 0.040730 0.030956
15 0.819522 0.901750 0.029494 0.026918
15 0.763343 0.894347 0.046348 0.028264
15 0.730337 0.865410 0.039326 0.032301
15 0.700843 0.884926 0.030899 0.028264
15 0.716292 0.828398 0.039326 0.036339
15 0.765449 0.816958 0.047753 0.037685
15 0.795646 0.842530 0.051966 0.037685
15 0.559691 0.707941 0.037921 0.026918
15 0.541433 0.725437 0.040730 0.040377
15 0.594803 0.820996 0.074438 0.075370
15 0.648174 0.763122 0.054775 0.045760
15 0.502809 0.880215 0.033708 0.029610
15 0.381320 0.009421 0.037921 0.016151
15 0.445927 0.014132 0.037921 0.025572
15 0.837781 0.332436 0.032303 0.029610
15 0.046348 0.781965 0.028090 0.029610
15 0.658708 0.622476 0.039326 0.041723
