15 0.069677 0.673154 0.054194 0.044295
15 0.112903 0.502013 0.045161 0.045638
15 0.161935 0.486577 0.050323 0.063087
15 0.216774 0.498658 0.038710 0.033557
15 0.277419 0.636242 0.041290 0.051007
15 0.259355 0.675168 0.025806 0.034899
15 0.227742 0.658389 0.024516 0.022819
15 0.302581 0.770470 0.052903 0.061745
15 0.238065 0.839597 0.042581 0.036242
15 0.267097 0.904027 0.059355 0.057718
15 0.095484 0.757718 0.033548 0.028188
15 0.114194 0.814765 0.024516 0.024161
15 0.143226 0.802685 0.025806 0.021477
15 0.150968 0.859732 0.041290 0.046980
15 0.050968 0.834899 0.045161 0.024161
15 0.059355 0.861074 0.038710 0.028188
15 0.090968 0.888591 0.027097 0.032215
15 0.039355 0.930201 0.055484 0.026846
15 0.012903 0.865772 0.023226 0.053691
15 0.095484 0.232886 0.028387 0.036242
15 0.176774 0.215436 0.041290 0.030872
15 0.134839 0.128859 0.029677 0.029530
15 0.209032 0.114094 0.033548 0.037584
15 0.315484 0.271141 0.029677 0.024161
15 0.236774 0.359732 0.037419 0.037584
15 0.329677 0.249664 0.021935 0.040268
15 0.372903 0.240268 0.030968 0.034899
15 0.476129 0.256376 0.043871 0.042953
15 0.486452 0.225503 0.025806 0.032215
15 0.503871 0.212752 0.029677 0.041611
15 0.539355 0.314094 0.043871 0.040268
15 0.589677 0.330201 0.030968 0.042953
15 0.650968 0.347651 0.029677 0.032215
15 0.760645 0.311409 0.034839 0.034899
15 0.843226 0.177852 0.037419 0.036242
15 0.687097 0.142953 0.045161 0.033557
15 0.592903 0.100000 0.045161 0.030872
15 0.465806 0.085906 0.051613 0.029530
15 0.881935 0.043624 0.050323 0.030872
15 0.895484 0.093960 0.028387 0.024161
15 0.430323 0.329530 0.040000 0.041611
15 0.458065 0.407383 0.025806 0.036242
15 0.486452 0.407383 0.041290 0.044295
15 0.545806 0.414094 0.041290 0.036242
15 0.622581 0.434899 0.037419 0.034899
15 0.692903 0.459732 0.020645 0.025503
15 0.720000 0.466443 0.018065 0.022819
15 0.738065 0.504698 0.028387 0.029530
15 0.713548 0.516779 0.020645 0.026846
15 0.668387 0.508054 0.038710 0.033557
15 0.720645 0.549664 0.045161 0.028188
15 0.768387 0.491946 0.024516 0.030872
15 0.807097 0.498658 0.040000 0.046980
15 0.836129 0.510067 0.023226 0.024161
15 0.936774 0.492617 0.038710 0.051007
15 0.905806 0.516107 0.028387 0.041611
15 0.880645 0.573154 0.037419 0.034899
15 0.861935 0.630201 0.046452 0.036242
15 0.670968 0.642282 0.059355 0.036242
15 0.743871 0.611409 0.040000 0.033557
15 0.805806 0.643624 0.047742 0.030872
15 0.755484 0.657047 0.042581 0.036242
15 0.725161 0.699329 0.028387 0.026846
15 0.945161 0.732215 0.050323 0.038926
15 0.980645 0.790604 0.038710 0.045638
15 0.883871 0.806711 0.054194 0.037584
15 0.939355 0.822148 0.033548 0.049664
15 0.865161 0.864430 0.052903 0.029530
15 0.855484 0.901342 0.028387 0.020134
15 0.825806 0.914094 0.030968 0.026846
15 0.762581 0.864430 0.043871 0.040268
15 0.730968 0.865772 0.037419 0.029530
15 0.698065 0.869128 0.041290 0.038926
15 0.682581 0.912081 0.046452 0.041611
15 0.647742 0.922148 0.030968 0.032215
15 0.801935 0.800000 0.060645 0.045638
15 0.759355 0.767785 0.032258 0.024161
15 0.741935 0.804698 0.046452 0.033557
15 0.702581 0.805369 0.027097 0.034899
15 0.641935 0.817450 0.032258 0.024161
15 0.647742 0.773826 0.033548 0.028188
15 0.609677 0.861745 0.042581 0.032215
15 0.556774 0.926846 0.042581 0.057718
15 0.489032 0.967114 0.056774 0.063087
15 0.414839 0.864430 0.037419 0.037584
15 0.410968 0.912752 0.034839 0.029530
15 0.383226 0.940940 0.030968 0.040268
15 0.421935 0.963758 0.025806 0.021477
15 0.406452 0.455034 0.038710 0.032215
15 0.427097 0.496644 0.020645 0.032215
15 0.344516 0.514765 0.025806 0.022819
15 0.305806 0.586577 0.038710 0.026846
15 0.363871 0.589262 0.038710 0.021477
15 0.372903 0.626174 0.030968 0.017450
15 0.356129 0.646980 0.023226 0.024161
15 0.370968 0.676510 0.019355 0.024161
15 0.389032 0.710738 0.029677 0.028188
15 0.512903 0.600671 0.019355 0.033557
15 0.458065 0.573826 0.036129 0.044295
15 0.543871 0.568456 0.040000 0.033557
15 0.539355 0.518792 0.033548 0.030872
15 0.538710 0.477852 0.040000 0.018792
15 0.589677 0.520805 0.025806 0.029530
15 0.623226 0.569799 0.025806 0.038926
15 0.589677 0.692617 0.025806 0.034899
15 0.687097 0.044295 0.021935 0.037584
15 0.523871 0.751007 0.025806 0.028188
15 0.525161 0.708725 0.036129 0.034899
15 0.396774 0.059060 0.029677 0.045638
