15 0.610626 0.227763 0.053857 0.040431
15 0.611354 0.323450 0.078603 0.091644
15 0.686317 0.322776 0.045124 0.039084
15 0.788937 0.272237 0.043668 0.029650
15 0.792576 0.096361 0.036390 0.044474
15 0.891557 0.091644 0.036390 0.037736
15 0.864629 0.450809 0.043668 0.036388
15 0.955604 0.400943 0.033479 0.033693
15 0.678311 0.433962 0.034934 0.026954
15 0.601164 0.458221 0.043668 0.018868
15 0.573508 0.524933 0.040757 0.041779
15 0.510189 0.475067 0.048035 0.030997
15 0.566958 0.752022 0.050946 0.032345
15 0.689956 0.780997 0.032023 0.033693
15 0.624454 0.779650 0.020378 0.022911
15 0.655022 0.737197 0.034934 0.029650
15 0.815866 0.706873 0.033479 0.039084
15 0.740175 0.735849 0.039301 0.024259
15 0.856623 0.760108 0.036390 0.040431
15 0.914847 0.773585 0.045124 0.053908
15 0.919214 0.832210 0.039301 0.025606
15 0.977438 0.886792 0.033479 0.029650
15 0.943231 0.912399 0.052402 0.029650
15 0.956332 0.962938 0.052402 0.041779
15 0.866084 0.886119 0.061135 0.074124
15 0.764920 0.979111 0.048035 0.041779
15 0.799127 0.956873 0.032023 0.035040
15 0.604803 0.971698 0.062591 0.035040
15 0.582969 0.931941 0.071325 0.049865
15 0.447598 0.853100 0.050946 0.035040
15 0.378457 0.933288 0.055313 0.030997
15 0.355167 0.985175 0.043668 0.029650
15 0.202329 0.911051 0.069869 0.051213
15 0.083697 0.931941 0.053857 0.044474
15 0.145560 0.876011 0.049491 0.045822
15 0.097525 0.795822 0.037846 0.041779
15 0.120815 0.706873 0.043668 0.036388
15 0.045852 0.690701 0.042213 0.033693
15 0.251092 0.667790 0.053857 0.041779
15 0.337700 0.539084 0.049491 0.043127
15 0.161572 0.398248 0.043668 0.036388
15 0.057496 0.452156 0.036390 0.033693
15 0.321689 0.058625 0.046579 0.044474
15 0.352984 0.023585 0.033479 0.033693
15 0.094614 0.118598 0.026201 0.018868
15 0.186317 0.173854 0.040757 0.026954
15 0.237991 0.103100 0.021834 0.025606
15 0.377001 0.638140 0.040757 0.047170
15 0.550218 0.638814 0.040757 0.053908
15 0.626638 0.647574 0.030568 0.025606
15 0.917031 0.619272 0.034934 0.028302
15 0.888646 0.577493 0.045124 0.036388
15 0.984716 0.608491 0.030568 0.044474
15 0.296215 0.855121 0.030568 0.036388
15 0.327511 0.867925 0.032023 0.029650
15 0.259825 0.853100 0.042213 0.032345
15 0.220524 0.863208 0.030568 0.030997
15 0.187045 0.874663 0.027656 0.018868
15 0.201601 0.907008 0.036390 0.032345
15 0.203057 0.826819 0.033479 0.025606
15 0.176128 0.827493 0.043668 0.037736
15 0.046579 0.879380 0.037846 0.044474
15 0.010917 0.927898 0.018923 0.033693
15 0.005822 0.834906 0.008734 0.071429
15 0.013828 0.775606 0.024745 0.047170
15 0.542940 0.128032 0.037846 0.032345
