15 0.350449 0.173507 0.030809 0.063433
15 0.437099 0.150187 0.029525 0.035448
15 0.518614 0.149254 0.025674 0.026119
15 0.577022 0.111940 0.032092 0.033582
15 0.639923 0.166045 0.037227 0.037313
15 0.540436 0.213619 0.038511 0.031716
15 0.469191 0.216418 0.029525 0.037313
15 0.615533 0.332090 0.050064 0.055970
15 0.611682 0.375000 0.029525 0.033582
15 0.667522 0.277985 0.035944 0.033582
15 0.673299 0.216418 0.029525 0.033582
15 0.738768 0.132463 0.026958 0.041045
15 0.776637 0.126866 0.025674 0.022388
15 0.765725 0.159515 0.029525 0.039179
15 0.724647 0.215485 0.024390 0.024254
15 0.763158 0.234142 0.024390 0.027985
15 0.864570 0.251866 0.032092 0.029851
15 0.849166 0.193097 0.024390 0.035448
15 0.821566 0.136194 0.025674 0.041045
15 0.911425 0.152052 0.033376 0.042910
15 0.955712 0.185634 0.029525 0.035448
15 0.977535 0.171642 0.024390 0.037313
15 0.345315 0.021455 0.025674 0.027985
15 0.405006 0.023321 0.034660 0.035448
15 0.074454 0.044776 0.041078 0.041045
15 0.189987 0.027985 0.035944 0.037313
15 0.170090 0.203358 0.029525 0.044776
15 0.220154 0.205224 0.026958 0.029851
15 0.008344 0.260261 0.014121 0.035448
15 0.037869 0.269590 0.029525 0.031716
15 0.053273 0.319030 0.042362 0.037313
15 0.028883 0.341418 0.024390 0.022388
15 0.028241 0.385261 0.041078 0.039179
15 0.116175 0.310634 0.032092 0.035448
15 0.146983 0.328358 0.024390 0.033582
15 0.249037 0.309701 0.025674 0.048507
15 0.216945 0.314366 0.028241 0.024254
15 0.224647 0.347948 0.028241 0.031716
15 0.301669 0.275187 0.017972 0.024254
15 0.409499 0.211754 0.023107 0.035448
15 0.360719 0.366604 0.028241 0.027985
15 0.369705 0.419776 0.043646 0.037313
15 0.386393 0.470149 0.033376 0.041045
15 0.189987 0.419776 0.048780 0.044776
15 0.175225 0.496269 0.042362 0.041045
15 0.125160 0.523321 0.039795 0.050373
15 0.077664 0.541045 0.021823 0.044776
15 0.053273 0.522388 0.024390 0.041045
15 0.062259 0.487873 0.050064 0.046642
15 0.036585 0.605410 0.039795 0.035448
15 0.057766 0.637127 0.030809 0.042910
15 0.070603 0.689366 0.025674 0.027985
15 0.094994 0.713619 0.028241 0.031716
15 0.116175 0.742537 0.029525 0.041045
15 0.052632 0.739739 0.035944 0.054104
15 0.017330 0.737873 0.026958 0.057836
15 0.014763 0.831157 0.024390 0.046642
15 0.040436 0.820896 0.034660 0.055970
15 0.062901 0.820896 0.028241 0.048507
15 0.118100 0.823694 0.030809 0.042910
15 0.173299 0.831157 0.043646 0.046642
15 0.197689 0.749067 0.025674 0.050373
15 0.251605 0.767724 0.025674 0.035448
15 0.275995 0.707090 0.025674 0.059701
15 0.301669 0.715485 0.028241 0.031716
15 0.243261 0.634328 0.026958 0.037313
15 0.323492 0.682836 0.028241 0.029851
15 0.389602 0.714552 0.026958 0.037313
15 0.369705 0.736940 0.025674 0.033582
15 0.388960 0.758396 0.033376 0.031716
15 0.392811 0.793843 0.030809 0.027985
15 0.295892 0.800373 0.026958 0.037313
15 0.166239 0.876866 0.029525 0.022388
15 0.136072 0.882463 0.033376 0.037313
15 0.110398 0.907649 0.025674 0.035448
15 0.238768 0.863806 0.056483 0.063433
15 0.317715 0.591418 0.039795 0.044776
15 0.426829 0.569030 0.042362 0.059701
15 0.437099 0.635261 0.021823 0.039179
15 0.511553 0.627799 0.034660 0.031716
15 0.464056 0.644590 0.026958 0.039179
15 0.483954 0.674440 0.025674 0.031716
15 0.438383 0.722948 0.029525 0.039179
15 0.516046 0.741604 0.041078 0.083955
15 0.571887 0.707090 0.029525 0.052239
15 0.657895 0.681903 0.026958 0.027985
15 0.697689 0.712687 0.029525 0.044776
15 0.718228 0.744403 0.029525 0.029851
15 0.664313 0.769590 0.037227 0.031716
15 0.650834 0.808769 0.025674 0.035448
15 0.695764 0.611940 0.025674 0.033582
15 0.683569 0.580224 0.021823 0.029851
15 0.622593 0.531716 0.028241 0.037313
15 0.650834 0.513993 0.028241 0.027985
15 0.525674 0.486940 0.026958 0.044776
15 0.546855 0.518657 0.035944 0.041045
15 0.566110 0.457090 0.017972 0.018657
15 0.699615 0.458022 0.030809 0.042910
15 0.760591 0.429104 0.039795 0.037313
15 0.685494 0.393657 0.033376 0.041045
15 0.713094 0.358209 0.037227 0.033582
15 0.957638 0.334888 0.025674 0.035448
15 0.951861 0.273321 0.021823 0.039179
15 0.899230 0.437500 0.032092 0.046642
15 0.856868 0.478545 0.037227 0.050373
15 0.924904 0.503731 0.026958 0.048507
15 0.969191 0.471082 0.025674 0.035448
15 0.981386 0.514925 0.021823 0.033582
15 0.898588 0.556903 0.015404 0.031716
15 0.876123 0.569963 0.034660 0.046642
15 0.800385 0.604478 0.029525 0.037313
15 0.781772 0.643657 0.030809 0.029851
15 0.820282 0.651119 0.033376 0.037313
15 0.802311 0.705224 0.023107 0.033582
15 0.821566 0.729478 0.035944 0.044776
15 0.779846 0.764925 0.034660 0.055970
15 0.930039 0.688433 0.026958 0.041045
15 0.962131 0.608209 0.024390 0.041045
15 0.978177 0.734142 0.025674 0.031716
15 0.974326 0.675373 0.017972 0.041045
