15 0.651911 0.033006 0.064386 0.051966
15 0.933602 0.047753 0.068410 0.036517
15 0.900402 0.121489 0.046278 0.040730
15 0.957746 0.108146 0.052314 0.019663
15 0.938632 0.136938 0.038229 0.029494
15 0.723340 0.264747 0.078471 0.035112
15 0.717304 0.296348 0.054326 0.042135
15 0.842052 0.344803 0.074447 0.040730
15 0.900402 0.271067 0.062374 0.053371
15 0.936620 0.222612 0.046278 0.037921
15 0.981891 0.271770 0.036217 0.040730
15 0.950704 0.405899 0.050302 0.036517
15 0.663984 0.417837 0.076459 0.037921
15 0.640845 0.358146 0.086519 0.044944
15 0.326962 0.370084 0.062374 0.032303
15 0.413481 0.373596 0.066398 0.033708
15 0.399396 0.415028 0.042254 0.026685
15 0.497988 0.410112 0.046278 0.030899
15 0.511066 0.449438 0.052314 0.036517
15 0.569416 0.490871 0.048290 0.037921
15 0.807847 0.514747 0.046278 0.026685
15 0.888330 0.485253 0.042254 0.035112
15 0.839034 0.543539 0.056338 0.039326
15 0.800805 0.582865 0.048290 0.039326
15 0.759557 0.627107 0.054326 0.037921
15 0.838028 0.633427 0.046278 0.036517
15 0.926559 0.607444 0.066398 0.032303
15 0.615694 0.561096 0.040241 0.037921
15 0.233400 0.167135 0.060362 0.033708
15 0.256539 0.101124 0.078471 0.036517
15 0.145875 0.245787 0.066398 0.030899
15 0.081489 0.174157 0.054326 0.028090
15 0.021127 0.391152 0.038229 0.035112
15 0.221328 0.422753 0.052314 0.019663
15 0.088531 0.509831 0.064386 0.033708
15 0.153924 0.520365 0.074447 0.037921
15 0.075453 0.537921 0.054326 0.025281
15 0.029175 0.511938 0.042254 0.049157
15 0.060362 0.589185 0.048290 0.040730
15 0.017103 0.582163 0.030181 0.023876
15 0.259557 0.554775 0.040241 0.036517
15 0.283702 0.525983 0.080483 0.054775
15 0.408451 0.548455 0.032193 0.029494
15 0.365191 0.556180 0.042254 0.028090
15 0.501006 0.594803 0.048290 0.032303
15 0.231388 0.606039 0.052314 0.037921
15 0.359155 0.670646 0.054326 0.037921
15 0.363179 0.625702 0.026157 0.015449
15 0.696177 0.748596 0.056338 0.033708
15 0.650905 0.698034 0.038229 0.025281
15 0.598592 0.686798 0.050302 0.028090
15 0.610664 0.707865 0.058350 0.022472
15 0.558350 0.745084 0.058350 0.026685
15 0.540241 0.717697 0.050302 0.025281
15 0.477867 0.725421 0.050302 0.032303
15 0.281690 0.739466 0.068410 0.018258
15 0.323944 0.790028 0.072435 0.040730
15 0.227364 0.773876 0.064386 0.028090
15 0.065392 0.743680 0.066398 0.026685
15 0.030181 0.810393 0.056338 0.033708
15 0.853119 0.688904 0.064386 0.032303
15 0.989940 0.690309 0.020121 0.015449
15 0.925553 0.764045 0.076459 0.053371
15 0.818913 0.785112 0.044266 0.039326
15 0.743461 0.809691 0.050302 0.035112
15 0.680080 0.843399 0.076459 0.046348
15 0.665996 0.799860 0.064386 0.046348
15 0.563380 0.804073 0.072435 0.043539
15 0.517103 0.835674 0.068410 0.044944
15 0.446680 0.844803 0.044266 0.026685
15 0.413481 0.795646 0.050302 0.035112
15 0.387324 0.870787 0.030181 0.033708
15 0.500000 0.883427 0.058350 0.033708
15 0.532193 0.920646 0.058350 0.037921
15 0.328974 0.936096 0.054326 0.037921
15 0.401408 0.924860 0.046278 0.015449
15 0.244467 0.831461 0.102616 0.036517
15 0.125755 0.876404 0.050302 0.025281
15 0.218310 0.896067 0.062374 0.030899
15 0.162978 0.967697 0.060362 0.036517
15 0.128773 0.945927 0.068410 0.046348
15 0.083501 0.979635 0.058350 0.040730
15 0.835010 0.912921 0.076459 0.036517
15 0.655936 0.933989 0.048290 0.025281
15 0.629779 0.902388 0.044266 0.023876
15 0.675050 0.889045 0.046278 0.022472
15 0.866197 0.865169 0.126761 0.056180
15 0.945674 0.843399 0.048290 0.023876
15 0.988934 0.835674 0.022133 0.036517
