15 0.078612 0.945985 0.063739 0.037956
15 0.074363 0.773723 0.046742 0.037956
15 0.017705 0.856934 0.032578 0.026277
15 0.013456 0.817518 0.024079 0.037956
15 0.014164 0.725547 0.025496 0.070073
15 0.049575 0.659124 0.036827 0.062774
15 0.150850 0.668613 0.049575 0.035036
15 0.022663 0.516788 0.042493 0.049635
15 0.113314 0.438686 0.042493 0.062774
15 0.058782 0.429197 0.052408 0.058394
15 0.074363 0.378832 0.024079 0.024818
15 0.140227 0.393431 0.028329 0.036496
15 0.066572 0.286131 0.065156 0.067153
15 0.080028 0.198540 0.058074 0.061314
15 0.264873 0.145255 0.039660 0.039416
15 0.348442 0.140876 0.039660 0.045255
15 0.383144 0.103650 0.060907 0.055474
15 0.420680 0.189051 0.062323 0.065693
15 0.417139 0.265693 0.043909 0.046715
15 0.361190 0.291241 0.056657 0.051095
15 0.441218 0.381022 0.049575 0.043796
15 0.424929 0.421168 0.048159 0.039416
15 0.324363 0.483212 0.050992 0.029197
15 0.322946 0.550365 0.050992 0.043796
15 0.194759 0.496350 0.055241 0.040876
15 0.175637 0.550365 0.045326 0.035036
15 0.358357 0.610219 0.067989 0.037956
15 0.298159 0.689051 0.046742 0.037956
15 0.235836 0.772993 0.046742 0.033577
15 0.145892 0.798540 0.053824 0.035036
15 0.262748 0.839416 0.060907 0.067153
15 0.280453 0.915328 0.056657 0.052555
15 0.407224 0.885401 0.066572 0.065693
15 0.510623 0.957664 0.052408 0.058394
15 0.428470 0.798540 0.038244 0.040876
15 0.340652 0.788321 0.055241 0.040876
15 0.422096 0.701460 0.042493 0.039416
15 0.461048 0.727737 0.049575 0.045255
15 0.542493 0.728467 0.033994 0.035036
15 0.621813 0.721168 0.036827 0.037956
15 0.592068 0.778102 0.036827 0.029197
15 0.604108 0.875182 0.038244 0.036496
15 0.609773 0.830657 0.038244 0.040876
15 0.665722 0.828467 0.053824 0.074453
15 0.720963 0.845985 0.048159 0.059854
15 0.776912 0.835766 0.049575 0.054015
15 0.708924 0.721898 0.052408 0.045255
15 0.637394 0.610949 0.039660 0.045255
15 0.553116 0.624818 0.060907 0.026277
15 0.546742 0.562774 0.048159 0.045255
15 0.490793 0.512409 0.035411 0.032117
15 0.561615 0.467883 0.052408 0.042336
15 0.551700 0.404380 0.046742 0.043796
15 0.604816 0.397080 0.059490 0.052555
15 0.662890 0.362044 0.042493 0.040876
15 0.595609 0.336496 0.049575 0.027737
15 0.594901 0.290511 0.053824 0.029197
15 0.595609 0.239416 0.035411 0.035036
15 0.644476 0.265693 0.039660 0.046715
15 0.614023 0.189781 0.041076 0.043796
15 0.519830 0.204380 0.039660 0.032117
15 0.519830 0.318978 0.056657 0.039416
15 0.589235 0.056934 0.048159 0.061314
15 0.504958 0.103650 0.041076 0.035036
15 0.466714 0.122628 0.046742 0.040876
15 0.423513 0.035036 0.048159 0.035036
15 0.126771 0.118248 0.058074 0.037956
15 0.023371 0.086861 0.043909 0.039416
15 0.052408 0.044526 0.036827 0.027737
15 0.766997 0.607299 0.026912 0.032117
15 0.720255 0.462044 0.077904 0.068613
15 0.720255 0.932117 0.029745 0.027737
15 0.690510 0.932117 0.035411 0.030657
15 0.648017 0.935766 0.032578 0.032117
15 0.604108 0.948905 0.026912 0.032117
15 0.868980 0.052555 0.024079 0.029197
15 0.841360 0.182482 0.039660 0.023358
15 0.932011 0.240146 0.036827 0.042336
15 0.929887 0.182482 0.026912 0.029197
15 0.888810 0.274453 0.032578 0.032117
15 0.942635 0.363504 0.026912 0.037956
15 0.976629 0.339416 0.046742 0.056934
15 0.966006 0.462044 0.067989 0.068613
