15 0.267974 0.876238 0.047930 0.056106
15 0.295207 0.965347 0.028322 0.033003
15 0.071351 0.928218 0.022876 0.028053
15 0.015251 0.888614 0.028322 0.037954
15 0.021242 0.690594 0.040305 0.080858
15 0.113834 0.514851 0.055556 0.072607
15 0.071895 0.191419 0.076253 0.095710
15 0.211329 0.106436 0.065359 0.077558
15 0.339869 0.140264 0.043573 0.069307
15 0.535948 0.202145 0.061002 0.070957
15 0.246187 0.383663 0.030501 0.034653
15 0.509804 0.616337 0.028322 0.051155
15 0.462418 0.584983 0.027233 0.044554
15 0.439542 0.541254 0.031590 0.046205
15 0.451525 0.837459 0.040305 0.064356
15 0.562092 0.890264 0.028322 0.047855
15 0.631264 0.975248 0.031590 0.049505
15 0.688998 0.647690 0.033769 0.041254
15 0.741285 0.684818 0.029412 0.026403
15 0.717320 0.786304 0.025054 0.037954
15 0.721678 0.840759 0.025054 0.047855
15 0.803377 0.878713 0.033769 0.054455
15 0.824074 0.781353 0.029412 0.037954
15 0.980937 0.931518 0.029412 0.051155
15 0.928105 0.702145 0.030501 0.034653
15 0.953159 0.672442 0.032680 0.028053
15 0.947168 0.628713 0.018519 0.033003
15 0.963508 0.604785 0.031590 0.044554
15 0.785948 0.627888 0.044662 0.054455
15 0.811547 0.582508 0.023965 0.046205
15 0.926471 0.548680 0.029412 0.024752
15 0.900871 0.509901 0.041394 0.039604
15 0.881808 0.459571 0.033769 0.037954
15 0.796841 0.405941 0.040305 0.033003
15 0.841503 0.355611 0.038126 0.031353
15 0.829521 0.321782 0.033769 0.026403
15 0.910675 0.374587 0.041394 0.075908
15 0.788671 0.259076 0.028322 0.046205
15 0.803922 0.165017 0.028322 0.039604
15 0.813181 0.091584 0.025054 0.037954
15 0.861111 0.088284 0.035948 0.044554
15 0.680828 0.254950 0.026144 0.041254
15 0.574619 0.342409 0.035948 0.031353
15 0.552832 0.297030 0.038126 0.036304
15 0.620915 0.188119 0.017429 0.029703
15 0.709695 0.083333 0.038126 0.051155
15 0.840414 0.014026 0.033769 0.024752
15 0.585512 0.755776 0.038126 0.039604
15 0.346950 0.702145 0.027233 0.031353
