15 0.979885 0.745020 0.040230 0.074369
15 0.881226 0.765604 0.034483 0.030544
15 0.882184 0.739044 0.051724 0.022576
15 0.695402 0.989376 0.049808 0.021248
15 0.671456 0.950199 0.051724 0.025232
15 0.715517 0.938247 0.047893 0.027888
15 0.847701 0.871846 0.067050 0.038513
15 0.390805 0.977424 0.072797 0.018592
15 0.449234 0.943559 0.063218 0.035857
15 0.457854 0.881806 0.049808 0.034529
15 0.589080 0.820053 0.040230 0.030544
15 0.622605 0.886454 0.053640 0.035857
15 0.702107 0.835325 0.051724 0.034529
15 0.560345 0.720452 0.047893 0.035857
15 0.659004 0.689907 0.068966 0.035857
15 0.326628 0.809429 0.059387 0.030544
15 0.343870 0.758964 0.067050 0.033201
15 0.292146 0.682603 0.044061 0.039841
15 0.213602 0.673971 0.044061 0.038513
15 0.076628 0.934927 0.053640 0.042497
15 0.045977 0.871846 0.045977 0.038513
15 0.543103 0.614874 0.116858 0.063745
15 0.715517 0.549137 0.070881 0.046481
15 0.667625 0.506640 0.051724 0.027888
15 0.890805 0.629482 0.049808 0.031873
15 0.963602 0.607570 0.057471 0.025232
15 0.940613 0.557105 0.038314 0.025232
15 0.972222 0.521248 0.055556 0.030544
15 0.988506 0.437583 0.022989 0.030544
15 0.878352 0.426295 0.044061 0.031873
15 0.841954 0.439575 0.067050 0.042497
15 0.773946 0.452855 0.091954 0.042497
15 0.708812 0.469456 0.084291 0.030544
15 0.614943 0.442895 0.061303 0.033201
15 0.475096 0.480744 0.057471 0.029216
15 0.326628 0.529880 0.044061 0.029216
15 0.287356 0.554449 0.057471 0.025232
15 0.282567 0.583665 0.051724 0.027888
15 0.208812 0.559097 0.049808 0.031873
15 0.204981 0.509296 0.065134 0.041169
15 0.200192 0.431607 0.040230 0.026560
15 0.250000 0.422975 0.047893 0.030544
15 0.308429 0.430943 0.038314 0.027888
15 0.363027 0.421647 0.036398 0.030544
15 0.475096 0.415671 0.065134 0.047809
15 0.564176 0.409031 0.040230 0.026560
15 0.694444 0.344622 0.059387 0.033201
15 0.789272 0.341301 0.042146 0.029216
15 0.772031 0.219788 0.076628 0.043825
15 0.779693 0.139442 0.045977 0.021248
15 0.594828 0.152722 0.059387 0.026560
15 0.656130 0.027888 0.059387 0.031873
15 0.568008 0.014608 0.067050 0.026560
15 0.467433 0.063081 0.038314 0.025232
15 0.412835 0.095618 0.055556 0.031873
15 0.304598 0.111554 0.049808 0.026560
15 0.340038 0.152058 0.028736 0.019920
15 0.375479 0.161355 0.034483 0.022576
15 0.432950 0.188579 0.030651 0.013280
15 0.359195 0.229084 0.086207 0.038513
15 0.345785 0.270916 0.055556 0.037185
15 0.404215 0.281541 0.034483 0.031873
15 0.447318 0.278884 0.044061 0.045153
15 0.463602 0.345950 0.068966 0.027888
15 0.399425 0.347278 0.040230 0.030544
15 0.286398 0.339309 0.055556 0.033201
15 0.223180 0.373174 0.040230 0.031873
15 0.174330 0.392430 0.049808 0.019920
15 0.159962 0.304117 0.063218 0.034529
15 0.212644 0.319389 0.042146 0.030544
15 0.266284 0.282205 0.053640 0.027888
15 0.236590 0.185259 0.063218 0.049137
15 0.302682 0.178619 0.038314 0.033201
15 0.215517 0.096282 0.051724 0.027888
15 0.148467 0.125498 0.051724 0.017264
15 0.099617 0.059097 0.045977 0.030544
15 0.045019 0.145418 0.074713 0.049137
15 0.103448 0.227092 0.095785 0.066401
15 0.104406 0.418327 0.082375 0.050465
15 0.118774 0.486720 0.057471 0.038513
