15 0.828333 0.848214 0.043333 0.053571
15 0.563333 0.946429 0.033333 0.059524
15 0.698333 0.776786 0.043333 0.065476
15 0.643333 0.729167 0.053333 0.065476
15 0.643333 0.627976 0.040000 0.089286
15 0.700000 0.666667 0.033333 0.059524
15 0.730000 0.633929 0.026667 0.041667
15 0.973333 0.949405 0.053333 0.053571
15 0.566667 0.514881 0.033333 0.041667
15 0.463333 0.610119 0.033333 0.053571
15 0.248333 0.562500 0.050000 0.041667
15 0.153333 0.535714 0.053333 0.047619
15 0.240000 0.473214 0.033333 0.065476
15 0.495000 0.267857 0.036667 0.047619
15 0.551667 0.291667 0.030000 0.047619
15 0.641667 0.345238 0.043333 0.047619
15 0.716667 0.315476 0.040000 0.059524
15 0.303333 0.267857 0.053333 0.059524
15 0.411667 0.145833 0.056667 0.065476
