15 0.041204 0.809633 0.025357 0.029052
15 0.107765 0.797401 0.038035 0.035168
15 0.185420 0.803517 0.041204 0.035168
15 0.233756 0.776758 0.039620 0.024465
15 0.305864 0.787462 0.044374 0.039755
15 0.422345 0.887615 0.033281 0.025994
15 0.434231 0.957951 0.047544 0.038226
15 0.557845 0.942661 0.050713 0.029052
15 0.624406 0.940367 0.050713 0.030581
15 0.631537 0.961774 0.017433 0.024465
15 0.808241 0.803517 0.041204 0.029052
15 0.782884 0.897554 0.047544 0.036697
15 0.896197 0.901376 0.039620 0.038226
15 0.924723 0.854740 0.052298 0.036697
15 0.614897 0.779052 0.050713 0.029052
15 0.576862 0.603211 0.085578 0.090214
15 0.753566 0.707951 0.055468 0.036697
15 0.804279 0.677370 0.052298 0.039755
15 0.877179 0.723242 0.039620 0.064220
15 0.709192 0.655199 0.039620 0.029052
15 0.749604 0.609327 0.063391 0.050459
15 0.667195 0.490826 0.066561 0.036697
15 0.651347 0.393731 0.038035 0.032110
15 0.567353 0.340979 0.050713 0.051988
15 0.717908 0.334098 0.034865 0.035168
15 0.207607 0.441131 0.044374 0.035168
15 0.132330 0.478593 0.036450 0.036697
15 0.092710 0.398318 0.045959 0.035168
15 0.080824 0.350153 0.034865 0.042813
15 0.140254 0.340979 0.023772 0.027523
15 0.328843 0.342508 0.049128 0.039755
15 0.526149 0.259939 0.044374 0.036697
15 0.248811 0.228593 0.050713 0.050459
15 0.097464 0.120795 0.055468 0.036697
15 0.336767 0.087156 0.039620 0.024465
15 0.420761 0.110092 0.039620 0.036697
15 0.499208 0.101682 0.034865 0.038226
15 0.692552 0.181193 0.034865 0.029052
15 0.948494 0.119266 0.036450 0.030581
