15 0.639901 0.964798 0.071192 0.052151
15 0.948675 0.964798 0.082781 0.044329
15 0.880795 0.863755 0.052980 0.040417
15 0.572848 0.914602 0.066225 0.043025
15 0.395695 0.923077 0.109272 0.054759
15 0.170530 0.874837 0.076159 0.031291
15 0.280629 0.899609 0.051325 0.018253
15 0.325331 0.968709 0.044702 0.026076
15 0.380795 0.820730 0.082781 0.045632
15 0.901490 0.755541 0.071192 0.040417
15 0.797185 0.651239 0.061258 0.040417
15 0.561258 0.680574 0.059603 0.033898
15 0.533940 0.715776 0.044702 0.028683
15 0.442053 0.653194 0.062914 0.059974
15 0.286424 0.717731 0.056291 0.037810
15 0.176325 0.702086 0.057947 0.024772
15 0.119205 0.669492 0.046358 0.032595
15 0.141556 0.749022 0.044702 0.037810
15 0.103477 0.772490 0.031457 0.019557
15 0.084437 0.800522 0.046358 0.028683
15 0.170530 0.627119 0.043046 0.046936
15 0.206126 0.608214 0.041391 0.043025
15 0.346854 0.601043 0.057947 0.036506
15 0.346026 0.561278 0.052980 0.043025
15 0.266556 0.518253 0.069536 0.048240
15 0.187086 0.453716 0.056291 0.049544
15 0.130795 0.406780 0.062914 0.054759
15 0.524007 0.527379 0.057947 0.043025
15 0.637417 0.555411 0.062914 0.052151
15 0.947848 0.589309 0.057947 0.028683
15 0.821192 0.550196 0.046358 0.041721
15 0.947848 0.529335 0.024834 0.020860
15 0.979305 0.548892 0.031457 0.020860
15 0.641556 0.676010 0.051325 0.027379
15 0.826987 0.441330 0.057947 0.032595
15 0.942053 0.417862 0.046358 0.037810
15 0.718543 0.438070 0.046358 0.023468
15 0.641556 0.408735 0.048013 0.037810
15 0.774834 0.365711 0.069536 0.058670
15 0.964404 0.313559 0.048013 0.029987
15 0.467715 0.377445 0.071192 0.035202
15 0.447848 0.464798 0.071192 0.061278
15 0.106788 0.316819 0.081126 0.054759
15 0.351821 0.327249 0.024834 0.033898
15 0.404801 0.315515 0.041391 0.028683
15 0.463576 0.300522 0.043046 0.029987
15 0.617550 0.226858 0.056291 0.039113
15 0.484272 0.226858 0.048013 0.036506
15 0.413907 0.180574 0.052980 0.035202
15 0.336921 0.176010 0.061258 0.046936
15 0.201987 0.198175 0.052980 0.036506
15 0.117550 0.191004 0.046358 0.043025
15 0.083609 0.059322 0.084437 0.063885
15 0.286424 0.074316 0.052980 0.049544
15 0.399834 0.116688 0.094371 0.069100
15 0.660596 0.076271 0.052980 0.037810
15 0.594371 0.110821 0.052980 0.020860
15 0.639901 0.140156 0.044702 0.027379
15 0.761589 0.117340 0.036424 0.020860
15 0.827815 0.110169 0.026490 0.032595
15 0.860927 0.082138 0.059603 0.046936
15 0.913079 0.057366 0.064570 0.049544
15 0.972682 0.020860 0.054636 0.031291
15 0.857616 0.197523 0.026490 0.029987
15 0.905629 0.162321 0.043046 0.027379
15 0.976821 0.153194 0.029801 0.029987
