15 0.039394 0.946809 0.074747 0.053191
15 0.230303 0.695922 0.060606 0.051418
15 0.151515 0.662234 0.028283 0.030142
15 0.039394 0.551418 0.074747 0.070922
15 0.290909 0.412234 0.064646 0.033688
15 0.230303 0.474291 0.060606 0.040780
15 0.077778 0.475177 0.074747 0.049645
15 0.033333 0.040780 0.062626 0.035461
15 0.138384 0.029255 0.038384 0.033688
15 0.203030 0.052305 0.046465 0.040780
15 0.559596 0.138298 0.068687 0.049645
15 0.485859 0.365248 0.066667 0.081560
15 0.552525 0.401596 0.042424 0.033688
15 0.324242 0.358156 0.058586 0.060284
15 0.682828 0.357270 0.064646 0.054965
15 0.582828 0.303191 0.086869 0.060284
15 0.660606 0.389184 0.044444 0.040780
15 0.416162 0.122340 0.040404 0.024823
15 0.922222 0.381206 0.074747 0.053191
15 0.844444 0.304965 0.056566 0.046099
15 0.625253 0.644504 0.066667 0.065603
15 0.508081 0.620567 0.066667 0.053191
15 0.431313 0.587766 0.062626 0.058511
15 0.410101 0.476950 0.048485 0.039007
15 0.424242 0.837766 0.056566 0.040780
15 0.514141 0.859929 0.074747 0.046099
15 0.501010 0.903369 0.064646 0.051418
15 0.789899 0.901596 0.044444 0.033688
15 0.863636 0.891844 0.034343 0.031915
15 0.819192 0.939716 0.054545 0.035461
15 0.289899 0.969858 0.034343 0.035461
15 0.948485 0.663121 0.026263 0.039007
