15 0.689223 0.889807 0.065163 0.055096
15 0.773183 0.860882 0.052632 0.041322
15 0.932331 0.869146 0.045113 0.035813
15 0.556391 0.953168 0.050125 0.038567
15 0.404762 0.867769 0.052632 0.044077
15 0.358396 0.812672 0.085213 0.071625
15 0.491228 0.782369 0.050125 0.049587
15 0.610276 0.756198 0.062657 0.063361
15 0.540100 0.659780 0.032581 0.041322
15 0.568922 0.612948 0.060150 0.068871
15 0.719298 0.578512 0.035088 0.033058
15 0.818296 0.607438 0.057644 0.063361
15 0.789474 0.681818 0.075188 0.052342
15 0.516291 0.548209 0.065163 0.038567
15 0.680451 0.453168 0.057644 0.057851
15 0.403509 0.490358 0.065163 0.049587
15 0.260652 0.614325 0.055138 0.049587
15 0.139098 0.688705 0.052632 0.044077
15 0.244361 0.758953 0.052632 0.052342
15 0.263158 0.834711 0.060150 0.044077
15 0.048872 0.756198 0.047619 0.046832
15 0.095238 0.534435 0.050125 0.055096
15 0.157895 0.486226 0.060150 0.052342
15 0.057644 0.436639 0.055138 0.046832
15 0.087719 0.274105 0.040100 0.046832
15 0.234336 0.308540 0.047619 0.044077
15 0.537594 0.286501 0.067669 0.071625
15 0.588972 0.238292 0.045113 0.052342
15 0.474937 0.177686 0.062657 0.035813
15 0.334586 0.235537 0.052632 0.035813
15 0.304511 0.188705 0.067669 0.063361
15 0.234336 0.191460 0.037594 0.041322
15 0.026316 0.207989 0.047619 0.057851
15 0.137845 0.044077 0.025063 0.055096
15 0.378446 0.023416 0.050125 0.030303
15 0.399749 0.073003 0.057644 0.046832
