15 0.252732 0.902027 0.073770 0.060811
15 0.191257 0.882883 0.049180 0.036036
15 0.181694 0.792793 0.046448 0.040541
15 0.346995 0.836712 0.060109 0.038288
15 0.397541 0.894144 0.057377 0.045045
15 0.441257 0.819820 0.079235 0.045045
15 0.210383 0.648649 0.076503 0.049550
15 0.252732 0.618243 0.079235 0.047297
15 0.474044 0.573198 0.073770 0.047297
15 0.144809 0.500000 0.098361 0.063063
15 0.215847 0.441441 0.054645 0.036036
15 0.211749 0.387387 0.040984 0.040541
15 0.260929 0.409910 0.051913 0.031532
15 0.788251 0.761261 0.062842 0.031532
15 0.939891 0.717342 0.043716 0.038288
15 0.856557 0.836712 0.030055 0.029279
15 0.711749 0.506757 0.040984 0.031532
15 0.800546 0.425676 0.060109 0.058559
15 0.560109 0.382883 0.076503 0.049550
15 0.527322 0.325450 0.043716 0.038288
15 0.389344 0.343468 0.046448 0.038288
15 0.024590 0.292793 0.043716 0.027027
15 0.021858 0.186937 0.038251 0.045045
15 0.054645 0.161036 0.060109 0.029279
15 0.247268 0.210586 0.073770 0.047297
15 0.397541 0.222973 0.073770 0.040541
15 0.446721 0.207207 0.051913 0.045045
15 0.599727 0.291667 0.068306 0.047297
15 0.666667 0.305180 0.043716 0.042793
15 0.717213 0.287162 0.073770 0.042793
15 0.644809 0.222973 0.081967 0.058559
15 0.726776 0.343468 0.060109 0.047297
15 0.852459 0.320946 0.060109 0.038288
15 0.912568 0.110360 0.065574 0.063063
15 0.830601 0.063063 0.054645 0.040541
15 0.556011 0.078829 0.068306 0.040541
15 0.524590 0.153153 0.065574 0.027027
15 0.453552 0.131757 0.054645 0.029279
15 0.366120 0.172297 0.032787 0.020270
15 0.333333 0.082207 0.043716 0.038288
15 0.142077 0.033784 0.076503 0.040541
15 0.233607 0.016892 0.122951 0.029279
