15 0.058929 0.886994 0.039286 0.055437
15 0.119643 0.858209 0.046429 0.040512
15 0.255357 0.880597 0.050000 0.034115
15 0.011607 0.690832 0.019643 0.063966
15 0.181250 0.459488 0.044643 0.053305
15 0.244643 0.525586 0.046429 0.053305
15 0.322321 0.510661 0.044643 0.057569
15 0.460714 0.826226 0.039286 0.031983
15 0.504464 0.648188 0.037500 0.051173
15 0.704464 0.840085 0.037500 0.051173
15 0.678571 0.773987 0.032143 0.029851
15 0.704464 0.692964 0.041071 0.055437
15 0.641964 0.585288 0.044643 0.057569
15 0.810714 0.618337 0.057143 0.089552
15 0.904464 0.683369 0.051786 0.053305
15 0.928571 0.653518 0.035714 0.040512
15 0.925893 0.539446 0.033929 0.046908
15 0.900893 0.353945 0.044643 0.046908
15 0.842857 0.125800 0.035714 0.059701
15 0.770536 0.076759 0.033929 0.042644
15 0.660714 0.015991 0.071429 0.027719
15 0.079464 0.313433 0.055357 0.042644
15 0.106250 0.275053 0.041071 0.063966
15 0.166071 0.188699 0.025000 0.053305
15 0.065179 0.066098 0.026786 0.029851
15 0.026786 0.039446 0.032143 0.031983
15 0.366964 0.239872 0.055357 0.057569
15 0.247321 0.356077 0.058929 0.055437
15 0.375893 0.396588 0.048214 0.059701
15 0.418750 0.372068 0.037500 0.031983
15 0.478571 0.210021 0.028571 0.044776
15 0.571429 0.454158 0.039286 0.034115
15 0.889286 0.885928 0.035714 0.036247
15 0.067857 0.534115 0.039286 0.040512
15 0.078571 0.458422 0.032143 0.038380
15 0.261607 0.077825 0.041071 0.040512
15 0.200000 0.025586 0.032143 0.034115
15 0.653571 0.443497 0.046429 0.046908
15 0.722321 0.417910 0.041071 0.046908
15 0.572321 0.267591 0.044643 0.044776
15 0.755357 0.228145 0.032143 0.038380
15 0.696429 0.213220 0.039286 0.042644
