15 0.484467 0.976821 0.034024 0.046358
15 0.425296 0.930464 0.060651 0.055188
15 0.266272 0.984547 0.032544 0.030905
15 0.230769 0.974614 0.044379 0.046358
15 0.181213 0.933775 0.031065 0.048565
15 0.207101 0.913907 0.029586 0.039735
15 0.239645 0.878587 0.023669 0.026490
15 0.289201 0.912804 0.039941 0.037528
15 0.126479 0.898455 0.031065 0.039735
15 0.102071 0.792494 0.023669 0.035320
15 0.088018 0.725166 0.025148 0.046358
15 0.066568 0.672185 0.026627 0.046358
15 0.085799 0.655629 0.020710 0.048565
15 0.114645 0.643488 0.022189 0.033113
15 0.132396 0.672185 0.019231 0.033113
15 0.194527 0.665563 0.022189 0.037528
15 0.232988 0.745033 0.028107 0.033113
15 0.284763 0.731788 0.025148 0.028698
15 0.286243 0.836645 0.022189 0.030905
15 0.378698 0.827815 0.035503 0.030905
15 0.338018 0.758278 0.034024 0.037528
15 0.328402 0.645695 0.047337 0.050773
15 0.409763 0.666667 0.035503 0.035320
15 0.406065 0.631347 0.028107 0.022075
15 0.444527 0.676600 0.048817 0.059603
15 0.587278 0.782561 0.065089 0.077263
15 0.610207 0.897351 0.025148 0.033113
15 0.661982 0.868653 0.022189 0.028698
15 0.740385 0.842163 0.028107 0.041943
15 0.775148 0.812362 0.032544 0.048565
15 0.729290 0.906181 0.029586 0.024283
15 0.725592 0.962472 0.025148 0.035320
15 0.906065 0.979029 0.025148 0.037528
15 0.877959 0.889625 0.031065 0.048565
15 0.913462 0.828918 0.019231 0.033113
15 0.926775 0.821192 0.022189 0.035320
15 0.946746 0.753863 0.023669 0.037528
15 0.822485 0.725166 0.038462 0.028698
15 0.676036 0.677704 0.032544 0.039735
15 0.684172 0.763797 0.022189 0.039735
15 0.620562 0.705298 0.048817 0.033113
15 0.617604 0.669978 0.034024 0.041943
15 0.590976 0.633554 0.034024 0.039735
15 0.472633 0.556291 0.028107 0.044150
15 0.617604 0.562914 0.036982 0.039735
15 0.664941 0.552980 0.031065 0.041943
15 0.741864 0.564018 0.042899 0.046358
15 0.769970 0.486755 0.034024 0.046358
15 0.897929 0.578366 0.053254 0.079470
15 0.948964 0.575055 0.048817 0.050773
15 0.519231 0.458057 0.053254 0.050773
15 0.573964 0.402870 0.026627 0.037528
15 0.589497 0.359823 0.028107 0.039735
15 0.528107 0.343267 0.038462 0.046358
15 0.249260 0.565121 0.078402 0.061810
15 0.187130 0.512141 0.031065 0.052980
15 0.135355 0.505519 0.028107 0.039735
15 0.068047 0.551876 0.029586 0.048565
15 0.037722 0.566225 0.028107 0.046358
15 0.009615 0.640177 0.016272 0.075055
15 0.019231 0.491170 0.035503 0.121413
15 0.138314 0.371965 0.028107 0.037528
15 0.202663 0.405077 0.026627 0.033113
15 0.295858 0.387417 0.026627 0.033113
15 0.270710 0.418322 0.026627 0.028698
15 0.351331 0.418322 0.031065 0.033113
15 0.402367 0.348786 0.023669 0.030905
15 0.252959 0.251656 0.038462 0.048565
15 0.229290 0.288079 0.029586 0.041943
15 0.180473 0.315673 0.035503 0.035320
15 0.159024 0.347682 0.028107 0.041943
15 0.030325 0.311258 0.028107 0.035320
15 0.068047 0.286976 0.020710 0.035320
15 0.022189 0.210817 0.032544 0.028698
15 0.036243 0.185430 0.034024 0.035320
15 0.042899 0.152318 0.023669 0.026490
15 0.108728 0.141280 0.025148 0.035320
15 0.145710 0.061810 0.078402 0.061810
15 0.227811 0.120309 0.035503 0.033113
15 0.189349 0.169978 0.023669 0.030905
15 0.242604 0.179912 0.023669 0.019868
15 0.267012 0.205298 0.019231 0.017660
15 0.296598 0.157837 0.025148 0.046358
15 0.336538 0.142384 0.036982 0.055188
15 0.384615 0.078366 0.023669 0.028698
15 0.403107 0.137969 0.022189 0.037528
15 0.424556 0.144592 0.020710 0.028698
15 0.437130 0.178808 0.028107 0.030905
15 0.415680 0.206402 0.026627 0.024283
15 0.433432 0.268212 0.038462 0.046358
15 0.474852 0.301325 0.017751 0.028698
15 0.452663 0.313466 0.020710 0.026490
15 0.502219 0.160044 0.036982 0.041943
15 0.494083 0.093819 0.026627 0.037528
15 0.449704 0.093819 0.035503 0.050773
15 0.553254 0.086093 0.026627 0.044150
15 0.576923 0.087196 0.020710 0.046358
15 0.635355 0.285872 0.022189 0.046358
15 0.664201 0.293598 0.026627 0.044150
15 0.674556 0.339956 0.026627 0.039735
15 0.712278 0.369757 0.022189 0.033113
15 0.745562 0.377483 0.029586 0.039735
15 0.783284 0.381898 0.016272 0.035320
15 0.821006 0.379691 0.029586 0.035320
15 0.875000 0.369757 0.025148 0.046358
15 0.756657 0.260486 0.039941 0.052980
15 0.732988 0.215232 0.022189 0.037528
15 0.761834 0.123620 0.023669 0.039735
15 0.941568 0.108168 0.025148 0.035320
15 0.959320 0.214128 0.036982 0.052980
15 0.843935 0.240618 0.022189 0.035320
15 0.912722 0.256071 0.029586 0.061810
15 0.358728 0.566225 0.028107 0.037528
