15 0.088403 0.072205 0.039924 0.035714
15 0.053232 0.023292 0.038023 0.027950
15 0.122624 0.012422 0.062738 0.021739
15 0.190114 0.043478 0.041825 0.034161
15 0.230989 0.017857 0.028517 0.020186
15 0.307985 0.045807 0.034221 0.017081
15 0.280418 0.069876 0.043726 0.031056
15 0.235741 0.082298 0.030418 0.024845
15 0.238593 0.121894 0.047529 0.026398
15 0.344106 0.079969 0.034221 0.020186
15 0.349810 0.116460 0.030418 0.027950
15 0.402091 0.114907 0.039924 0.037267
15 0.436312 0.095497 0.043726 0.035714
15 0.512357 0.037267 0.043726 0.034161
15 0.673954 0.026398 0.062738 0.049689
15 0.151141 0.250000 0.047529 0.024845
15 0.264259 0.238354 0.038023 0.020186
15 0.286122 0.273292 0.032319 0.024845
15 0.112167 0.355590 0.038023 0.024845
15 0.059886 0.288820 0.039924 0.027950
15 0.049430 0.331522 0.030418 0.045031
15 0.211027 0.397516 0.068441 0.052795
15 0.122624 0.430901 0.058935 0.029503
15 0.148289 0.585404 0.038023 0.027950
15 0.263308 0.702640 0.066540 0.048137
15 0.228137 0.661491 0.045627 0.027950
15 0.231939 0.577640 0.053232 0.031056
15 0.307985 0.611801 0.045627 0.021739
15 0.309886 0.838509 0.034221 0.031056
15 0.300380 0.941770 0.057034 0.045031
15 0.232890 0.966615 0.039924 0.023292
15 0.822243 0.054348 0.032319 0.027950
15 0.525665 0.256211 0.024715 0.024845
15 0.432510 0.277174 0.039924 0.032609
15 0.477186 0.274845 0.030418 0.021739
15 0.500000 0.298913 0.041825 0.020186
15 0.521863 0.309783 0.028517 0.020186
15 0.567490 0.297360 0.020913 0.023292
15 0.597909 0.306677 0.024715 0.013975
15 0.494297 0.352484 0.030418 0.024845
15 0.382129 0.348602 0.053232 0.023292
15 0.360266 0.321429 0.032319 0.024845
15 0.328897 0.322981 0.038023 0.021739
15 0.269011 0.321429 0.036122 0.018634
15 0.263308 0.359472 0.032319 0.023292
15 0.297529 0.437888 0.047529 0.027950
15 0.351711 0.403727 0.038023 0.037267
15 0.386882 0.406832 0.039924 0.027950
15 0.442966 0.495342 0.045627 0.040373
15 0.358365 0.514752 0.028517 0.023292
15 0.405894 0.517081 0.032319 0.027950
15 0.355513 0.470497 0.026616 0.021739
15 0.394487 0.470497 0.032319 0.027950
15 0.423004 0.437888 0.039924 0.018634
15 0.527567 0.487578 0.036122 0.031056
15 0.561787 0.479037 0.028517 0.038820
15 0.591255 0.475932 0.030418 0.035714
15 0.520913 0.424689 0.041825 0.026398
15 0.529468 0.396739 0.032319 0.017081
15 0.558935 0.423913 0.026616 0.024845
15 0.575095 0.372671 0.028517 0.031056
15 0.604563 0.355590 0.034221 0.031056
15 0.627376 0.328416 0.030418 0.023292
15 0.669202 0.357919 0.022814 0.026398
15 0.695817 0.352484 0.038023 0.031056
15 0.692015 0.319876 0.022814 0.027950
15 0.715779 0.306677 0.032319 0.026398
15 0.664449 0.259317 0.024715 0.037267
15 0.693916 0.256211 0.034221 0.034161
15 0.503802 0.592391 0.038023 0.020186
15 0.436312 0.854037 0.066540 0.034161
15 0.423004 0.780280 0.051331 0.048137
15 0.419202 0.718944 0.043726 0.046584
15 0.448669 0.659938 0.041825 0.031056
15 0.499049 0.703416 0.036122 0.024845
15 0.565589 0.590062 0.024715 0.031056
15 0.596008 0.552019 0.039924 0.045031
15 0.718631 0.519410 0.038023 0.029503
15 0.668251 0.441770 0.028517 0.038820
15 0.693916 0.410714 0.034221 0.032609
15 0.729087 0.405280 0.039924 0.034161
15 0.758555 0.376553 0.041825 0.026398
15 0.835551 0.303571 0.047529 0.051242
15 0.904943 0.256211 0.049430 0.031056
15 0.878327 0.238354 0.034221 0.020186
15 0.894487 0.318323 0.036122 0.037267
15 0.951521 0.344720 0.043726 0.031056
15 0.932510 0.371894 0.047529 0.035714
15 0.843156 0.372671 0.039924 0.031056
15 0.803232 0.395186 0.036122 0.026398
15 0.806084 0.427019 0.068441 0.034161
15 0.917300 0.413043 0.055133 0.040373
15 0.922053 0.466615 0.049430 0.057453
15 0.826046 0.478261 0.039924 0.027950
15 0.784221 0.478261 0.032319 0.027950
15 0.866920 0.475155 0.038023 0.034161
15 0.856464 0.545807 0.047529 0.032609
15 0.934411 0.603261 0.039924 0.035714
15 0.750951 0.559006 0.053232 0.024845
15 0.666350 0.594720 0.020913 0.024845
15 0.693916 0.585404 0.030418 0.027950
15 0.773764 0.591615 0.038023 0.015528
15 0.712928 0.617236 0.038023 0.023292
15 0.739544 0.687112 0.076046 0.045031
15 0.611217 0.657609 0.047529 0.035714
15 0.575095 0.681677 0.051331 0.046584
15 0.634981 0.698758 0.072243 0.034161
15 0.926806 0.679348 0.039924 0.023292
15 0.959125 0.691770 0.032319 0.032609
15 0.863118 0.642857 0.034221 0.024845
15 0.836502 0.677795 0.038023 0.035714
15 0.847909 0.768634 0.030418 0.027950
15 0.908745 0.788820 0.034221 0.034161
15 0.793726 0.795031 0.047529 0.024845
15 0.729087 0.807453 0.055133 0.037267
15 0.519962 0.911491 0.051331 0.037267
15 0.611217 0.902950 0.074144 0.054348
15 0.696768 0.928571 0.047529 0.043478
15 0.767110 0.944876 0.039924 0.045031
15 0.942966 0.939441 0.060837 0.049689
