15 0.080253 0.975684 0.020428 0.042553
15 0.069553 0.917933 0.014591 0.042553
15 0.110409 0.732523 0.026265 0.060790
15 0.050584 0.550152 0.015564 0.030395
15 0.005837 0.398176 0.009728 0.091185
15 0.063716 0.261398 0.024319 0.079027
15 0.123054 0.237082 0.022374 0.066869
15 0.132782 0.161094 0.016537 0.060790
15 0.152724 0.477204 0.019455 0.054711
15 0.207198 0.870821 0.023346 0.051672
15 0.163424 0.889058 0.027237 0.094225
15 0.197471 0.764438 0.021401 0.051672
15 0.200389 0.516717 0.017510 0.060790
15 0.177529 0.313070 0.018482 0.048632
15 0.207685 0.244681 0.014591 0.069909
15 0.224708 0.139818 0.019455 0.079027
15 0.278696 0.471125 0.026265 0.091185
15 0.346304 0.697568 0.017510 0.069909
15 0.401265 0.656535 0.024319 0.054711
15 0.376459 0.787234 0.031128 0.151976
15 0.346304 0.940729 0.017510 0.057751
15 0.421693 0.899696 0.026265 0.060790
15 0.446984 0.834347 0.028210 0.082067
15 0.443093 0.694529 0.024319 0.112462
15 0.491245 0.582067 0.019455 0.069909
15 0.513132 0.571429 0.016537 0.054711
15 0.527724 0.613982 0.016537 0.066869
15 0.495623 0.709726 0.022374 0.045593
15 0.523346 0.723404 0.017510 0.048632
15 0.500486 0.799392 0.018482 0.048632
15 0.486381 0.843465 0.021401 0.075988
15 0.510214 0.878419 0.016537 0.048632
15 0.533074 0.899696 0.019455 0.066869
15 0.561770 0.946809 0.024319 0.100304
15 0.608463 0.866261 0.022374 0.072948
15 0.597276 0.765957 0.021401 0.030395
15 0.571984 0.717325 0.017510 0.054711
15 0.627432 0.753799 0.017510 0.072948
15 0.635214 0.706687 0.019455 0.057751
15 0.671693 0.682371 0.018482 0.033435
15 0.660019 0.813070 0.018482 0.063830
15 0.686770 0.768997 0.019455 0.048632
15 0.684825 0.828267 0.013619 0.039514
15 0.686284 0.892097 0.020428 0.051672
15 0.689689 0.963526 0.023346 0.030395
15 0.708171 0.989362 0.025292 0.021277
15 0.738327 0.896657 0.015564 0.048632
15 0.708171 0.861702 0.013619 0.045593
15 0.721304 0.814590 0.014591 0.060790
15 0.745623 0.955927 0.016537 0.063830
15 0.774805 0.963526 0.018482 0.048632
15 0.792315 0.914894 0.016537 0.054711
15 0.909047 0.779635 0.026265 0.088146
15 0.869163 0.718845 0.028210 0.088146
15 0.840467 0.659574 0.017510 0.054711
15 0.844844 0.606383 0.026265 0.082067
15 0.737354 0.703647 0.040856 0.094225
15 0.759728 0.613982 0.031128 0.151976
15 0.810798 0.516717 0.024319 0.079027
15 0.842412 0.519757 0.023346 0.048632
15 0.880837 0.489362 0.018482 0.072948
15 0.899319 0.449848 0.022374 0.079027
15 0.928502 0.519757 0.018482 0.036474
15 0.929961 0.612462 0.015564 0.051672
15 0.960603 0.604863 0.010700 0.030395
15 0.956226 0.683891 0.019455 0.060790
15 0.794747 0.310030 0.021401 0.072948
15 0.834630 0.407295 0.040856 0.115502
15 0.464494 0.439210 0.034047 0.075988
15 0.531615 0.164134 0.028210 0.066869
15 0.527724 0.042553 0.030156 0.079027
15 0.471790 0.083587 0.019455 0.063830
15 0.404183 0.033435 0.026265 0.060790
15 0.653696 0.051672 0.035019 0.054711
15 0.586089 0.074468 0.026265 0.088146
15 0.650778 0.139818 0.021401 0.048632
15 0.676070 0.215805 0.019455 0.042553
15 0.698930 0.194529 0.016537 0.066869
15 0.760700 0.112462 0.019455 0.042553
15 0.708171 0.027356 0.054475 0.048632
15 0.790370 0.027356 0.016537 0.036474
15 0.809825 0.068389 0.012646 0.039514
15 0.831712 0.071429 0.019455 0.051672
15 0.861381 0.205167 0.030156 0.075988
15 0.908560 0.171733 0.015564 0.039514
15 0.933852 0.117021 0.017510 0.051672
15 0.849708 0.016717 0.022374 0.027356
15 0.922179 0.337386 0.021401 0.054711
15 0.938230 0.416413 0.016537 0.042553
15 0.969358 0.477204 0.034047 0.127660
15 0.682393 0.498480 0.020428 0.054711
15 0.663911 0.413374 0.028210 0.079027
15 0.651265 0.483283 0.028210 0.048632
15 0.599222 0.452888 0.025292 0.054711
15 0.460117 0.205167 0.025292 0.039514
15 0.356031 0.241641 0.019455 0.063830
15 0.251459 0.679331 0.016537 0.063830
15 0.278210 0.752280 0.017510 0.039514
15 0.323444 0.817629 0.020428 0.066869
15 0.989300 0.841945 0.021401 0.066869
