15 0.278729 0.933382 0.063570 0.033675
15 0.224939 0.890922 0.058680 0.024890
15 0.077017 0.902635 0.046455 0.030747
15 0.178484 0.946559 0.058680 0.033675
15 0.493888 0.969253 0.112469 0.061493
15 0.599022 0.932650 0.073350 0.035139
15 0.572127 0.830893 0.068460 0.051245
15 0.676039 0.882870 0.066015 0.040996
15 0.638142 0.837482 0.048900 0.035139
15 0.726161 0.787701 0.073350 0.052709
15 0.854523 0.769400 0.051345 0.027818
15 0.918093 0.743045 0.046455 0.027818
15 0.798289 0.863836 0.041565 0.038067
15 0.775061 0.924597 0.073350 0.051245
15 0.834963 0.909224 0.080685 0.038067
15 0.695599 0.984627 0.041565 0.030747
15 0.685819 0.937775 0.046455 0.033675
15 0.894866 0.852855 0.063570 0.036603
15 0.921760 0.886530 0.039120 0.033675
15 0.979218 0.898243 0.041565 0.030747
15 0.907090 0.942899 0.048900 0.029283
15 0.861858 0.967057 0.041565 0.021962
15 0.979218 0.978770 0.041565 0.027818
15 0.256724 0.791362 0.058680 0.021962
15 0.317848 0.782577 0.029340 0.027818
15 0.204156 0.755490 0.061125 0.026354
15 0.209046 0.709370 0.070905 0.030747
15 0.063570 0.720351 0.078240 0.032211
15 0.024450 0.672035 0.044010 0.035139
15 0.145477 0.637628 0.090465 0.033675
15 0.300733 0.682284 0.048900 0.040996
15 0.347188 0.689605 0.039120 0.029283
15 0.382641 0.693265 0.026895 0.021962
15 0.473105 0.738653 0.051345 0.036603
15 0.562347 0.697657 0.044010 0.024890
15 0.600244 0.724012 0.022005 0.027818
15 0.665037 0.726208 0.048900 0.029283
15 0.715159 0.695461 0.056235 0.020498
15 0.723716 0.641288 0.039120 0.023426
15 0.803178 0.650805 0.051345 0.030747
15 0.795844 0.605417 0.041565 0.027818
15 0.831296 0.594436 0.039120 0.023426
15 0.610024 0.620791 0.056235 0.020498
15 0.559902 0.581259 0.044010 0.038067
15 0.586797 0.576135 0.048900 0.036603
15 0.547677 0.545388 0.044010 0.027818
15 0.592910 0.542460 0.046455 0.027818
15 0.610024 0.494876 0.026895 0.023426
15 0.344743 0.637628 0.044010 0.024890
15 0.358191 0.609810 0.041565 0.030747
15 0.386308 0.620059 0.024450 0.021962
15 0.479218 0.592972 0.039120 0.029283
15 0.410758 0.576135 0.044010 0.019034
15 0.341076 0.560761 0.061125 0.035139
15 0.276284 0.587848 0.029340 0.019034
15 0.068460 0.581991 0.053790 0.019034
15 0.180929 0.551977 0.034230 0.032211
15 0.229829 0.546852 0.029340 0.027818
15 0.275061 0.517570 0.036675 0.027818
15 0.359413 0.514641 0.048900 0.024890
15 0.414425 0.491215 0.036675 0.024890
15 0.433985 0.467789 0.036675 0.024890
15 0.369193 0.437042 0.053790 0.024890
15 0.262836 0.485359 0.046455 0.019034
15 0.240831 0.447291 0.041565 0.024890
15 0.044010 0.502928 0.083130 0.027818
15 0.023227 0.456076 0.041565 0.030747
15 0.092910 0.379209 0.048900 0.029283
15 0.341076 0.379941 0.061125 0.024890
15 0.364303 0.346999 0.029340 0.029283
15 0.487775 0.336018 0.041565 0.024890
15 0.529340 0.349927 0.041565 0.029283
15 0.500000 0.380673 0.046455 0.032211
15 0.599022 0.366764 0.024450 0.027818
15 0.630807 0.361640 0.024450 0.017570
15 0.625917 0.461933 0.048900 0.027818
15 0.651589 0.447291 0.041565 0.021962
15 0.667482 0.428258 0.034230 0.024890
15 0.712714 0.421669 0.031785 0.026354
15 0.812958 0.428990 0.061125 0.046852
15 0.777506 0.373353 0.029340 0.026354
15 0.614914 0.325037 0.080685 0.038067
15 0.392421 0.292826 0.061125 0.032211
15 0.201711 0.299414 0.056235 0.036603
15 0.015892 0.264275 0.026895 0.033675
15 0.156479 0.210102 0.044010 0.030747
15 0.199267 0.200586 0.061125 0.052709
15 0.305623 0.217423 0.044010 0.039531
15 0.381418 0.218887 0.058680 0.027818
15 0.480440 0.240117 0.046455 0.032211
15 0.666259 0.263543 0.046455 0.029283
15 0.603912 0.166179 0.048900 0.030747
15 0.537897 0.170571 0.053790 0.030747
15 0.463325 0.170571 0.066015 0.030747
15 0.353301 0.139092 0.075795 0.023426
15 0.367971 0.113470 0.051345 0.030747
15 0.327628 0.081991 0.073350 0.029283
15 0.517115 0.108346 0.051345 0.029283
15 0.957213 0.024890 0.070905 0.035139
