15 0.184444 0.928889 0.102222 0.071111
15 0.064444 0.986667 0.040000 0.026667
15 0.051111 0.935556 0.066667 0.048889
15 0.128889 0.835556 0.053333 0.044444
15 0.080000 0.804444 0.035556 0.026667
15 0.057778 0.755556 0.035556 0.026667
15 0.037778 0.711111 0.031111 0.035556
15 0.077778 0.671111 0.031111 0.035556
15 0.131111 0.691111 0.031111 0.040000
15 0.184444 0.731111 0.040000 0.040000
15 0.246667 0.724444 0.031111 0.026667
15 0.260000 0.646667 0.031111 0.031111
15 0.395556 0.635556 0.035556 0.035556
15 0.344444 0.620000 0.040000 0.048889
15 0.284444 0.573333 0.053333 0.044444
15 0.171111 0.568889 0.075556 0.017778
15 0.142222 0.640000 0.044444 0.044444
15 0.051111 0.566667 0.093333 0.075556
15 0.064444 0.508889 0.048889 0.031111
15 0.042222 0.475556 0.040000 0.035556
15 0.148889 0.466667 0.040000 0.044444
15 0.251111 0.486667 0.031111 0.040000
15 0.297778 0.464444 0.035556 0.022222
15 0.308889 0.500000 0.022222 0.031111
15 0.297778 0.526667 0.035556 0.031111
15 0.331111 0.546667 0.031111 0.026667
15 0.384444 0.580000 0.040000 0.031111
15 0.393333 0.531111 0.031111 0.031111
15 0.460000 0.542222 0.066667 0.044444
15 0.064444 0.395556 0.048889 0.053333
15 0.368889 0.404444 0.266667 0.106667
15 0.360000 0.320000 0.168889 0.053333
15 0.355556 0.266667 0.168889 0.044444
15 0.562222 0.286667 0.128889 0.102222
15 0.246667 0.144444 0.146667 0.102222
15 0.362222 0.091111 0.111111 0.111111
15 0.520000 0.088889 0.168889 0.071111
15 0.822222 0.493333 0.195556 0.106667
15 0.804444 0.393333 0.195556 0.066667
15 0.828889 0.308889 0.208889 0.075556
15 0.877778 0.224444 0.235556 0.075556
15 0.873333 0.113333 0.226667 0.128889
15 0.171111 0.306667 0.128889 0.088889
15 0.424444 0.188889 0.164444 0.066667
