15 0.982477 0.944544 0.035047 0.035778
15 0.934579 0.909660 0.046729 0.033989
15 0.935748 0.850626 0.035047 0.023256
15 0.794393 0.865832 0.070093 0.035778
15 0.642523 0.916816 0.065421 0.033989
15 0.628505 0.848837 0.046729 0.033989
15 0.573598 0.806798 0.030374 0.028623
15 0.516355 0.796064 0.032710 0.021467
15 0.345794 0.837209 0.070093 0.039356
15 0.517523 0.876565 0.044393 0.042934
15 0.470794 0.944544 0.053738 0.028623
15 0.348131 0.905188 0.051402 0.039356
15 0.217290 0.966011 0.046729 0.017889
15 0.213785 0.720930 0.063084 0.039356
15 0.237150 0.773703 0.063084 0.030411
15 0.311916 0.661002 0.030374 0.033989
15 0.420561 0.730769 0.042056 0.037567
15 0.449766 0.796959 0.025701 0.033989
15 0.483645 0.778175 0.046729 0.032200
15 0.346963 0.609123 0.067757 0.026834
15 0.181075 0.568873 0.053738 0.028623
15 0.103972 0.603757 0.058411 0.041145
15 0.051402 0.694097 0.070093 0.042934
15 0.016355 0.568873 0.028037 0.067979
15 0.140187 0.417710 0.070093 0.066190
15 0.168224 0.185152 0.046729 0.069767
15 0.204439 0.192308 0.049065 0.048301
15 0.218458 0.126118 0.030374 0.055456
15 0.252336 0.142218 0.051402 0.048301
15 0.355140 0.087657 0.060748 0.039356
15 0.610981 0.024150 0.063084 0.026834
15 0.619159 0.059928 0.065421 0.044723
15 0.945093 0.204830 0.063084 0.044723
15 0.890187 0.230769 0.037383 0.039356
15 0.938084 0.244186 0.067757 0.041145
15 0.760514 0.301431 0.077103 0.037567
15 0.571262 0.152952 0.077103 0.051878
15 0.385514 0.366726 0.046729 0.042934
15 0.253505 0.356887 0.053738 0.033989
15 0.432243 0.338998 0.046729 0.055456
15 0.524533 0.392665 0.058411 0.048301
15 0.616822 0.315742 0.051402 0.048301
15 0.667056 0.318426 0.039720 0.032200
15 0.709112 0.344365 0.044393 0.033989
15 0.700935 0.373882 0.042056 0.028623
15 0.928738 0.342576 0.044393 0.037567
15 0.820093 0.439177 0.065421 0.044723
15 0.740654 0.438283 0.056075 0.057245
15 0.614486 0.473166 0.084112 0.059034
15 0.635514 0.514311 0.051402 0.055456
15 0.706776 0.532200 0.044393 0.044723
15 0.780374 0.546512 0.051402 0.041145
15 0.772196 0.598390 0.058411 0.048301
15 0.685748 0.699463 0.044393 0.035778
15 0.565421 0.720930 0.042056 0.035778
15 0.602804 0.677102 0.056075 0.051878
15 0.511682 0.679785 0.042056 0.035778
15 0.445093 0.655635 0.063084 0.037567
15 0.595794 0.756708 0.032710 0.032200
15 0.702103 0.826476 0.044393 0.039356
15 0.761682 0.804114 0.056075 0.041145
15 0.878505 0.773703 0.070093 0.055456
15 0.815421 0.699463 0.051402 0.028623
15 0.832944 0.660107 0.035047 0.032200
15 0.921729 0.663685 0.049065 0.046512
15 0.957944 0.650268 0.042056 0.033989
15 0.985981 0.581395 0.028037 0.060823
15 0.970794 0.527728 0.058411 0.053667
15 0.399533 0.480322 0.065421 0.048301
