15 0.800000 0.974157 0.081356 0.051685
15 0.328814 0.958427 0.122034 0.051685
15 0.249153 0.888764 0.091525 0.056180
15 0.215254 0.743820 0.077966 0.062921
15 0.310169 0.725843 0.064407 0.062921
15 0.383051 0.752809 0.081356 0.058427
15 0.442373 0.802247 0.057627 0.053933
15 0.494915 0.751685 0.067797 0.047191
15 0.540678 0.710112 0.050847 0.049438
15 0.583051 0.795506 0.067797 0.044944
15 0.767797 0.859551 0.064407 0.033708
15 0.772881 0.821348 0.074576 0.047191
15 0.710169 0.738202 0.064407 0.042697
15 0.696610 0.678652 0.057627 0.035955
15 0.808475 0.686517 0.064407 0.038202
15 0.833898 0.673034 0.061017 0.047191
15 0.972881 0.703371 0.054237 0.040449
15 0.908475 0.608989 0.061017 0.026966
15 0.028814 0.678652 0.050847 0.049438
15 0.198305 0.617978 0.071186 0.049438
15 0.194915 0.543820 0.057627 0.040449
15 0.218644 0.511236 0.050847 0.033708
15 0.311864 0.619101 0.067797 0.056180
15 0.384746 0.570787 0.077966 0.040449
15 0.427119 0.633708 0.061017 0.040449
15 0.483051 0.587640 0.071186 0.047191
15 0.596610 0.623596 0.067797 0.047191
15 0.577966 0.540449 0.071186 0.047191
15 0.661017 0.589888 0.067797 0.056180
15 0.737288 0.621348 0.071186 0.042697
15 0.740678 0.580899 0.064407 0.042697
15 0.774576 0.539326 0.064407 0.058427
15 0.830508 0.498876 0.054237 0.044944
15 0.862712 0.457303 0.091525 0.051685
15 0.923729 0.513483 0.030508 0.033708
15 0.966102 0.496629 0.067797 0.044944
15 0.672881 0.459551 0.064407 0.056180
15 0.720339 0.434831 0.071186 0.033708
15 0.398305 0.517978 0.057627 0.020225
15 0.315254 0.473034 0.067797 0.038202
15 0.154237 0.447191 0.111864 0.067416
15 0.357627 0.428090 0.071186 0.047191
15 0.372881 0.358427 0.040678 0.020225
15 0.435593 0.398876 0.071186 0.047191
15 0.535593 0.408989 0.074576 0.076404
15 0.603390 0.353933 0.061017 0.042697
15 0.679661 0.364045 0.064407 0.040449
15 0.823729 0.350562 0.040678 0.031461
15 0.916949 0.417978 0.057627 0.035955
15 0.916949 0.388764 0.037288 0.031461
15 0.969492 0.389888 0.054237 0.042697
15 0.505085 0.292135 0.067797 0.040449
15 0.545763 0.275281 0.047458 0.033708
15 0.644068 0.298876 0.054237 0.044944
15 0.730508 0.257303 0.044068 0.038202
15 0.774576 0.242697 0.037288 0.026966
15 0.867797 0.224719 0.054237 0.040449
15 0.237288 0.288764 0.054237 0.047191
15 0.132203 0.271910 0.054237 0.044944
15 0.127119 0.141573 0.057627 0.053933
15 0.177966 0.107865 0.044068 0.031461
15 0.115254 0.080899 0.054237 0.035955
15 0.301695 0.077528 0.054237 0.038202
15 0.366102 0.052809 0.061017 0.065169
15 0.481356 0.073034 0.081356 0.042697
15 0.394915 0.134831 0.044068 0.049438
15 0.444068 0.149438 0.061017 0.047191
15 0.525424 0.143820 0.040678 0.040449
15 0.603390 0.176404 0.040678 0.029213
15 0.666102 0.102247 0.044068 0.029213
15 0.677966 0.067416 0.033898 0.031461
15 0.549153 0.092135 0.047458 0.035955
15 0.513559 0.033708 0.050847 0.026966
15 0.815254 0.041573 0.030508 0.033708
15 0.750847 0.097753 0.044068 0.024719
15 0.752542 0.147191 0.061017 0.033708
15 0.842373 0.183146 0.064407 0.047191
15 0.023729 0.304494 0.040678 0.042697
