15 0.656471 0.911411 0.042353 0.057057
15 0.522353 0.834835 0.032941 0.054054
15 0.392941 0.897898 0.051765 0.048048
15 0.215294 0.821321 0.040000 0.033033
15 0.021176 0.708709 0.037647 0.060060
15 0.108235 0.600601 0.037647 0.054054
15 0.120000 0.322823 0.070588 0.069069
15 0.521176 0.276276 0.035294 0.072072
15 0.534118 0.504505 0.042353 0.048048
15 0.684706 0.415916 0.065882 0.075075
15 0.700000 0.635135 0.040000 0.063063
15 0.936471 0.328829 0.032941 0.069069
15 0.703529 0.172673 0.075294 0.087087
15 0.432941 0.067568 0.047059 0.069069
