15 0.224551 0.547386 0.059880 0.055556
15 0.079341 0.571895 0.068862 0.084967
15 0.112275 0.305556 0.062874 0.049020
15 0.217066 0.241830 0.068862 0.058824
15 0.407186 0.338235 0.053892 0.068627
15 0.426647 0.258170 0.050898 0.071895
15 0.491018 0.044118 0.059880 0.081699
15 0.833832 0.531046 0.044910 0.062092
15 0.896707 0.629085 0.044910 0.068627
15 0.724551 0.560458 0.107784 0.101307
15 0.974551 0.903595 0.050898 0.055556
15 0.803892 0.207516 0.044910 0.049020
15 0.923653 0.178105 0.044910 0.055556
