15 0.177458 0.901734 0.052758 0.052023
15 0.529976 0.958092 0.047962 0.054913
15 0.684652 0.812139 0.040767 0.052023
15 0.580336 0.765896 0.047962 0.057803
15 0.243405 0.747110 0.083933 0.083815
15 0.023981 0.654624 0.043165 0.083815
15 0.257794 0.598266 0.055156 0.046243
15 0.370504 0.582370 0.055156 0.049133
15 0.556355 0.595376 0.043165 0.052023
15 0.842926 0.796243 0.055156 0.049133
15 0.742206 0.713873 0.055156 0.086705
15 0.850120 0.468208 0.050360 0.075145
15 0.062350 0.465318 0.047962 0.057803
15 0.027578 0.398844 0.031175 0.040462
15 0.135492 0.203757 0.050360 0.060694
15 0.226619 0.242775 0.045564 0.046243
15 0.382494 0.273121 0.031175 0.043353
15 0.450839 0.197977 0.033573 0.043353
15 0.310552 0.156069 0.055156 0.046243
15 0.374101 0.069364 0.052758 0.052023
15 0.199041 0.026012 0.081535 0.040462
15 0.103118 0.065029 0.047962 0.037572
15 0.034772 0.080925 0.021583 0.034682
15 0.450839 0.028902 0.038369 0.040462
15 0.544365 0.023121 0.057554 0.040462
15 0.717026 0.144509 0.038369 0.034682
