15 0.344671 0.968623 0.049887 0.042510
15 0.475057 0.966599 0.052154 0.042510
15 0.569161 0.979757 0.049887 0.040486
15 0.683673 0.988866 0.024943 0.022267
15 0.757370 0.986842 0.036281 0.026316
15 0.672336 0.913968 0.052154 0.042510
15 0.892290 0.890688 0.034014 0.028340
15 0.492063 0.842105 0.072562 0.060729
15 0.604308 0.808704 0.038549 0.030364
15 0.367347 0.881579 0.036281 0.046559
15 0.343537 0.850202 0.043084 0.024291
15 0.295918 0.908907 0.056689 0.028340
15 0.247166 0.903846 0.058957 0.046559
15 0.265306 0.841093 0.049887 0.046559
15 0.250567 0.726721 0.056689 0.056680
15 0.311791 0.669028 0.056689 0.046559
15 0.463719 0.715587 0.074830 0.062753
15 0.198413 0.644737 0.088435 0.050607
15 0.259637 0.547571 0.047619 0.034413
15 0.314059 0.535425 0.043084 0.030364
15 0.446712 0.577935 0.036281 0.026316
15 0.470522 0.622470 0.052154 0.034413
15 0.502268 0.593117 0.043084 0.032389
15 0.528345 0.558704 0.040816 0.028340
15 0.828798 0.654858 0.056689 0.034413
15 0.797052 0.624494 0.043084 0.030364
15 0.825397 0.563765 0.031746 0.054656
15 0.882086 0.577935 0.054422 0.046559
15 0.816327 0.735830 0.054422 0.054656
15 0.739229 0.813765 0.058957 0.048583
15 0.910431 0.795547 0.083900 0.080972
15 0.985261 0.403846 0.029478 0.038462
15 0.742630 0.446356 0.056689 0.042510
15 0.647392 0.490891 0.074830 0.054656
15 0.413832 0.476721 0.056689 0.034413
15 0.300454 0.466599 0.052154 0.030364
15 0.216553 0.474696 0.043084 0.050607
15 0.158730 0.410931 0.031746 0.044534
15 0.096372 0.422065 0.043084 0.038462
15 0.209751 0.390688 0.038549 0.032389
15 0.175737 0.342105 0.047619 0.036437
15 0.120181 0.317814 0.045351 0.036437
15 0.071429 0.354251 0.047619 0.024291
15 0.079365 0.269231 0.045351 0.028340
15 0.141723 0.229757 0.038549 0.022267
15 0.070295 0.216599 0.040816 0.024291
15 0.089569 0.184211 0.038549 0.024291
15 0.100907 0.132591 0.043084 0.030364
15 0.198413 0.136640 0.020408 0.022267
15 0.210884 0.190283 0.068027 0.048583
15 0.247166 0.128543 0.027211 0.022267
15 0.384354 0.245951 0.047619 0.038462
15 0.320862 0.302632 0.043084 0.030364
15 0.362812 0.344130 0.036281 0.028340
15 0.454649 0.358300 0.056689 0.040486
15 0.444444 0.402834 0.086168 0.040486
15 0.467120 0.278340 0.036281 0.042510
15 0.789116 0.337045 0.036281 0.038462
15 0.850340 0.227733 0.045351 0.034413
15 0.676871 0.175101 0.056689 0.034413
15 0.547619 0.177126 0.074830 0.030364
15 0.471655 0.174089 0.040816 0.028340
15 0.357143 0.158907 0.074830 0.022267
15 0.611111 0.021255 0.029478 0.030364
15 0.654195 0.019231 0.029478 0.022267
15 0.858277 0.053644 0.034014 0.026316
15 0.286848 0.047571 0.056689 0.062753
