15 0.204194 0.258584 0.108168 0.109442
15 0.341060 0.290773 0.041943 0.049356
15 0.421634 0.300429 0.039735 0.038627
15 0.599338 0.321888 0.046358 0.055794
15 0.375276 0.368026 0.044150 0.027897
15 0.475717 0.360515 0.037528 0.030043
15 0.392936 0.454936 0.039735 0.034335
15 0.362031 0.478541 0.030905 0.030043
15 0.349890 0.589056 0.050773 0.045064
15 0.410596 0.655579 0.048565 0.040773
15 0.142384 0.432403 0.059603 0.032189
15 0.208609 0.481760 0.041943 0.040773
15 0.086093 0.245708 0.044150 0.032189
15 0.146799 0.183476 0.046358 0.036481
15 0.271523 0.184549 0.057395 0.047210
15 0.350993 0.190987 0.039735 0.034335
15 0.051876 0.123391 0.059603 0.057940
15 0.083885 0.115880 0.044150 0.034335
15 0.065121 0.077253 0.028698 0.021459
15 0.081678 0.059013 0.035320 0.023605
15 0.140177 0.060086 0.028698 0.030043
15 0.162252 0.085837 0.028698 0.034335
15 0.289183 0.057940 0.070640 0.068670
15 0.399558 0.019313 0.057395 0.030043
15 0.458057 0.123391 0.033113 0.040773
15 0.532009 0.043991 0.070640 0.075107
15 0.675497 0.110515 0.035320 0.032189
15 0.817881 0.085837 0.059603 0.042918
15 0.847682 0.038627 0.026490 0.030043
15 0.920530 0.068670 0.035320 0.034335
15 0.955850 0.109442 0.026490 0.025751
15 0.969095 0.162017 0.035320 0.036481
15 0.953642 0.195279 0.048565 0.038627
15 0.482340 0.211373 0.033113 0.036481
15 0.539735 0.212446 0.050773 0.055794
15 0.201987 0.678112 0.046358 0.055794
15 0.162252 0.745708 0.033113 0.036481
15 0.248344 0.739270 0.024283 0.036481
15 0.330022 0.686695 0.033113 0.047210
15 0.374172 0.711373 0.028698 0.040773
15 0.485651 0.686695 0.044150 0.047210
15 0.514349 0.473176 0.035320 0.036481
15 0.666667 0.504292 0.048565 0.055794
15 0.705298 0.418455 0.033113 0.021459
15 0.952539 0.447425 0.046358 0.045064
15 0.898455 0.498927 0.039735 0.036481
15 0.839956 0.542918 0.050773 0.051502
15 0.977925 0.737124 0.044150 0.049356
15 0.820088 0.729614 0.028698 0.038627
15 0.774834 0.740343 0.030905 0.030043
15 0.757174 0.675966 0.039735 0.042918
15 0.719647 0.736052 0.044150 0.051502
15 0.802428 0.845494 0.046358 0.060086
15 0.938190 0.821888 0.048565 0.042918
15 0.910596 0.869099 0.041943 0.042918
15 0.975717 0.910944 0.048565 0.062232
15 0.738411 0.903433 0.050773 0.047210
15 0.715232 0.857296 0.048565 0.049356
15 0.653422 0.872318 0.052980 0.040773
15 0.571744 0.918455 0.057395 0.038627
15 0.590508 0.972103 0.046358 0.047210
15 0.546358 0.980687 0.046358 0.038627
15 0.501104 0.976395 0.052980 0.042918
15 0.462472 0.988197 0.033113 0.023605
15 0.479029 0.932403 0.048565 0.036481
15 0.410596 0.964592 0.070640 0.040773
15 0.411700 0.933476 0.041943 0.030043
15 0.375276 0.912017 0.048565 0.038627
15 0.341060 0.933476 0.033113 0.034335
15 0.294702 0.979614 0.033113 0.040773
15 0.410596 0.847639 0.044150 0.068670
15 0.299117 0.855150 0.055188 0.040773
15 0.305740 0.765021 0.046358 0.057940
