15 0.547425 0.331307 0.081301 0.109422
15 0.657182 0.335866 0.046070 0.039514
15 0.169377 0.557751 0.078591 0.045593
15 0.023035 0.835866 0.040650 0.042553
15 0.042005 0.234043 0.078591 0.042553
15 0.212737 0.159574 0.046070 0.057751
15 0.250678 0.177812 0.046070 0.051672
15 0.017615 0.100304 0.029810 0.060790
15 0.299458 0.056231 0.051491 0.051672
15 0.920054 0.604863 0.056911 0.066869
15 0.815718 0.882979 0.043360 0.051672
15 0.762873 0.740122 0.040650 0.039514
15 0.924119 0.147416 0.075881 0.051672
