15 0.868000 0.900000 0.060000 0.035294
15 0.882000 0.941176 0.036000 0.043137
15 0.702000 0.914706 0.052000 0.041176
15 0.538000 0.968627 0.064000 0.058824
15 0.400000 0.951961 0.052000 0.017647
15 0.391000 0.900000 0.050000 0.035294
15 0.346000 0.878431 0.032000 0.039216
15 0.293000 0.851961 0.042000 0.037255
15 0.348000 0.789216 0.044000 0.037255
15 0.466000 0.814706 0.032000 0.037255
15 0.561000 0.843137 0.034000 0.031373
15 0.619000 0.790196 0.046000 0.054902
15 0.658000 0.766667 0.024000 0.054902
15 0.652000 0.839216 0.024000 0.031373
15 0.881000 0.756863 0.046000 0.039216
15 0.965000 0.817647 0.038000 0.039216
15 0.716000 0.659804 0.056000 0.041176
15 0.818000 0.647059 0.044000 0.027451
15 0.877000 0.645098 0.038000 0.023529
15 0.956000 0.623529 0.036000 0.027451
15 0.824000 0.558824 0.056000 0.066667
15 0.903000 0.450000 0.046000 0.045098
15 0.866000 0.496078 0.040000 0.027451
15 0.750000 0.463725 0.060000 0.041176
15 0.748000 0.374510 0.056000 0.054902
15 0.643000 0.455882 0.054000 0.037255
15 0.617000 0.522549 0.030000 0.033333
15 0.580000 0.532353 0.044000 0.029412
15 0.515000 0.487255 0.034000 0.029412
15 0.542000 0.450000 0.032000 0.025490
15 0.524000 0.349020 0.036000 0.047059
15 0.586000 0.288235 0.036000 0.035294
15 0.539000 0.231373 0.042000 0.039216
15 0.504000 0.156863 0.032000 0.050980
15 0.414000 0.018627 0.060000 0.033333
15 0.575000 0.041176 0.050000 0.047059
15 0.758000 0.057843 0.040000 0.033333
15 0.815000 0.159804 0.038000 0.041176
15 0.922000 0.186275 0.040000 0.043137
15 0.901000 0.253922 0.038000 0.033333
15 0.232000 0.079412 0.048000 0.037255
15 0.293000 0.094118 0.042000 0.031373
15 0.355000 0.046078 0.046000 0.045098
15 0.192000 0.154902 0.064000 0.035294
15 0.159000 0.197059 0.038000 0.045098
15 0.229000 0.234314 0.066000 0.064706
15 0.268000 0.272549 0.048000 0.043137
15 0.241000 0.343137 0.034000 0.031373
15 0.204000 0.343137 0.040000 0.043137
15 0.184000 0.383333 0.028000 0.029412
15 0.125000 0.368627 0.034000 0.035294
15 0.125000 0.306863 0.030000 0.029412
15 0.146000 0.254902 0.024000 0.019608
15 0.069000 0.171569 0.042000 0.045098
15 0.013000 0.227451 0.022000 0.054902
15 0.029000 0.073529 0.034000 0.033333
15 0.078000 0.063725 0.032000 0.029412
15 0.399000 0.615686 0.058000 0.035294
15 0.378000 0.649020 0.044000 0.047059
15 0.287000 0.629412 0.058000 0.039216
15 0.253000 0.659804 0.034000 0.045098
15 0.273000 0.681373 0.026000 0.025490
15 0.294000 0.717647 0.024000 0.043137
15 0.155000 0.732353 0.062000 0.029412
15 0.100000 0.695098 0.032000 0.029412
15 0.131000 0.680392 0.030000 0.023529
15 0.183000 0.657843 0.054000 0.052941
15 0.092000 0.612745 0.036000 0.033333
15 0.055000 0.635294 0.038000 0.031373
15 0.011000 0.524510 0.018000 0.037255
15 0.050000 0.525490 0.032000 0.031373
15 0.087000 0.499020 0.022000 0.029412
15 0.110000 0.470588 0.032000 0.027451
15 0.099000 0.416667 0.034000 0.029412
15 0.103000 0.553922 0.026000 0.045098
15 0.262000 0.523529 0.048000 0.043137
15 0.338000 0.436275 0.020000 0.041176
15 0.046000 0.730392 0.060000 0.037255
15 0.064000 0.821569 0.052000 0.035294
15 0.039000 0.845098 0.042000 0.043137
15 0.023000 0.899020 0.042000 0.052941
15 0.182000 0.936275 0.028000 0.041176
15 0.221000 0.950980 0.050000 0.035294
15 0.117000 0.976471 0.074000 0.039216
15 0.031000 0.012745 0.038000 0.021569
15 0.534000 0.601961 0.032000 0.031373
15 0.591000 0.629412 0.034000 0.043137
15 0.474000 0.273529 0.036000 0.041176
15 0.659000 0.164706 0.022000 0.023529
