15 0.385359 0.938190 0.041436 0.026490
15 0.287293 0.884106 0.038674 0.033113
15 0.262431 0.780353 0.027624 0.028698
15 0.464088 0.896247 0.038674 0.030905
15 0.486188 0.877483 0.038674 0.041943
15 0.419890 0.856512 0.044199 0.026490
15 0.411602 0.802428 0.055249 0.059603
15 0.580110 0.802428 0.071823 0.041943
15 0.674033 0.726269 0.044199 0.030905
15 0.759669 0.750552 0.055249 0.044150
15 0.834254 0.716336 0.049724 0.041943
15 0.875691 0.678808 0.049724 0.033113
15 0.903315 0.741722 0.044199 0.039735
15 0.802486 0.849890 0.063536 0.026490
15 0.744475 0.864238 0.052486 0.037528
15 0.734807 0.923841 0.060773 0.055188
15 0.656077 0.928256 0.030387 0.028698
15 0.602210 0.908389 0.027624 0.028698
15 0.223757 0.698675 0.104972 0.050773
15 0.411602 0.689845 0.055249 0.037528
15 0.433702 0.647903 0.055249 0.028698
15 0.538674 0.608168 0.066298 0.024283
15 0.545580 0.682119 0.080110 0.066225
15 0.381215 0.554084 0.038674 0.035320
15 0.298343 0.546358 0.077348 0.059603
15 0.171271 0.540839 0.044199 0.030905
15 0.233425 0.497792 0.069061 0.024283
15 0.165746 0.440397 0.077348 0.037528
15 0.302486 0.455850 0.052486 0.037528
15 0.459945 0.484547 0.058011 0.033113
15 0.505525 0.432671 0.066298 0.039735
15 0.562155 0.390728 0.041436 0.044150
15 0.616022 0.508830 0.033149 0.033113
15 0.636740 0.475717 0.063536 0.041943
15 0.679558 0.396247 0.033149 0.028698
15 0.588398 0.365342 0.082873 0.068433
15 0.571823 0.272627 0.066298 0.050773
15 0.526243 0.241722 0.052486 0.028698
15 0.475138 0.251656 0.049724 0.026490
15 0.404696 0.253863 0.041436 0.035320
15 0.345304 0.280353 0.077348 0.052980
15 0.291436 0.238411 0.052486 0.026490
15 0.294199 0.206402 0.041436 0.033113
15 0.382597 0.203091 0.052486 0.030905
15 0.245856 0.189845 0.060773 0.030905
15 0.219613 0.211921 0.063536 0.039735
15 0.153315 0.243929 0.046961 0.015453
15 0.172652 0.288079 0.052486 0.037528
15 0.165746 0.125828 0.060773 0.030905
15 0.291436 0.119205 0.052486 0.044150
15 0.168508 0.065121 0.038674 0.028698
15 0.165746 0.020971 0.044199 0.015453
15 0.104972 0.018764 0.044199 0.024283
15 0.679558 0.015453 0.088398 0.026490
15 0.675414 0.130243 0.046961 0.030905
15 0.698895 0.172185 0.055249 0.035320
15 0.780387 0.110375 0.069061 0.061810
15 0.922652 0.141280 0.060773 0.048565
15 0.959945 0.099338 0.058011 0.052980
15 0.877072 0.263797 0.046961 0.033113
15 0.976519 0.303532 0.046961 0.041943
15 0.951657 0.355408 0.052486 0.048565
15 0.870166 0.334437 0.060773 0.041943
15 0.838398 0.390728 0.046961 0.030905
15 0.845304 0.445916 0.038674 0.044150
15 0.823204 0.479029 0.044199 0.044150
15 0.853591 0.523179 0.049724 0.039735
15 0.773481 0.511038 0.044199 0.046358
15 0.734807 0.526490 0.060773 0.059603
15 0.849448 0.557395 0.058011 0.055188
15 0.810773 0.608168 0.046961 0.046358
15 0.669890 0.645695 0.063536 0.077263
15 0.964088 0.671082 0.066298 0.079470
15 0.959945 0.972406 0.080110 0.046358
