15 0.061667 0.970238 0.036667 0.059524
15 0.020000 0.800595 0.033333 0.101190
15 0.053333 0.619048 0.053333 0.095238
15 0.031667 0.482143 0.056667 0.083333
15 0.025000 0.285714 0.043333 0.107143
15 0.073333 0.250000 0.060000 0.083333
15 0.136667 0.261905 0.053333 0.059524
15 0.265000 0.127976 0.056667 0.077381
15 0.235000 0.187500 0.050000 0.065476
15 0.276667 0.241071 0.060000 0.077381
15 0.325000 0.300595 0.063333 0.077381
15 0.201667 0.485119 0.070000 0.101190
15 0.180000 0.056548 0.040000 0.041667
15 0.093333 0.029762 0.100000 0.047619
15 0.398333 0.187500 0.070000 0.101190
15 0.348333 0.586310 0.070000 0.101190
15 0.391667 0.547619 0.070000 0.095238
15 0.470000 0.663690 0.046667 0.065476
15 0.391667 0.818452 0.050000 0.113095
15 0.351667 0.877976 0.056667 0.113095
15 0.395000 0.952381 0.050000 0.071429
15 0.558333 0.830357 0.043333 0.077381
15 0.621667 0.821429 0.056667 0.142857
15 0.721667 0.931548 0.056667 0.077381
15 0.833333 0.895833 0.053333 0.113095
15 0.671667 0.696429 0.043333 0.083333
15 0.718333 0.711310 0.050000 0.089286
15 0.801667 0.699405 0.056667 0.077381
15 0.571667 0.657738 0.083333 0.101190
15 0.595000 0.443452 0.083333 0.125000
15 0.586667 0.315476 0.066667 0.083333
15 0.633333 0.357143 0.046667 0.071429
15 0.721667 0.404762 0.050000 0.095238
15 0.791667 0.321429 0.063333 0.083333
15 0.878333 0.482143 0.036667 0.083333
15 0.956667 0.654762 0.053333 0.119048
15 0.963333 0.782738 0.046667 0.077381
15 0.878333 0.779762 0.070000 0.083333
15 0.926667 0.044643 0.060000 0.077381
15 0.976667 0.318452 0.046667 0.172619
