15 0.687238 0.739496 0.035565 0.058824
15 0.724895 0.754202 0.027197 0.079832
15 0.732218 0.542017 0.029289 0.075630
15 0.688285 0.424370 0.029289 0.100840
15 0.748954 0.422269 0.033473 0.063025
15 0.774059 0.361345 0.029289 0.058824
15 0.841004 0.302521 0.029289 0.058824
15 0.986402 0.310924 0.023013 0.117647
15 0.949791 0.544118 0.037657 0.046218
15 0.902720 0.544118 0.018828 0.063025
15 0.736402 0.296218 0.029289 0.054622
15 0.696653 0.130252 0.033473 0.050420
15 0.690377 0.033613 0.029289 0.058824
15 0.464435 0.111345 0.029289 0.079832
15 0.512552 0.149160 0.050209 0.079832
15 0.403766 0.247899 0.046025 0.100840
15 0.484310 0.451681 0.039749 0.079832
15 0.531381 0.483193 0.029289 0.058824
15 0.592050 0.510504 0.033473 0.071429
15 0.618201 0.537815 0.018828 0.042017
15 0.593096 0.594538 0.031381 0.054622
15 0.551255 0.668067 0.039749 0.050420
15 0.577406 0.747899 0.016736 0.033613
15 0.585774 0.810924 0.016736 0.042017
15 0.478033 0.571429 0.035565 0.067227
15 0.428870 0.628151 0.041841 0.071429
15 0.355649 0.521008 0.041841 0.084034
15 0.330544 0.405462 0.025105 0.063025
15 0.420502 0.449580 0.058577 0.126050
15 0.279289 0.523109 0.031381 0.046218
15 0.267782 0.168067 0.029289 0.050420
15 0.189331 0.346639 0.048117 0.063025
15 0.109833 0.304622 0.031381 0.054622
15 0.108787 0.363445 0.046025 0.063025
15 0.061715 0.449580 0.039749 0.067227
15 0.215481 0.529412 0.037657 0.067227
15 0.186192 0.506303 0.029289 0.063025
15 0.150628 0.495798 0.025105 0.058824
15 0.198745 0.596639 0.025105 0.050420
15 0.191423 0.680672 0.039749 0.075630
15 0.128661 0.655462 0.035565 0.058824
15 0.071130 0.665966 0.029289 0.037815
15 0.028243 0.588235 0.052301 0.042017
15 0.019874 0.468487 0.035565 0.105042
15 0.014644 0.241597 0.025105 0.079832
15 0.014644 0.117647 0.025105 0.058824
15 0.044979 0.054622 0.031381 0.042017
15 0.248954 0.048319 0.037657 0.054622
15 0.311715 0.046218 0.029289 0.042017
15 0.176778 0.798319 0.043933 0.084034
15 0.070084 0.737395 0.043933 0.046218
15 0.267782 0.695378 0.046025 0.138655
15 0.312762 0.754202 0.035565 0.071429
15 0.291841 0.850840 0.048117 0.063025
15 0.245816 0.907563 0.039749 0.058824
15 0.426778 0.771008 0.033473 0.054622
15 0.407950 0.869748 0.041841 0.058824
15 0.447699 0.871849 0.037657 0.054622
15 0.788703 0.716387 0.033473 0.071429
15 0.823222 0.941176 0.048117 0.067227
