15 0.267003 0.040888 0.075567 0.039720
15 0.404282 0.148364 0.083123 0.072430
15 0.649874 0.192757 0.060453 0.049065
15 0.615869 0.301402 0.068010 0.074766
15 0.714106 0.373832 0.078086 0.065421
15 0.627204 0.406542 0.095718 0.060748
15 0.879093 0.646028 0.055416 0.053738
15 0.918136 0.813084 0.047859 0.037383
15 0.895466 0.880841 0.052897 0.051402
15 0.629723 0.794393 0.100756 0.074766
15 0.525189 0.793224 0.078086 0.049065
15 0.256927 0.778037 0.070529 0.051402
15 0.331234 0.710280 0.098237 0.051402
15 0.206549 0.167056 0.085642 0.077103
15 0.302267 0.327103 0.075567 0.046729
15 0.256927 0.414720 0.055416 0.044393
15 0.294710 0.463785 0.075567 0.049065
15 0.449622 0.443925 0.047859 0.046729
15 0.494962 0.573598 0.062972 0.049065
15 0.404282 0.578271 0.078086 0.053738
15 0.332494 0.585280 0.060453 0.030374
15 0.270781 0.570093 0.052897 0.042056
15 0.211587 0.572430 0.060453 0.046729
15 0.156171 0.538551 0.060453 0.044393
15 0.117128 0.477804 0.073048 0.053738
15 0.026448 0.565421 0.047859 0.037383
15 0.057935 0.217290 0.040302 0.046729
15 0.138539 0.757009 0.055416 0.056075
15 0.057935 0.778037 0.060453 0.046729
15 0.044081 0.898364 0.073048 0.100467
15 0.141058 0.892523 0.065491 0.046729
15 0.397985 0.945093 0.060453 0.049065
15 0.614610 0.974299 0.060453 0.051402
15 0.979849 0.063084 0.040302 0.056075
