15 0.060461 0.023656 0.032630 0.043011
15 0.176583 0.162366 0.057582 0.066667
15 0.107486 0.260215 0.092131 0.055914
15 0.264875 0.330108 0.065259 0.058065
15 0.383877 0.212903 0.061420 0.051613
15 0.387716 0.360215 0.046065 0.049462
15 0.476967 0.400000 0.047985 0.073118
15 0.347409 0.481720 0.061420 0.043011
15 0.267754 0.515054 0.040307 0.045161
15 0.189060 0.436559 0.063340 0.073118
15 0.083493 0.434409 0.047985 0.025806
15 0.023992 0.659140 0.044146 0.053763
15 0.071017 0.863441 0.042226 0.049462
15 0.130518 0.829032 0.049904 0.045161
15 0.278311 0.853763 0.049904 0.038710
15 0.483685 0.797849 0.038388 0.030108
15 0.753359 0.832258 0.044146 0.051613
15 0.755278 0.666667 0.028791 0.047312
15 0.871401 0.595699 0.046065 0.064516
15 0.984645 0.505376 0.030710 0.060215
15 0.972169 0.333333 0.032630 0.055914
15 0.901152 0.098925 0.044146 0.055914
15 0.517274 0.173118 0.028791 0.040860
15 0.611324 0.223656 0.047985 0.043011
15 0.619002 0.429032 0.059501 0.070968
15 0.540307 0.624731 0.040307 0.045161
15 0.505758 0.522581 0.040307 0.043011
