15 0.115714 0.212465 0.042857 0.045326
15 0.230000 0.178470 0.042857 0.033994
15 0.357143 0.263456 0.051429 0.039660
15 0.452857 0.382436 0.065714 0.056657
15 0.418571 0.322946 0.054286 0.033994
15 0.487143 0.280453 0.031429 0.050992
15 0.495714 0.213881 0.042857 0.036827
15 0.584286 0.308782 0.060000 0.050992
15 0.657143 0.315864 0.068571 0.053824
15 0.775714 0.249292 0.048571 0.062323
15 0.872857 0.198300 0.054286 0.056657
15 0.682857 0.433428 0.074286 0.079320
15 0.961429 0.417847 0.042857 0.048159
15 0.897143 0.484419 0.062857 0.045326
15 0.848571 0.521246 0.074286 0.045326
15 0.531429 0.569405 0.045714 0.033994
15 0.420000 0.453258 0.057143 0.039660
15 0.345714 0.471671 0.045714 0.059490
15 0.351429 0.381020 0.045714 0.042493
15 0.181429 0.584986 0.048571 0.053824
15 0.101429 0.533994 0.037143 0.042493
15 0.044286 0.495751 0.060000 0.045326
15 0.382857 0.825779 0.057143 0.059490
15 0.587143 0.868272 0.054286 0.053824
15 0.600000 0.808782 0.034286 0.036827
15 0.692857 0.803116 0.048571 0.042493
15 0.775714 0.869688 0.060000 0.056657
