15 0.083201 0.980892 0.036450 0.038217
15 0.248811 0.885350 0.025357 0.038217
15 0.242472 0.773885 0.019017 0.038217
15 0.119651 0.649682 0.030111 0.050955
15 0.076070 0.638535 0.034865 0.041401
15 0.164025 0.608280 0.030111 0.038217
15 0.180666 0.573248 0.028526 0.050955
15 0.005547 0.492038 0.007924 0.073248
15 0.107765 0.308917 0.028526 0.050955
15 0.076070 0.200637 0.034865 0.050955
15 0.096672 0.089172 0.022187 0.070064
15 0.235341 0.116242 0.033281 0.047771
15 0.358162 0.292994 0.025357 0.044586
15 0.390650 0.377389 0.030111 0.041401
15 0.437401 0.304140 0.031696 0.054140
15 0.418384 0.224522 0.038035 0.066879
15 0.428685 0.603503 0.023772 0.054140
15 0.456418 0.785032 0.025357 0.041401
15 0.534073 0.861465 0.025357 0.066879
15 0.602219 0.566879 0.022187 0.044586
15 0.749604 0.546178 0.053883 0.066879
15 0.983360 0.563694 0.033281 0.044586
15 0.984945 0.719745 0.017433 0.057325
15 0.911252 0.184713 0.034865 0.076433
15 0.811410 0.044586 0.066561 0.082803
