15 0.602326 0.791777 0.046512 0.039788
15 0.822093 0.958886 0.039535 0.045093
15 0.889535 0.909814 0.034884 0.047745
15 0.873256 0.818302 0.039535 0.045093
15 0.908140 0.744032 0.025581 0.034483
15 0.937209 0.564987 0.037209 0.053050
15 0.783721 0.557029 0.055814 0.047745
15 0.748837 0.582228 0.051163 0.050398
15 0.676744 0.594164 0.041860 0.053050
15 0.574419 0.635279 0.051163 0.050398
15 0.461628 0.590186 0.039535 0.045093
15 0.319767 0.661804 0.076744 0.050398
15 0.379070 0.728117 0.027907 0.039788
15 0.416279 0.798408 0.032558 0.042440
15 0.390698 0.920424 0.120930 0.122016
15 0.313953 0.812997 0.023256 0.039788
15 0.230233 0.832891 0.037209 0.042440
15 0.118605 0.765252 0.046512 0.050398
15 0.065116 0.816976 0.046512 0.037135
15 0.074419 0.870027 0.051163 0.031830
15 0.027907 0.554377 0.051163 0.063660
15 0.100000 0.568966 0.041860 0.050398
15 0.183721 0.559682 0.041860 0.047745
15 0.290698 0.563660 0.037209 0.039788
15 0.294186 0.515915 0.044186 0.039788
15 0.402326 0.545093 0.055814 0.066313
15 0.556977 0.391247 0.062791 0.055703
15 0.684884 0.395225 0.034884 0.037135
15 0.626744 0.137931 0.044186 0.047745
15 0.677907 0.149867 0.039535 0.061008
15 0.276744 0.391247 0.041860 0.050398
15 0.324419 0.389920 0.016279 0.031830
15 0.205814 0.396552 0.030233 0.029178
15 0.170930 0.432361 0.030233 0.031830
15 0.112791 0.448276 0.039535 0.021220
15 0.072093 0.384615 0.041860 0.042440
15 0.006977 0.446950 0.009302 0.050398
15 0.044186 0.266578 0.037209 0.045093
15 0.141860 0.250663 0.027907 0.034483
15 0.227907 0.254642 0.027907 0.042440
15 0.273256 0.249337 0.034884 0.037135
15 0.277907 0.279841 0.039535 0.034483
15 0.163953 0.177719 0.053488 0.053050
15 0.103488 0.079576 0.048837 0.047745
15 0.062791 0.103448 0.027907 0.042440
15 0.018605 0.074271 0.032558 0.106101
15 0.175581 0.029178 0.100000 0.047745
15 0.254651 0.092838 0.025581 0.031830
15 0.493023 0.187003 0.032558 0.029178
15 0.444186 0.027851 0.060465 0.050398
15 0.610465 0.342175 0.053488 0.047745
15 0.634884 0.213528 0.027907 0.023873
