15 0.766208 0.795499 0.058939 0.052838
15 0.772102 0.717221 0.027505 0.037182
15 0.787819 0.597847 0.055010 0.064579
15 0.662083 0.702544 0.043222 0.039139
15 0.569745 0.727984 0.039293 0.039139
15 0.548134 0.651663 0.051081 0.046967
15 0.420432 0.541096 0.055010 0.048924
15 0.450884 0.490215 0.041257 0.021526
15 0.308448 0.410959 0.035363 0.031311
15 0.307466 0.318004 0.045187 0.041096
15 0.459725 0.290607 0.070727 0.052838
15 0.427308 0.185910 0.084479 0.046967
15 0.445972 0.120352 0.051081 0.029354
15 0.660118 0.158513 0.043222 0.031311
15 0.570727 0.243640 0.056974 0.056751
15 0.191552 0.204501 0.053045 0.041096
15 0.078585 0.285714 0.043222 0.035225
15 0.024558 0.536204 0.045187 0.046967
15 0.088409 0.571429 0.043222 0.031311
15 0.173870 0.483366 0.045187 0.039139
15 0.099214 0.437378 0.021611 0.021526
15 0.105108 0.754403 0.033399 0.037182
15 0.158153 0.916830 0.033399 0.029354
15 0.140472 0.967710 0.025540 0.025440
15 0.275049 0.635029 0.023576 0.025440
15 0.854617 0.304305 0.031434 0.029354
15 0.848723 0.391389 0.019646 0.035225
