15 0.051920 0.069167 0.018492 0.031667
15 0.380512 0.158333 0.044097 0.026667
15 0.317923 0.222500 0.032717 0.038333
15 0.620910 0.370000 0.046942 0.046667
15 0.847795 0.445833 0.051209 0.035000
15 0.741821 0.520833 0.066856 0.045000
15 0.667141 0.515833 0.036984 0.031667
15 0.697013 0.820000 0.036984 0.033333
15 0.750356 0.783333 0.038407 0.056667
15 0.785917 0.718333 0.018492 0.023333
15 0.953058 0.785000 0.025605 0.043333
15 0.626600 0.946667 0.035562 0.033333
15 0.591750 0.860000 0.036984 0.046667
15 0.362020 0.632500 0.032717 0.021667
15 0.465861 0.702500 0.038407 0.031667
15 0.439545 0.757500 0.045519 0.031667
15 0.283073 0.720833 0.045519 0.018333
15 0.277383 0.807500 0.045519 0.045000
15 0.182788 0.868333 0.044097 0.046667
15 0.029161 0.774167 0.049787 0.071667
15 0.220484 0.526667 0.085349 0.106667
15 0.613087 0.170000 0.028450 0.033333
