15 0.486264 0.069277 0.060440 0.050201
15 0.740385 0.222892 0.090659 0.060241
15 0.855769 0.258032 0.068681 0.034137
15 0.684066 0.303213 0.060440 0.032129
15 0.655220 0.342369 0.063187 0.034137
15 0.421703 0.402610 0.052198 0.030120
15 0.344780 0.287149 0.063187 0.052209
15 0.271978 0.165663 0.093407 0.054217
15 0.487637 0.503012 0.156593 0.086345
15 0.663462 0.555221 0.052198 0.038153
15 0.524725 0.580321 0.065934 0.032129
15 0.567308 0.613454 0.052198 0.034137
15 0.887363 0.673695 0.054945 0.038153
15 0.667582 0.663655 0.065934 0.038153
15 0.270604 0.608434 0.090659 0.044177
15 0.217033 0.668675 0.054945 0.040161
15 0.304945 0.684739 0.049451 0.040161
15 0.486264 0.732932 0.060440 0.044177
15 0.728022 0.846386 0.065934 0.054217
15 0.155220 0.285141 0.063187 0.044177
15 0.148352 0.414659 0.038462 0.034137
15 0.215659 0.826305 0.063187 0.042169
15 0.085165 0.730924 0.082418 0.052209
15 0.026099 0.817269 0.041209 0.032129
15 0.093407 0.915663 0.049451 0.032129
15 0.200549 0.912651 0.049451 0.038153
15 0.299451 0.906627 0.060440 0.046185
15 0.416209 0.836345 0.090659 0.114458
15 0.620879 0.903614 0.076923 0.096386
15 0.476648 0.971888 0.085165 0.056225
15 0.348901 0.982932 0.049451 0.034137
15 0.129121 0.984940 0.054945 0.030120
15 0.026099 0.954819 0.046703 0.030120
15 0.931319 0.954819 0.060440 0.042169
15 0.800824 0.955823 0.074176 0.036145
