15 0.029478 0.068421 0.040816 0.066667
15 0.187075 0.212281 0.043084 0.052632
15 0.114512 0.189474 0.038549 0.049123
15 0.017007 0.233333 0.029478 0.045614
15 0.116780 0.422807 0.115646 0.150877
15 0.199546 0.342105 0.022676 0.038596
15 0.304989 0.326316 0.038549 0.056140
15 0.341270 0.124561 0.034014 0.066667
15 0.392290 0.105263 0.040816 0.070175
15 0.486395 0.045614 0.024943 0.042105
15 0.642857 0.133333 0.052154 0.063158
15 0.589569 0.217544 0.027211 0.035088
15 0.534014 0.331579 0.029478 0.038596
15 0.562358 0.273684 0.031746 0.035088
15 0.482993 0.319298 0.040816 0.049123
15 0.521542 0.159649 0.018141 0.038596
15 0.480726 0.459649 0.040816 0.077193
15 0.515873 0.514035 0.043084 0.052632
15 0.518141 0.591228 0.029478 0.059649
15 0.582766 0.619298 0.036281 0.052632
15 0.544218 0.717544 0.095238 0.108772
15 0.319728 0.598246 0.045351 0.066667
15 0.258503 0.535088 0.040816 0.059649
15 0.178005 0.556140 0.052154 0.073684
15 0.232426 0.663158 0.024943 0.049123
15 0.209751 0.731579 0.043084 0.059649
15 0.178005 0.775439 0.029478 0.049123
15 0.234694 0.861404 0.043084 0.059649
15 0.017007 0.749123 0.029478 0.066667
15 0.053288 0.808772 0.029478 0.045614
15 0.071429 0.870175 0.102041 0.084211
15 0.159864 0.938596 0.079365 0.122807
15 0.806122 0.764912 0.038549 0.049123
15 0.608844 0.738596 0.052154 0.052632
15 0.803855 0.601754 0.034014 0.073684
15 0.866213 0.563158 0.027211 0.038596
15 0.853741 0.489474 0.029478 0.052632
15 0.336735 0.761404 0.038549 0.042105
15 0.367347 0.803509 0.027211 0.035088
15 0.333333 0.889474 0.031746 0.052632
15 0.420635 0.728070 0.024943 0.045614
15 0.403628 0.566667 0.022676 0.038596
15 0.421769 0.475439 0.027211 0.038596
15 0.418367 0.426316 0.020408 0.031579
15 0.375283 0.428070 0.029478 0.035088
15 0.620181 0.422807 0.029478 0.045614
15 0.697279 0.461404 0.034014 0.045614
15 0.982993 0.450877 0.034014 0.052632
15 0.911565 0.331579 0.027211 0.038596
15 0.930839 0.266667 0.024943 0.035088
15 0.979592 0.278947 0.040816 0.066667
15 0.954649 0.189474 0.018141 0.049123
15 0.911565 0.129825 0.036281 0.070175
15 0.857143 0.166667 0.027211 0.038596
15 0.775510 0.200000 0.040816 0.042105
15 0.715420 0.201754 0.052154 0.045614
15 0.664399 0.226316 0.027211 0.038596
15 0.714286 0.077193 0.031746 0.035088
