15 0.721818 0.920765 0.054545 0.081967
15 0.792727 0.871585 0.029091 0.060109
15 0.898182 0.846995 0.043636 0.043716
15 0.785455 0.959016 0.029091 0.038251
15 0.854545 0.978142 0.050909 0.043716
15 0.432727 0.934426 0.043636 0.043716
15 0.541818 0.969945 0.043636 0.060109
15 0.485455 0.860656 0.083636 0.071038
15 0.409091 0.781421 0.047273 0.043716
15 0.438182 0.732240 0.025455 0.032787
15 0.494545 0.767760 0.058182 0.060109
15 0.521818 0.740437 0.061818 0.060109
15 0.569091 0.625683 0.040000 0.071038
15 0.614545 0.612022 0.036364 0.043716
15 0.600000 0.571038 0.036364 0.038251
15 0.607273 0.535519 0.029091 0.043716
15 0.409091 0.718579 0.047273 0.049180
15 0.230909 0.795082 0.069091 0.049180
15 0.310909 0.926230 0.032727 0.038251
15 0.185455 0.975410 0.058182 0.049180
15 0.067273 0.953552 0.083636 0.081967
15 0.045455 0.857923 0.054545 0.054645
15 0.103636 0.751366 0.069091 0.060109
15 0.027273 0.704918 0.040000 0.098361
15 0.114545 0.628415 0.047273 0.054645
15 0.270909 0.620219 0.032727 0.060109
15 0.327273 0.639344 0.050909 0.065574
15 0.305455 0.696721 0.043636 0.038251
15 0.094545 0.530055 0.050909 0.032787
15 0.118182 0.576503 0.047273 0.038251
15 0.145455 0.532787 0.036364 0.027322
15 0.207273 0.505464 0.029091 0.038251
15 0.249091 0.480874 0.032727 0.043716
15 0.363636 0.540984 0.029091 0.054645
15 0.478182 0.538251 0.032727 0.038251
15 0.449091 0.467213 0.025455 0.038251
15 0.336364 0.415301 0.083636 0.076503
15 0.207273 0.396175 0.036364 0.038251
15 0.183636 0.467213 0.047273 0.038251
15 0.136364 0.480874 0.025455 0.032787
15 0.100000 0.445355 0.047273 0.049180
15 0.032727 0.513661 0.036364 0.043716
15 0.016364 0.461749 0.025455 0.049180
15 0.038182 0.418033 0.047273 0.081967
15 0.092727 0.382514 0.054545 0.054645
15 0.154545 0.374317 0.040000 0.092896
15 0.389091 0.338798 0.036364 0.054645
15 0.445455 0.363388 0.061818 0.038251
15 0.469091 0.407104 0.050909 0.071038
15 0.541818 0.418033 0.065455 0.071038
15 0.601818 0.398907 0.032727 0.032787
15 0.663636 0.456284 0.061818 0.060109
15 0.605455 0.459016 0.040000 0.076503
15 0.761818 0.756831 0.061818 0.092896
15 0.847273 0.784153 0.058182 0.071038
15 0.898182 0.743169 0.109091 0.054645
15 0.816364 0.680328 0.076364 0.081967
15 0.841818 0.527322 0.040000 0.081967
15 0.890909 0.508197 0.058182 0.098361
15 0.972727 0.486339 0.054545 0.098361
15 0.921818 0.377049 0.054545 0.054645
15 0.863636 0.349727 0.032727 0.043716
15 0.834545 0.385246 0.025455 0.027322
15 0.876364 0.428962 0.050909 0.060109
15 0.290909 0.322404 0.036364 0.043716
15 0.409091 0.213115 0.032727 0.043716
15 0.510909 0.155738 0.032727 0.038251
15 0.570909 0.213115 0.029091 0.043716
15 0.603636 0.221311 0.029091 0.038251
15 0.536364 0.289617 0.040000 0.054645
15 0.463636 0.303279 0.061818 0.049180
15 0.603636 0.286885 0.029091 0.049180
15 0.663636 0.281421 0.040000 0.049180
15 0.650909 0.188525 0.043636 0.060109
15 0.718182 0.199454 0.032727 0.049180
15 0.730909 0.278689 0.058182 0.065574
15 0.754545 0.360656 0.098182 0.087432
15 0.885455 0.262295 0.229091 0.153005
