15 0.619497 0.100358 0.052411 0.039427
15 0.931866 0.122760 0.056604 0.044803
15 0.306080 0.263441 0.058700 0.035842
15 0.175052 0.455197 0.106918 0.089606
15 0.783019 0.252688 0.077568 0.114695
15 0.870021 0.215950 0.058700 0.051971
15 0.850105 0.340502 0.039832 0.039427
15 0.688679 0.502688 0.044025 0.037634
15 0.721174 0.420251 0.041929 0.034050
15 0.763103 0.448925 0.029350 0.019713
15 0.766247 0.536738 0.035639 0.030466
15 0.831237 0.532258 0.044025 0.032258
15 0.970650 0.606631 0.050314 0.034050
15 0.686583 0.833333 0.060797 0.032258
15 0.788260 0.734767 0.041929 0.035842
15 0.723270 0.771505 0.037736 0.026882
15 0.835430 0.799283 0.056604 0.046595
15 0.953878 0.851254 0.050314 0.043011
15 0.907757 0.868280 0.033543 0.037634
15 0.836478 0.893369 0.058700 0.048387
15 0.914046 0.956093 0.037736 0.037634
15 0.969602 0.984767 0.031447 0.030466
15 0.723270 0.887097 0.041929 0.032258
15 0.564990 0.871864 0.052411 0.026882
15 0.577568 0.804659 0.090147 0.060932
15 0.460168 0.728495 0.039832 0.037634
15 0.299790 0.691756 0.046122 0.050179
15 0.129979 0.794803 0.033543 0.023297
15 0.124738 0.668459 0.039832 0.028674
15 0.146751 0.551075 0.025157 0.019713
15 0.030398 0.571685 0.048218 0.032258
15 0.053459 0.731183 0.048218 0.086022
15 0.335430 0.866487 0.050314 0.034050
15 0.411950 0.864695 0.035639 0.023297
15 0.447589 0.904122 0.027254 0.023297
15 0.481132 0.987455 0.027254 0.025090
15 0.512579 0.957885 0.039832 0.034050
15 0.634172 0.964158 0.056604 0.028674
15 0.661426 0.984767 0.027254 0.030466
15 0.093291 0.907706 0.031447 0.034050
15 0.097484 0.972222 0.035639 0.034050
