15 0.958702 0.085561 0.070796 0.037433
15 0.644543 0.143048 0.061947 0.034759
15 0.553097 0.197861 0.050147 0.048128
15 0.491150 0.290107 0.056047 0.050802
15 0.371681 0.232620 0.088496 0.048128
15 0.317109 0.252674 0.067847 0.061497
15 0.181416 0.125668 0.050147 0.053476
15 0.182891 0.175134 0.023599 0.024064
15 0.228614 0.125668 0.038348 0.048128
15 0.104720 0.339572 0.038348 0.032086
15 0.172566 0.340909 0.056047 0.034759
15 0.154867 0.395722 0.056047 0.042781
15 0.299410 0.342246 0.091445 0.048128
15 0.702065 0.244652 0.053097 0.050802
15 0.855457 0.308824 0.041298 0.045455
15 0.805310 0.335561 0.035398 0.045455
15 0.684366 0.368984 0.064897 0.053476
15 0.557522 0.367647 0.053097 0.045455
15 0.495575 0.450535 0.053097 0.034759
15 0.411504 0.477273 0.056047 0.040107
15 0.471976 0.525401 0.041298 0.040107
15 0.436578 0.612299 0.041298 0.053476
15 0.302360 0.552139 0.050147 0.045455
15 0.261062 0.639037 0.061947 0.053476
15 0.117994 0.573529 0.053097 0.050802
15 0.212389 0.516043 0.029499 0.042781
15 0.259587 0.467914 0.053097 0.032086
15 0.025074 0.594920 0.044248 0.045455
15 0.029499 0.334225 0.053097 0.085561
15 0.075221 0.649733 0.038348 0.032086
15 0.044248 0.700535 0.058997 0.042781
15 0.029499 0.750000 0.053097 0.050802
15 0.144543 0.723262 0.035398 0.050802
15 0.210914 0.772727 0.038348 0.032086
15 0.227139 0.874332 0.047198 0.048128
15 0.146018 0.824866 0.056047 0.045455
15 0.281711 0.939840 0.061947 0.034759
15 0.395280 0.934492 0.064897 0.050802
15 0.443953 0.934492 0.050147 0.034759
15 0.377581 0.859626 0.053097 0.034759
15 0.339233 0.772727 0.041298 0.053476
15 0.414454 0.754011 0.050147 0.037433
15 0.660767 0.838235 0.053097 0.045455
15 0.594395 0.830214 0.050147 0.029412
15 0.561947 0.886364 0.044248 0.040107
15 0.643068 0.955882 0.076696 0.045455
15 0.786136 0.847594 0.061947 0.032086
15 0.800885 0.875668 0.026549 0.024064
15 0.842183 0.915775 0.044248 0.034759
15 0.707965 0.750000 0.053097 0.029412
15 0.699115 0.625668 0.053097 0.058824
15 0.637168 0.588235 0.064897 0.042781
15 0.582596 0.498663 0.056047 0.034759
15 0.669617 0.453209 0.053097 0.040107
15 0.803835 0.467914 0.038348 0.037433
15 0.890855 0.508021 0.053097 0.042781
15 0.892330 0.592246 0.032448 0.024064
15 0.777286 0.605615 0.056047 0.050802
