15 0.610606 0.037079 0.069697 0.047191
15 0.625758 0.125843 0.087879 0.067416
15 0.851515 0.107865 0.072727 0.049438
15 0.950000 0.173034 0.051515 0.031461
15 0.971212 0.222472 0.057576 0.044944
15 0.883333 0.210112 0.033333 0.033708
15 0.774242 0.219101 0.045455 0.029213
15 0.653030 0.185393 0.063636 0.033708
15 0.560606 0.188764 0.060606 0.040449
15 0.469697 0.185393 0.084848 0.069663
15 0.631818 0.297753 0.112121 0.083146
15 0.759091 0.383146 0.069697 0.051685
15 0.845455 0.352809 0.054545 0.040449
15 0.959091 0.374157 0.063636 0.042697
15 0.262121 0.234831 0.118182 0.078652
15 0.106061 0.134831 0.048485 0.049438
15 0.378788 0.346067 0.042424 0.035955
15 0.509091 0.355056 0.048485 0.035955
15 0.565152 0.412360 0.051515 0.024719
15 0.487879 0.391011 0.036364 0.022472
15 0.418182 0.398876 0.115152 0.024719
15 0.584848 0.460674 0.115152 0.058427
15 0.519697 0.486517 0.069697 0.038202
15 0.395455 0.531461 0.081818 0.042697
15 0.351515 0.662921 0.066667 0.062921
15 0.421212 0.604494 0.066667 0.053933
15 0.519697 0.601124 0.045455 0.051685
15 0.656061 0.564045 0.045455 0.035955
15 0.724242 0.640449 0.054545 0.040449
15 0.803030 0.655056 0.048485 0.038202
15 0.840909 0.691011 0.069697 0.051685
15 0.737879 0.696629 0.057576 0.040449
15 0.645455 0.765169 0.066667 0.051685
15 0.648485 0.926966 0.096970 0.060674
15 0.712121 0.785393 0.036364 0.024719
15 0.793939 0.760674 0.072727 0.033708
15 0.690909 0.732584 0.042424 0.026966
15 0.674242 0.689888 0.051515 0.026966
15 0.531818 0.708989 0.057576 0.038202
15 0.422727 0.689888 0.039394 0.031461
15 0.337879 0.734831 0.045455 0.035955
15 0.021212 0.292135 0.036364 0.085393
15 0.096970 0.410112 0.066667 0.029213
15 0.063636 0.456180 0.042424 0.031461
15 0.046970 0.510112 0.063636 0.044944
15 0.100000 0.485393 0.066667 0.026966
15 0.160606 0.532584 0.054545 0.040449
15 0.263636 0.540449 0.066667 0.047191
15 0.134848 0.589888 0.136364 0.051685
15 0.180303 0.661798 0.100000 0.038202
15 0.169697 0.704494 0.066667 0.033708
15 0.268182 0.796629 0.051515 0.042697
15 0.501515 0.911236 0.045455 0.042697
15 0.412121 0.805618 0.060606 0.051685
15 0.221212 0.791011 0.060606 0.053933
15 0.215152 0.857303 0.036364 0.033708
15 0.351515 0.932584 0.163636 0.062921
15 0.107576 0.778652 0.100000 0.056180
15 0.025758 0.698876 0.045455 0.049438
