15 0.044503 0.042683 0.083770 0.080488
15 0.308901 0.017073 0.078534 0.029268
15 0.543194 0.054878 0.075916 0.060976
15 0.900524 0.121951 0.057592 0.048780
15 0.133508 0.136585 0.047120 0.073171
15 0.213351 0.114634 0.028796 0.024390
15 0.302356 0.136585 0.049738 0.039024
15 0.371728 0.103659 0.036649 0.021951
15 0.256545 0.171951 0.047120 0.031707
15 0.373037 0.218293 0.060209 0.065854
15 0.014398 0.245122 0.023560 0.060976
15 0.051047 0.350000 0.070681 0.060976
15 0.112565 0.362195 0.062827 0.036585
15 0.108639 0.428049 0.060209 0.051220
15 0.116492 0.489024 0.044503 0.046341
15 0.172775 0.435366 0.041885 0.031707
15 0.212042 0.481707 0.073298 0.041463
15 0.217277 0.535366 0.047120 0.041463
15 0.166230 0.550000 0.054974 0.036585
15 0.061518 0.565854 0.107330 0.073171
15 0.052356 0.742683 0.094241 0.095122
15 0.286649 0.671951 0.049738 0.031707
15 0.217277 0.702439 0.062827 0.034146
15 0.246073 0.762195 0.052356 0.036585
15 0.229058 0.821951 0.081152 0.048780
15 0.328534 0.823171 0.044503 0.036585
15 0.357330 0.923171 0.039267 0.041463
15 0.441099 0.964634 0.049738 0.046341
15 0.539267 0.901220 0.078534 0.075610
15 0.435864 0.803659 0.075916 0.080488
15 0.510471 0.765854 0.062827 0.063415
15 0.460733 0.642683 0.057592 0.041463
15 0.582461 0.673171 0.065445 0.034146
15 0.603403 0.628049 0.049738 0.026829
15 0.447644 0.512195 0.041885 0.029268
15 0.517016 0.465854 0.065445 0.063415
15 0.378272 0.395122 0.028796 0.039024
15 0.545812 0.371951 0.049738 0.036585
15 0.634817 0.300000 0.060209 0.048780
15 0.946335 0.284146 0.034031 0.031707
15 0.986911 0.353659 0.026178 0.034146
15 0.922775 0.365854 0.049738 0.043902
15 0.954188 0.432927 0.044503 0.036585
15 0.914921 0.547561 0.044503 0.031707
15 0.854712 0.569512 0.034031 0.026829
15 0.797120 0.575610 0.039267 0.039024
15 0.856021 0.626829 0.036649 0.034146
15 0.865183 0.675610 0.039267 0.029268
15 0.799738 0.698780 0.039267 0.041463
15 0.764398 0.768293 0.052356 0.034146
15 0.858639 0.791463 0.078534 0.065854
15 0.839005 0.867073 0.039267 0.031707
15 0.938482 0.934146 0.049738 0.043902
15 0.722513 0.896341 0.068063 0.056098
15 0.640052 0.800000 0.039267 0.034146
