15 0.865936 0.387872 0.032040 0.061785
15 0.405565 0.226545 0.028668 0.064073
15 0.087690 0.361556 0.064081 0.054920
15 0.038786 0.413043 0.037099 0.038902
15 0.180438 0.479405 0.040472 0.038902
15 0.283305 0.273455 0.023609 0.034325
15 0.345700 0.319222 0.037099 0.034325
15 0.530354 0.427918 0.035413 0.045767
15 0.627319 0.418764 0.057336 0.064073
15 0.703204 0.512586 0.047218 0.082380
15 0.612142 0.550343 0.040472 0.052632
15 0.634064 0.645309 0.043845 0.100686
15 0.645025 0.794050 0.048904 0.064073
15 0.660202 0.852403 0.025295 0.020595
15 0.641653 0.905034 0.028668 0.048055
15 0.586847 0.843249 0.040472 0.034325
15 0.432546 0.790618 0.042159 0.052632
15 0.369309 0.870709 0.026981 0.043478
15 0.330523 0.845538 0.026981 0.043478
15 0.301855 0.863844 0.020236 0.043478
15 0.160202 0.886728 0.023609 0.029748
15 0.134907 0.762014 0.016863 0.041190
15 0.195616 0.655606 0.040472 0.061785
15 0.283305 0.685355 0.030354 0.034325
15 0.318718 0.616705 0.033727 0.038902
15 0.445194 0.500000 0.026981 0.029748
15 0.360034 0.419908 0.028668 0.052632
15 0.400506 0.360412 0.032040 0.020595
15 0.460371 0.352403 0.026981 0.045767
15 0.828836 0.024027 0.035413 0.043478
15 0.978921 0.027460 0.038786 0.050343
15 0.993255 0.216247 0.013491 0.057208
15 0.887015 0.124714 0.037099 0.029748
15 0.907251 0.249428 0.030354 0.050343
15 0.956998 0.235698 0.021922 0.032037
15 0.974705 0.884439 0.033727 0.043478
15 0.793423 0.644165 0.028668 0.048055
15 0.720911 0.648741 0.048904 0.048055
15 0.922428 0.546911 0.037099 0.050343
15 0.791737 0.421053 0.018550 0.032037
15 0.795110 0.361556 0.015177 0.013730
