15 0.046816 0.386042 0.041199 0.044170
15 0.064607 0.409011 0.024345 0.030035
15 0.117978 0.454947 0.052434 0.040636
15 0.031835 0.474382 0.033708 0.030035
15 0.034644 0.523852 0.035581 0.026502
15 0.099251 0.528269 0.029963 0.024735
15 0.205993 0.543286 0.037453 0.033569
15 0.386704 0.541519 0.043071 0.044170
15 0.407303 0.496466 0.035581 0.035336
15 0.446629 0.433746 0.039326 0.040636
15 0.441948 0.356890 0.026217 0.021201
15 0.480337 0.334806 0.035581 0.044170
15 0.554307 0.338339 0.026217 0.033569
15 0.588015 0.341873 0.033708 0.044170
15 0.635768 0.325088 0.031835 0.035336
15 0.628277 0.233216 0.024345 0.028269
15 0.691948 0.253534 0.020599 0.037102
15 0.722846 0.174028 0.037453 0.026502
15 0.689139 0.175795 0.018727 0.026502
15 0.544007 0.188163 0.046816 0.026502
15 0.524345 0.084806 0.037453 0.031802
15 0.308052 0.210247 0.039326 0.031802
15 0.266854 0.124558 0.039326 0.030035
15 0.192884 0.123675 0.037453 0.024735
15 0.205056 0.047703 0.035581 0.031802
15 0.152622 0.261484 0.031835 0.031802
15 0.263109 0.316254 0.054307 0.038869
15 0.370787 0.316254 0.022472 0.038869
15 0.401685 0.336572 0.020599 0.026502
15 0.530899 0.436396 0.050562 0.035336
15 0.599251 0.405477 0.029963 0.022968
15 0.625468 0.423145 0.022472 0.022968
15 0.681648 0.431095 0.041199 0.045936
15 0.606742 0.456714 0.059925 0.047703
15 0.019663 0.016784 0.035581 0.030035
15 0.814607 0.158127 0.041199 0.033569
15 0.860487 0.200530 0.046816 0.030035
15 0.830524 0.242933 0.031835 0.033569
15 0.758427 0.247350 0.044944 0.031802
15 0.766854 0.348057 0.035581 0.028269
15 0.742509 0.385159 0.028090 0.028269
15 0.756554 0.438163 0.041199 0.038869
15 0.793071 0.453180 0.016854 0.026502
15 0.808052 0.432862 0.028090 0.021201
15 0.845506 0.406360 0.031835 0.035336
15 0.860487 0.352473 0.035581 0.026502
15 0.884831 0.372792 0.024345 0.028269
15 0.960674 0.343640 0.033708 0.040636
15 0.984082 0.307420 0.031835 0.024735
15 0.920412 0.283569 0.020599 0.033569
15 0.990637 0.213781 0.018727 0.014134
15 0.973783 0.151060 0.041199 0.051237
15 0.982210 0.552120 0.035581 0.030035
15 0.988764 0.491166 0.022472 0.024735
15 0.969101 0.477915 0.020599 0.030035
15 0.985019 0.430212 0.029963 0.026502
15 0.988764 0.374558 0.022472 0.021201
15 0.931648 0.396643 0.020599 0.022968
15 0.936330 0.495583 0.026217 0.044170
15 0.883895 0.512367 0.033708 0.024735
15 0.847378 0.641343 0.043071 0.042403
15 0.985019 0.662544 0.029963 0.035336
15 0.922285 0.700530 0.046816 0.037102
15 0.892322 0.736749 0.035581 0.031802
15 0.956929 0.748233 0.026217 0.026502
15 0.970974 0.807420 0.050562 0.049470
15 0.904494 0.807420 0.041199 0.031802
15 0.824906 0.778269 0.039326 0.044170
15 0.790262 0.730565 0.048689 0.040636
15 0.704120 0.703180 0.044944 0.031802
15 0.630150 0.684629 0.046816 0.030035
15 0.694757 0.663428 0.033708 0.030035
15 0.573034 0.613958 0.048689 0.022968
15 0.549625 0.597173 0.028090 0.021201
15 0.541199 0.632509 0.033708 0.024735
15 0.413858 0.581272 0.044944 0.024735
15 0.346442 0.688163 0.041199 0.026502
15 0.137640 0.611307 0.028090 0.028269
15 0.064607 0.624558 0.043071 0.030035
15 0.167603 0.673145 0.054307 0.035336
15 0.073034 0.694346 0.041199 0.038869
15 0.146067 0.739399 0.037453 0.037102
15 0.166667 0.768551 0.041199 0.038869
15 0.226592 0.729682 0.029963 0.031802
15 0.246255 0.760601 0.043071 0.040636
15 0.308052 0.742933 0.058052 0.037102
15 0.382959 0.846290 0.046816 0.049470
15 0.503745 0.787986 0.029963 0.035336
15 0.489700 0.767668 0.035581 0.037102
15 0.544007 0.761484 0.039326 0.038869
15 0.428839 0.774735 0.044944 0.033569
15 0.203184 0.893110 0.043071 0.044170
15 0.152622 0.897527 0.035581 0.028269
15 0.147004 0.939046 0.050562 0.033569
15 0.380150 0.902827 0.022472 0.031802
15 0.431648 0.902827 0.035581 0.042403
15 0.670412 0.900177 0.041199 0.044170
15 0.697566 0.845406 0.043071 0.033569
15 0.721910 0.829505 0.035581 0.037102
15 0.608614 0.810954 0.048689 0.038869
15 0.844569 0.928445 0.037453 0.033569
15 0.914794 0.922261 0.031835 0.042403
15 0.911049 0.871908 0.031835 0.030035
15 0.706929 0.916961 0.046816 0.049470
