15 0.638748 0.541118 0.065990 0.069079
15 0.717428 0.535362 0.043993 0.037829
15 0.750423 0.489309 0.028765 0.031250
15 0.792724 0.467928 0.025381 0.037829
15 0.880711 0.467928 0.049069 0.050987
15 0.959391 0.400493 0.037225 0.031250
15 0.719120 0.390625 0.047377 0.034539
15 0.691201 0.369243 0.055838 0.037829
15 0.774112 0.336349 0.049069 0.044408
15 0.637056 0.263158 0.042301 0.032895
15 0.426396 0.202303 0.037225 0.032895
15 0.477157 0.157895 0.043993 0.029605
15 0.433164 0.168586 0.030457 0.021382
15 0.637056 0.123355 0.045685 0.032895
15 0.638748 0.162007 0.045685 0.037829
15 0.691201 0.166941 0.028765 0.018092
15 0.698816 0.190789 0.023689 0.019737
15 0.903553 0.157895 0.043993 0.029605
15 0.940778 0.180099 0.027073 0.034539
15 0.964467 0.115132 0.050761 0.042763
15 0.931472 0.115132 0.035533 0.029605
15 0.842640 0.082237 0.033841 0.036184
15 0.800338 0.041941 0.047377 0.037829
15 0.748731 0.068257 0.038917 0.037829
15 0.353638 0.611842 0.047377 0.042763
15 0.252961 0.600329 0.059222 0.032895
15 0.148054 0.533717 0.032149 0.021382
15 0.193739 0.479441 0.035533 0.034539
15 0.159052 0.443257 0.043993 0.041118
15 0.225042 0.446546 0.040609 0.021382
15 0.335025 0.421875 0.047377 0.037829
15 0.430626 0.380757 0.038917 0.037829
15 0.338409 0.348684 0.037225 0.026316
15 0.256345 0.324013 0.055838 0.032895
15 0.191201 0.351151 0.037225 0.027961
15 0.106599 0.316612 0.050761 0.044408
15 0.128596 0.264803 0.033841 0.029605
15 0.107445 0.193257 0.032149 0.034539
15 0.041455 0.207237 0.042301 0.036184
15 0.085448 0.055921 0.038917 0.046053
15 0.047377 0.039474 0.023689 0.036184
15 0.547377 0.731908 0.045685 0.039474
15 0.654822 0.693257 0.027073 0.027961
15 0.652284 0.764803 0.032149 0.026316
15 0.863790 0.721217 0.025381 0.037829
15 0.742809 0.730263 0.023689 0.029605
15 0.747885 0.668586 0.030457 0.034539
15 0.791032 0.617599 0.028765 0.037829
15 0.880711 0.648026 0.035533 0.042763
15 0.927242 0.532072 0.033841 0.037829
15 0.426396 0.880757 0.037225 0.034539
15 0.796108 0.952303 0.045685 0.039474
15 0.829949 0.921053 0.028765 0.029605
15 0.890017 0.922697 0.037225 0.036184
15 0.919628 0.844572 0.032149 0.027961
15 0.770728 0.865954 0.042301 0.027961
15 0.785956 0.811678 0.032149 0.031250
15 0.741117 0.795230 0.033841 0.031250
15 0.273266 0.986842 0.032149 0.026316
15 0.204738 0.986020 0.030457 0.027961
15 0.243655 0.866776 0.047377 0.039474
15 0.171743 0.786184 0.049069 0.042763
15 0.116751 0.746711 0.040609 0.046053
15 0.036379 0.691612 0.042301 0.034539
15 0.056684 0.968750 0.035533 0.042763
15 0.299492 0.669408 0.037225 0.032895
15 0.371404 0.743421 0.028765 0.029605
15 0.335871 0.809211 0.035533 0.036184
15 0.436548 0.775493 0.030457 0.034539
15 0.043147 0.396382 0.028765 0.039474
15 0.077834 0.382401 0.027073 0.034539
15 0.063452 0.327303 0.018613 0.032895
15 0.530457 0.047697 0.025381 0.039474
15 0.571066 0.025493 0.032149 0.021382
15 0.455161 0.047697 0.037225 0.023026
