15 0.214781 0.827009 0.055427 0.055804
15 0.336028 0.869420 0.094688 0.069196
15 0.465358 0.829241 0.053118 0.042411
15 0.407621 0.776786 0.034642 0.035714
15 0.497691 0.787946 0.039261 0.031250
15 0.304850 0.750000 0.050808 0.031250
15 0.307159 0.697545 0.041570 0.037946
15 0.303695 0.646205 0.030023 0.033482
15 0.360277 0.618304 0.050808 0.044643
15 0.323326 0.531250 0.027714 0.035714
15 0.352194 0.530134 0.025404 0.029018
15 0.394919 0.505580 0.046189 0.037946
15 0.555427 0.507812 0.071594 0.042411
15 0.452656 0.580357 0.041570 0.044643
15 0.108545 0.558036 0.060046 0.044643
15 0.178984 0.488839 0.039261 0.044643
15 0.092379 0.459821 0.046189 0.035714
15 0.157044 0.409598 0.023095 0.020089
15 0.185912 0.415179 0.011547 0.017857
15 0.217090 0.433036 0.032333 0.026786
15 0.035797 0.358259 0.034642 0.033482
15 0.488453 0.371652 0.039261 0.037946
15 0.722864 0.691964 0.046189 0.040179
15 0.655889 0.703125 0.023095 0.031250
15 0.561201 0.671875 0.032333 0.031250
15 0.698614 0.774554 0.048499 0.035714
15 0.054273 0.828125 0.039261 0.031250
15 0.075058 0.691964 0.048499 0.035714
15 0.069284 0.737723 0.041570 0.029018
15 0.687067 0.950893 0.034642 0.035714
15 0.780600 0.908482 0.046189 0.040179
15 0.788684 0.873884 0.034642 0.033482
15 0.899538 0.879464 0.043880 0.026786
15 0.886836 0.843750 0.036952 0.031250
15 0.939954 0.833705 0.023095 0.024554
15 0.866051 0.720982 0.046189 0.040179
15 0.936490 0.750000 0.025404 0.035714
15 0.899538 0.676339 0.034642 0.026786
15 0.867206 0.621652 0.034642 0.037946
15 0.938799 0.506696 0.039261 0.058036
15 0.771363 0.410714 0.060046 0.044643
15 0.966513 0.340402 0.034642 0.042411
15 0.733256 0.223214 0.057737 0.044643
15 0.648961 0.216518 0.050808 0.049107
15 0.444573 0.190848 0.057737 0.033482
15 0.399538 0.237723 0.041570 0.037946
15 0.293303 0.228795 0.036952 0.033482
15 0.232102 0.213170 0.048499 0.029018
15 0.290993 0.157366 0.083141 0.069196
15 0.198614 0.109375 0.046189 0.026786
15 0.367206 0.104911 0.032333 0.035714
15 0.369515 0.061384 0.046189 0.033482
15 0.661663 0.078125 0.020785 0.031250
15 0.688222 0.054688 0.032333 0.033482
15 0.749423 0.065848 0.034642 0.033482
15 0.863741 0.093750 0.050808 0.040179
15 0.937644 0.068080 0.046189 0.042411
15 0.071594 0.103795 0.060046 0.037946
15 0.090069 0.022321 0.032333 0.026786
15 0.471132 0.900670 0.050808 0.051339
15 0.535797 0.860491 0.027714 0.033482
15 0.206697 0.985491 0.062356 0.029018
15 0.314088 0.982143 0.046189 0.035714
15 0.323326 0.930804 0.027714 0.035714
15 0.748268 0.518973 0.055427 0.051339
15 0.779446 0.664062 0.034642 0.042411
