15 0.443015 0.568562 0.055147 0.040134
15 0.533088 0.516722 0.044118 0.030100
15 0.569853 0.525084 0.036765 0.033445
15 0.551471 0.566890 0.036765 0.036789
15 0.709559 0.513378 0.044118 0.036789
15 0.569853 0.423077 0.058824 0.036789
15 0.409926 0.449833 0.047794 0.043478
15 0.314338 0.459866 0.069853 0.050167
15 0.255515 0.463211 0.033088 0.030100
15 0.237132 0.518395 0.055147 0.040134
15 0.148897 0.531773 0.069853 0.073579
15 0.082721 0.436455 0.033088 0.036789
15 0.044118 0.426421 0.044118 0.036789
15 0.042279 0.297659 0.047794 0.040134
15 0.167279 0.312709 0.040441 0.043478
15 0.251838 0.349498 0.033088 0.036789
15 0.319853 0.339465 0.044118 0.050167
15 0.367647 0.279264 0.051471 0.036789
15 0.595588 0.306020 0.036765 0.030100
15 0.503676 0.245819 0.029412 0.030100
15 0.547794 0.168896 0.036765 0.030100
15 0.593750 0.120401 0.033088 0.026756
15 0.371324 0.170569 0.044118 0.033445
15 0.294118 0.227425 0.044118 0.026756
15 0.257353 0.207358 0.029412 0.033445
15 0.235294 0.137124 0.044118 0.033445
15 0.088235 0.115385 0.044118 0.036789
15 0.108456 0.066890 0.062500 0.053512
15 0.288603 0.055184 0.033088 0.036789
15 0.362132 0.066890 0.025735 0.033445
15 0.422794 0.660535 0.051471 0.036789
15 0.303309 0.568562 0.062500 0.040134
15 0.343750 0.526756 0.055147 0.043478
15 0.674632 0.795987 0.062500 0.073579
15 0.731618 0.678930 0.036765 0.040134
15 0.768382 0.633779 0.029412 0.036789
15 0.738971 0.575251 0.088235 0.053512
15 0.805147 0.632107 0.044118 0.046823
15 0.604779 0.617057 0.055147 0.083612
15 0.718750 0.234114 0.055147 0.053512
15 0.794118 0.222408 0.029412 0.056856
15 0.821691 0.187291 0.033088 0.026756
15 0.821691 0.095318 0.025735 0.036789
15 0.056985 0.792642 0.077206 0.066890
15 0.034926 0.729097 0.040441 0.026756
15 0.215074 0.707358 0.055147 0.036789
15 0.172794 0.715719 0.044118 0.033445
15 0.154412 0.790970 0.044118 0.043478
15 0.169118 0.911371 0.051471 0.050167
15 0.090074 0.872910 0.040441 0.033445
15 0.014706 0.961538 0.022059 0.036789
15 0.196691 0.959866 0.033088 0.026756
15 0.224265 0.959866 0.022059 0.026756
15 0.272059 0.916388 0.066176 0.053512
15 0.354779 0.822742 0.040441 0.033445
15 0.398897 0.892977 0.040441 0.040134
15 0.352941 0.903010 0.029412 0.033445
15 0.290441 0.667224 0.066176 0.063545
15 0.398897 0.724080 0.033088 0.023411
15 0.536765 0.744147 0.044118 0.030100
15 0.613971 0.734114 0.029412 0.036789
15 0.573529 0.862876 0.051471 0.046823
15 0.652574 0.936455 0.040441 0.040134
15 0.854779 0.028428 0.040441 0.043478
15 0.801471 0.036789 0.029412 0.040134
15 0.700368 0.436455 0.033088 0.030100
15 0.753676 0.456522 0.029412 0.030100
15 0.784926 0.456522 0.018382 0.023411
15 0.806985 0.438127 0.011029 0.026756
15 0.658088 0.389632 0.036765 0.030100
15 0.750000 0.356187 0.022059 0.030100
15 0.205882 0.598662 0.051471 0.033445
15 0.509191 0.862876 0.018382 0.026756
15 0.395221 0.966555 0.033088 0.026756
15 0.224265 0.862876 0.036765 0.040134
15 0.158088 0.657191 0.044118 0.036789
15 0.523897 0.020067 0.055147 0.033445
