15 0.363147 0.688645 0.023707 0.036630
15 0.366379 0.648352 0.021552 0.036630
15 0.395474 0.624542 0.019397 0.032967
15 0.677802 0.798535 0.040948 0.051282
15 0.592672 0.747253 0.043103 0.051282
15 0.592672 0.809524 0.021552 0.029304
15 0.558190 0.804029 0.021552 0.025641
15 0.606681 0.877289 0.019397 0.040293
15 0.561422 0.901099 0.019397 0.029304
15 0.481681 0.805861 0.075431 0.131868
15 0.669181 0.902930 0.015086 0.032967
15 0.689655 0.899267 0.012931 0.025641
15 0.715517 0.915751 0.030172 0.065934
15 0.744612 0.897436 0.019397 0.029304
15 0.765086 0.862637 0.012931 0.025641
15 0.753233 0.796703 0.023707 0.040293
15 0.784483 0.798535 0.025862 0.043956
15 0.726293 0.690476 0.030172 0.054945
15 0.672414 0.684982 0.025862 0.043956
15 0.687500 0.523810 0.025862 0.051282
15 0.630388 0.586081 0.023707 0.043956
15 0.607759 0.543956 0.021552 0.040293
15 0.571121 0.573260 0.034483 0.040293
15 0.535560 0.553114 0.023707 0.043956
15 0.576509 0.505495 0.023707 0.051282
15 0.585129 0.448718 0.028017 0.040293
15 0.558190 0.439560 0.025862 0.043956
15 0.533405 0.437729 0.019397 0.032967
15 0.496767 0.426740 0.019397 0.032967
15 0.471983 0.406593 0.030172 0.036630
15 0.399784 0.355311 0.032328 0.043956
15 0.380388 0.364469 0.023707 0.032967
15 0.365302 0.543956 0.010776 0.032967
15 0.377155 0.476190 0.017241 0.029304
15 0.391164 0.441392 0.015086 0.025641
15 0.405172 0.437729 0.012931 0.032967
15 0.451509 0.514652 0.015086 0.032967
15 0.493534 0.529304 0.017241 0.032967
15 0.485991 0.639194 0.015086 0.032967
15 0.459052 0.688645 0.017241 0.043956
15 0.559267 0.695971 0.019397 0.029304
15 0.570043 0.631868 0.028017 0.032967
15 0.670259 0.615385 0.012931 0.029304
15 0.691810 0.628205 0.017241 0.032967
15 0.771552 0.575092 0.021552 0.029304
15 0.785560 0.609890 0.019397 0.032967
15 0.831897 0.609890 0.025862 0.040293
15 0.823276 0.646520 0.021552 0.040293
15 0.851293 0.664835 0.012931 0.032967
15 0.823276 0.714286 0.017241 0.029304
15 0.792026 0.727106 0.023707 0.032967
15 0.838362 0.769231 0.017241 0.029304
15 0.827586 0.811355 0.017241 0.018315
15 0.824353 0.829670 0.015086 0.025641
15 0.813578 0.844322 0.015086 0.025641
15 0.879310 0.945055 0.025862 0.043956
15 0.820043 0.919414 0.015086 0.029304
15 0.797414 0.919414 0.017241 0.021978
15 0.778017 0.935897 0.021552 0.032967
15 0.830819 0.888278 0.019397 0.025641
15 0.869612 0.858974 0.023707 0.025641
15 0.863147 0.835165 0.015086 0.029304
15 0.887931 0.818681 0.021552 0.040293
15 0.924569 0.767399 0.021552 0.047619
15 0.891164 0.730769 0.028017 0.032967
15 0.949353 0.741758 0.015086 0.032967
15 0.897629 0.666667 0.028017 0.029304
15 0.892241 0.626374 0.051724 0.043956
15 0.864224 0.591575 0.025862 0.040293
15 0.883621 0.564103 0.021552 0.021978
15 0.899784 0.580586 0.019397 0.025641
15 0.947198 0.626374 0.010776 0.029304
15 0.967672 0.613553 0.030172 0.047619
15 0.968750 0.677656 0.028017 0.051282
15 0.871767 0.521978 0.032328 0.040293
15 0.849138 0.540293 0.017241 0.032967
15 0.813578 0.527473 0.023707 0.029304
15 0.797414 0.500000 0.021552 0.025641
15 0.817888 0.461538 0.023707 0.051282
15 0.845905 0.476190 0.028017 0.043956
15 0.799569 0.417582 0.030172 0.051282
15 0.780172 0.406593 0.021552 0.029304
15 0.778017 0.454212 0.025862 0.029304
15 0.770474 0.483516 0.015086 0.021978
15 0.747845 0.516484 0.017241 0.029304
15 0.715517 0.512821 0.017241 0.029304
15 0.734914 0.510989 0.017241 0.025641
15 0.718750 0.382784 0.028017 0.040293
15 0.720905 0.357143 0.023707 0.025641
15 0.911638 0.369963 0.030172 0.051282
15 0.848060 0.320513 0.023707 0.040293
15 0.831897 0.217949 0.021552 0.025641
15 0.822198 0.236264 0.019397 0.025641
15 0.797414 0.208791 0.017241 0.021978
15 0.756466 0.142857 0.008621 0.036630
15 0.783405 0.091575 0.028017 0.043956
15 0.857759 0.069597 0.021552 0.029304
15 0.836207 0.080586 0.017241 0.021978
15 0.821121 0.058608 0.017241 0.021978
15 0.963362 0.324176 0.021552 0.040293
15 0.990302 0.309524 0.015086 0.032967
15 0.955819 0.443223 0.019397 0.029304
15 0.948276 0.423077 0.012931 0.025641
15 0.896552 0.443223 0.017241 0.029304
15 0.894397 0.423077 0.025862 0.025641
15 0.867457 0.421245 0.019397 0.029304
15 0.849138 0.391941 0.017241 0.029304
15 0.973060 0.531136 0.019397 0.043956
15 0.976293 0.489011 0.017241 0.032967
15 0.990302 0.507326 0.015086 0.032967
15 0.970905 0.375458 0.019397 0.032967
15 0.943966 0.336996 0.017241 0.029304
15 0.934267 0.296703 0.015086 0.029304
15 0.927802 0.278388 0.015086 0.029304
15 0.922414 0.249084 0.017241 0.029304
15 0.979526 0.219780 0.023707 0.029304
15 0.946121 0.186813 0.021552 0.029304
15 0.952586 0.155678 0.017241 0.025641
15 0.975216 0.159341 0.015086 0.025641
15 0.934267 0.067766 0.019397 0.032967
15 0.923491 0.040293 0.023707 0.036630
15 0.952586 0.036630 0.017241 0.029304
15 0.730603 0.091575 0.017241 0.043956
15 0.677802 0.056777 0.019397 0.025641
15 0.633621 0.150183 0.017241 0.043956
15 0.598060 0.208791 0.023707 0.036630
15 0.600216 0.260073 0.019397 0.021978
15 0.622845 0.245421 0.017241 0.029304
15 0.598060 0.296703 0.015086 0.029304
15 0.577586 0.287546 0.017241 0.025641
15 0.546336 0.307692 0.028017 0.043956
15 0.515086 0.280220 0.021552 0.025641
15 0.473060 0.271062 0.023707 0.036630
15 0.495690 0.228938 0.008621 0.025641
15 0.505388 0.195971 0.019397 0.025641
15 0.542026 0.150183 0.015086 0.029304
15 0.461207 0.137363 0.043103 0.040293
15 0.453664 0.175824 0.023707 0.036630
15 0.477371 0.179487 0.019397 0.029304
15 0.301724 0.699634 0.021552 0.036630
15 0.283405 0.670330 0.023707 0.029304
15 0.258621 0.652015 0.030172 0.029304
15 0.248922 0.695971 0.023707 0.029304
15 0.289871 0.604396 0.023707 0.029304
15 0.295259 0.545788 0.017241 0.036630
15 0.324353 0.564103 0.023707 0.029304
15 0.262931 0.587912 0.025862 0.040293
15 0.252155 0.584249 0.025862 0.032967
15 0.238147 0.587912 0.019397 0.032967
15 0.215517 0.567766 0.025862 0.029304
15 0.221983 0.595238 0.021552 0.032967
15 0.182112 0.534799 0.019397 0.043956
15 0.255388 0.474359 0.015086 0.032967
15 0.162716 0.445055 0.032328 0.054945
15 0.099138 0.424908 0.030172 0.036630
15 0.049569 0.461538 0.038793 0.051282
15 0.026940 0.390110 0.023707 0.032967
15 0.030172 0.360806 0.017241 0.025641
15 0.062500 0.358974 0.017241 0.029304
15 0.081897 0.239927 0.030172 0.054945
15 0.149784 0.289377 0.023707 0.036630
15 0.245690 0.311355 0.021552 0.043956
15 0.221983 0.263736 0.021552 0.036630
15 0.170259 0.170330 0.043103 0.054945
15 0.172414 0.115385 0.034483 0.032967
15 0.272629 0.120879 0.028017 0.029304
15 0.290948 0.183150 0.021552 0.043956
15 0.322198 0.058608 0.019397 0.043956
15 0.261853 0.065934 0.023707 0.029304
15 0.435345 0.043956 0.021552 0.043956
15 0.114224 0.082418 0.017241 0.025641
15 0.143319 0.058608 0.015086 0.029304
15 0.078664 0.065934 0.023707 0.029304
15 0.655172 0.375458 0.025862 0.040293
15 0.620690 0.362637 0.021552 0.029304
15 0.625000 0.423077 0.034483 0.047619
15 0.604526 0.401099 0.019397 0.025641
15 0.591595 0.390110 0.023707 0.025641
15 0.758621 0.313187 0.017241 0.032967
15 0.692888 0.272894 0.040948 0.032967
15 0.682112 0.309524 0.019397 0.040293
15 0.851293 0.152015 0.021552 0.032967
15 0.774784 0.036630 0.028017 0.029304
15 0.752155 0.036630 0.025862 0.029304
15 0.294181 0.344322 0.019397 0.029304
15 0.331897 0.282051 0.021552 0.021978
15 0.375000 0.173993 0.017241 0.032967
15 0.403017 0.168498 0.012931 0.036630
15 0.163793 0.644689 0.021552 0.043956
15 0.881466 0.239927 0.017241 0.025641
