15 0.359712 0.662983 0.043165 0.055249
15 0.325540 0.588398 0.025180 0.049724
15 0.365108 0.549724 0.032374 0.049724
15 0.266187 0.558011 0.035971 0.055249
15 0.232014 0.508287 0.039568 0.044199
15 0.246403 0.640884 0.039568 0.055249
15 0.294964 0.743094 0.035971 0.060773
15 0.437050 0.618785 0.017986 0.022099
15 0.471223 0.671271 0.028777 0.038674
15 0.498201 0.723757 0.039568 0.066298
15 0.535971 0.676796 0.050360 0.027624
15 0.537770 0.809392 0.032374 0.060773
15 0.597122 0.770718 0.043165 0.082873
15 0.588129 0.560773 0.068345 0.049724
15 0.600719 0.616022 0.043165 0.071823
15 0.546763 0.494475 0.028777 0.049724
15 0.510791 0.494475 0.035971 0.049724
15 0.444245 0.488950 0.039568 0.060773
15 0.406475 0.505525 0.035971 0.038674
15 0.402878 0.466851 0.035971 0.049724
15 0.366906 0.475138 0.043165 0.055249
15 0.778777 0.472376 0.061151 0.049724
15 0.748201 0.500000 0.021583 0.027624
15 0.714029 0.450276 0.039568 0.038674
15 0.733813 0.414365 0.021583 0.044199
15 0.753597 0.361878 0.039568 0.038674
15 0.848921 0.337017 0.057554 0.066298
15 0.836331 0.444751 0.025180 0.038674
15 0.836331 0.486188 0.025180 0.033149
15 0.899281 0.500000 0.021583 0.038674
15 0.911871 0.466851 0.017986 0.060773
15 0.868705 0.425414 0.025180 0.044199
15 0.922662 0.406077 0.032374 0.049724
15 0.908273 0.348066 0.032374 0.055249
15 0.946043 0.312155 0.035971 0.060773
15 0.920863 0.270718 0.021583 0.044199
15 0.926259 0.243094 0.039568 0.044199
15 0.892086 0.270718 0.028777 0.022099
15 0.852518 0.232044 0.021583 0.033149
15 0.832734 0.171271 0.039568 0.044199
15 0.775180 0.204420 0.025180 0.033149
15 0.739209 0.190608 0.025180 0.027624
15 0.732014 0.146409 0.025180 0.038674
15 0.703237 0.212707 0.017986 0.027624
15 0.669065 0.215470 0.035971 0.033149
15 0.627698 0.209945 0.039568 0.033149
15 0.586331 0.193370 0.028777 0.033149
15 0.607914 0.174033 0.035971 0.038674
15 0.571942 0.146409 0.021583 0.027624
15 0.508993 0.157459 0.039568 0.038674
15 0.532374 0.245856 0.035971 0.049724
15 0.541367 0.215470 0.017986 0.022099
15 0.564748 0.265193 0.021583 0.022099
15 0.586331 0.273481 0.035971 0.038674
15 0.611511 0.287293 0.021583 0.022099
15 0.613309 0.372928 0.025180 0.038674
15 0.602518 0.455801 0.025180 0.038674
15 0.525180 0.381215 0.035971 0.033149
15 0.453237 0.381215 0.050360 0.044199
15 0.656475 0.544199 0.025180 0.038674
15 0.694245 0.292818 0.035971 0.044199
15 0.735612 0.533149 0.061151 0.049724
15 0.688849 0.591160 0.046763 0.055249
15 0.712230 0.624309 0.028777 0.044199
15 0.796763 0.577348 0.025180 0.038674
15 0.850719 0.643646 0.039568 0.060773
15 0.852518 0.685083 0.035971 0.055249
15 0.922662 0.635359 0.025180 0.044199
15 0.973022 0.618785 0.039568 0.066298
15 0.928058 0.472376 0.014388 0.049724
15 0.937050 0.519337 0.046763 0.066298
15 0.971223 0.491713 0.021583 0.033149
15 0.982014 0.441989 0.035971 0.066298
15 0.935252 0.411602 0.035971 0.038674
15 0.232014 0.328729 0.032374 0.038674
15 0.181655 0.361878 0.053957 0.049724
15 0.160072 0.331492 0.046763 0.044199
15 0.199640 0.223757 0.025180 0.049724
15 0.226619 0.220994 0.028777 0.033149
15 0.179856 0.223757 0.028777 0.049724
15 0.174460 0.171271 0.017986 0.033149
15 0.266187 0.185083 0.028777 0.038674
15 0.300360 0.232044 0.025180 0.033149
15 0.354317 0.234807 0.025180 0.027624
15 0.390288 0.198895 0.017986 0.033149
15 0.350719 0.165746 0.032374 0.044199
15 0.093525 0.265193 0.021583 0.033149
15 0.071942 0.259669 0.028777 0.044199
15 0.071942 0.201657 0.028777 0.049724
15 0.034173 0.187845 0.032374 0.044199
15 0.017986 0.383978 0.028777 0.049724
15 0.068345 0.541436 0.035971 0.055249
15 0.118705 0.508287 0.035971 0.044199
15 0.107914 0.629834 0.064748 0.066298
15 0.253597 0.969613 0.039568 0.060773
15 0.388489 0.914365 0.057554 0.082873
15 0.437050 0.875691 0.046763 0.071823
15 0.660072 0.919890 0.068345 0.093923
15 0.856115 0.977901 0.028777 0.044199
15 0.883094 0.950276 0.032374 0.044199
15 0.915468 0.803867 0.032374 0.038674
15 0.940647 0.743094 0.039568 0.038674
15 0.982014 0.964088 0.035971 0.049724
15 0.987410 0.903315 0.025180 0.038674
15 0.052158 0.883978 0.032374 0.044199
15 0.116906 0.975138 0.025180 0.049724
15 0.154676 0.983425 0.014388 0.033149
15 0.174460 0.118785 0.025180 0.027624
15 0.140288 0.093923 0.028777 0.044199
15 0.098921 0.066298 0.017986 0.033149
15 0.064748 0.082873 0.021583 0.033149
15 0.028777 0.069061 0.028777 0.038674
15 0.161871 0.044199 0.021583 0.022099
15 0.183453 0.027624 0.021583 0.033149
15 0.266187 0.077348 0.021583 0.033149
15 0.366906 0.099448 0.021583 0.033149
15 0.413669 0.069061 0.028777 0.027624
15 0.413669 0.107735 0.028777 0.027624
15 0.456835 0.129834 0.028777 0.027624
15 0.438849 0.196133 0.028777 0.038674
15 0.514388 0.085635 0.021583 0.038674
15 0.546763 0.071823 0.028777 0.033149
15 0.546763 0.091160 0.021583 0.027624
15 0.652878 0.104972 0.025180 0.033149
15 0.651079 0.138122 0.028777 0.033149
15 0.658273 0.074586 0.035971 0.038674
15 0.697842 0.049724 0.035971 0.033149
15 0.683453 0.024862 0.035971 0.027624
15 0.609712 0.027624 0.032374 0.022099
15 0.588129 0.046961 0.039568 0.027624
15 0.528777 0.030387 0.028777 0.027624
15 0.462230 0.046961 0.017986 0.027624
15 0.431655 0.038674 0.028777 0.022099
15 0.321942 0.055249 0.032374 0.033149
15 0.848921 0.091160 0.035971 0.038674
15 0.771583 0.055249 0.032374 0.033149
15 0.762590 0.033149 0.028777 0.033149
15 0.798561 0.033149 0.021583 0.022099
15 0.899281 0.091160 0.021583 0.038674
15 0.910072 0.077348 0.028777 0.033149
15 0.917266 0.176796 0.014388 0.022099
15 0.958633 0.193370 0.025180 0.033149
15 0.983813 0.196133 0.017986 0.027624
15 0.185252 0.502762 0.068345 0.066298
15 0.059353 0.314917 0.046763 0.044199
15 0.294964 0.107735 0.014388 0.027624
15 0.303957 0.179558 0.025180 0.038674
15 0.910072 0.140884 0.028777 0.038674
15 0.676259 0.773481 0.043165 0.066298
15 0.719424 0.759669 0.021583 0.049724
