15 0.354953 0.786378 0.035377 0.043344
15 0.377358 0.732198 0.037736 0.046440
15 0.339623 0.707430 0.037736 0.040248
15 0.314858 0.730650 0.044811 0.043344
15 0.301887 0.670279 0.037736 0.046440
15 0.373821 0.614551 0.040094 0.046440
15 0.428066 0.625387 0.025943 0.043344
15 0.278302 0.634675 0.033019 0.024768
15 0.248821 0.591331 0.035377 0.037152
15 0.198113 0.633127 0.028302 0.034056
15 0.224057 0.568111 0.023585 0.034056
15 0.201651 0.580495 0.025943 0.027864
15 0.207547 0.512384 0.028302 0.034056
15 0.242925 0.493808 0.018868 0.021672
15 0.250000 0.473684 0.028302 0.030960
15 0.265330 0.419505 0.025943 0.034056
15 0.288915 0.400929 0.021226 0.027864
15 0.363208 0.481424 0.028302 0.040248
15 0.403302 0.551084 0.028302 0.037152
15 0.432783 0.507740 0.016509 0.024768
15 0.482311 0.500000 0.025943 0.034056
15 0.564858 0.489164 0.040094 0.061920
15 0.645047 0.438080 0.054245 0.065015
15 0.596698 0.434985 0.018868 0.027864
15 0.596698 0.568111 0.042453 0.052632
15 0.641509 0.616099 0.033019 0.043344
15 0.770047 0.507740 0.049528 0.061920
15 0.731132 0.431889 0.042453 0.046440
15 0.818396 0.472136 0.047170 0.046440
15 0.752358 0.696594 0.037736 0.037152
15 0.832547 0.634675 0.018868 0.043344
15 0.780660 0.577399 0.037736 0.046440
15 0.879717 0.609907 0.028302 0.043344
15 0.928066 0.605263 0.025943 0.034056
15 0.974057 0.617647 0.014151 0.034056
15 0.892689 0.859133 0.044811 0.071207
15 0.779481 0.854489 0.021226 0.037152
15 0.780660 0.791022 0.023585 0.040248
15 0.801887 0.746130 0.023585 0.037152
15 0.711085 0.764706 0.040094 0.049536
15 0.681604 0.761610 0.042453 0.030960
15 0.694575 0.808050 0.044811 0.043344
15 0.621462 0.893189 0.040094 0.046440
15 0.579009 0.823529 0.025943 0.043344
15 0.466981 0.840557 0.037736 0.034056
15 0.443396 0.801858 0.028302 0.049536
15 0.469340 0.775542 0.033019 0.040248
15 0.497642 0.818885 0.028302 0.034056
15 0.375000 0.900929 0.042453 0.037152
15 0.347877 0.921053 0.025943 0.021672
15 0.298349 0.840557 0.040094 0.046440
15 0.245283 0.831269 0.033019 0.046440
15 0.170991 0.829721 0.035377 0.049536
15 0.121462 0.804954 0.025943 0.030960
15 0.121462 0.777090 0.030660 0.024768
15 0.106132 0.746130 0.033019 0.030960
15 0.093160 0.605263 0.054245 0.046440
15 0.027123 0.588235 0.040094 0.049536
15 0.088443 0.507740 0.035377 0.030960
15 0.087264 0.425697 0.028302 0.027864
15 0.087264 0.397833 0.018868 0.015480
15 0.086085 0.365325 0.040094 0.037152
15 0.120283 0.359133 0.028302 0.024768
15 0.148585 0.362229 0.023585 0.030960
15 0.205189 0.360681 0.028302 0.034056
15 0.170991 0.272446 0.035377 0.043344
15 0.250000 0.246130 0.023585 0.052632
15 0.216981 0.150155 0.037736 0.046440
15 0.175708 0.204334 0.025943 0.030960
15 0.158019 0.191950 0.018868 0.024768
15 0.145047 0.139319 0.030660 0.043344
15 0.117925 0.171827 0.028302 0.021672
15 0.120283 0.114551 0.023585 0.030960
15 0.055425 0.162539 0.040094 0.034056
15 0.053066 0.123839 0.040094 0.049536
15 0.018868 0.219814 0.018868 0.049536
15 0.334906 0.164087 0.033019 0.049536
15 0.298349 0.117647 0.030660 0.030960
15 0.379717 0.047988 0.023585 0.034056
15 0.521226 0.210526 0.042453 0.068111
15 0.464623 0.133127 0.033019 0.030960
15 0.445755 0.165635 0.037736 0.040248
15 0.688679 0.140867 0.033019 0.046440
15 0.739387 0.092879 0.035377 0.030960
15 0.744104 0.136223 0.054245 0.055728
15 0.876179 0.120743 0.054245 0.055728
15 0.867925 0.306502 0.023585 0.037152
15 0.937500 0.266254 0.044811 0.055728
15 0.970519 0.238390 0.044811 0.061920
15 0.852594 0.024768 0.030660 0.043344
15 0.163915 0.899381 0.040094 0.046440
15 0.068396 0.860681 0.047170 0.049536
15 0.353774 0.390093 0.037736 0.055728
15 0.410377 0.421053 0.066038 0.105263
15 0.626179 0.312693 0.016509 0.030960
15 0.553066 0.729102 0.025943 0.046440
15 0.889151 0.964396 0.028302 0.052632
15 0.833726 0.975232 0.030660 0.037152
15 0.767689 0.933437 0.040094 0.040248
15 0.924528 0.936533 0.023585 0.034056
15 0.457547 0.900929 0.033019 0.030960
15 0.292453 0.959752 0.037736 0.030960
15 0.275943 0.893189 0.033019 0.040248
15 0.536557 0.549536 0.016509 0.034056
15 0.510613 0.289474 0.040094 0.040248
15 0.645047 0.199690 0.030660 0.021672
15 0.667453 0.255418 0.028302 0.040248
15 0.126179 0.027864 0.035377 0.030960
15 0.062500 0.246130 0.035377 0.040248
