15 0.322581 0.832981 0.078341 0.054968
15 0.193548 0.879493 0.036866 0.042283
15 0.152074 0.756871 0.036866 0.046512
15 0.299539 0.686047 0.055300 0.040169
15 0.355991 0.626850 0.034562 0.040169
15 0.255760 0.543340 0.046083 0.038055
15 0.441244 0.539112 0.052995 0.038055
15 0.528802 0.627907 0.057604 0.038055
15 0.509217 0.742072 0.050691 0.038055
15 0.620968 0.716702 0.048387 0.033827
15 0.739631 0.804440 0.059908 0.048626
15 0.774194 0.848837 0.041475 0.044397
15 0.827189 0.903805 0.032258 0.040169
15 0.869816 0.867865 0.034562 0.040169
15 0.692396 0.632135 0.034562 0.038055
15 0.835253 0.530655 0.048387 0.042283
15 0.215438 0.450317 0.048387 0.038055
15 0.165899 0.410148 0.036866 0.038055
15 0.161290 0.349894 0.059908 0.031712
15 0.059908 0.443975 0.046083 0.042283
15 0.013825 0.479915 0.023041 0.033827
15 0.085253 0.246300 0.041475 0.035941
15 0.058756 0.209302 0.043779 0.029598
15 0.247696 0.212474 0.025346 0.035941
15 0.246544 0.113108 0.059908 0.040169
15 0.866359 0.197674 0.064516 0.065539
15 0.912442 0.301268 0.041475 0.035941
15 0.335253 0.921776 0.029954 0.033827
15 0.456221 0.186047 0.023041 0.021142
15 0.440092 0.221987 0.046083 0.029598
15 0.620968 0.036998 0.043779 0.031712
15 0.687788 0.384778 0.057604 0.046512
