15 0.376392 0.843011 0.044543 0.030108
15 0.337416 0.840860 0.042316 0.030108
15 0.290646 0.831183 0.046771 0.036559
15 0.270601 0.856989 0.033408 0.023656
15 0.241648 0.880645 0.024499 0.019355
15 0.287305 0.902151 0.026726 0.023656
15 0.349666 0.929032 0.031180 0.038710
15 0.685969 0.724731 0.053452 0.060215
15 0.733853 0.749462 0.042316 0.053763
15 0.758352 0.658065 0.042316 0.060215
15 0.787305 0.692473 0.037862 0.038710
15 0.853007 0.689247 0.035635 0.040860
15 0.929844 0.686022 0.042316 0.034409
15 0.913140 0.636559 0.031180 0.034409
15 0.890869 0.566667 0.057906 0.058065
15 0.954343 0.581720 0.028953 0.036559
15 0.866370 0.865591 0.031180 0.036559
15 0.886414 0.838710 0.031180 0.038710
15 0.779510 0.954839 0.031180 0.038710
15 0.802895 0.953763 0.028953 0.032258
15 0.930958 0.956989 0.044543 0.047312
15 0.640312 0.867742 0.028953 0.036559
15 0.702673 0.809677 0.033408 0.036559
15 0.516704 0.856989 0.035635 0.023656
15 0.551225 0.933333 0.046771 0.043011
15 0.201559 0.945161 0.042316 0.036559
15 0.167038 0.951613 0.044543 0.032258
15 0.051225 0.908602 0.057906 0.045161
15 0.064588 0.884946 0.044543 0.045161
15 0.105791 0.889247 0.028953 0.027957
15 0.124722 0.869892 0.026726 0.023656
15 0.059020 0.826882 0.051225 0.040860
15 0.072383 0.784946 0.024499 0.030108
15 0.046771 0.760215 0.035635 0.036559
15 0.201559 0.737634 0.028953 0.030108
15 0.179287 0.704301 0.033408 0.032258
15 0.218263 0.706452 0.031180 0.036559
15 0.242762 0.689247 0.035635 0.032258
15 0.281737 0.702151 0.046771 0.040860
15 0.347439 0.736559 0.031180 0.036559
15 0.369710 0.720430 0.031180 0.043011
15 0.414254 0.753763 0.040089 0.036559
15 0.416481 0.682796 0.031180 0.036559
15 0.321826 0.592473 0.037862 0.036559
15 0.267261 0.632258 0.035635 0.047312
15 0.184855 0.663441 0.044543 0.049462
15 0.105791 0.647312 0.033408 0.038710
15 0.063474 0.665591 0.037862 0.032258
15 0.086860 0.694624 0.035635 0.025806
15 0.023385 0.670968 0.037862 0.043011
15 0.066815 0.588172 0.044543 0.053763
15 0.189310 0.439785 0.048998 0.058065
15 0.261693 0.413978 0.042316 0.049462
15 0.217149 0.396774 0.024499 0.027957
15 0.190423 0.379570 0.028953 0.032258
15 0.157016 0.354839 0.037862 0.034409
15 0.057906 0.412903 0.035635 0.034409
15 0.064588 0.447312 0.040089 0.034409
15 0.012249 0.432258 0.020045 0.030108
15 0.042316 0.204301 0.031180 0.030108
15 0.094655 0.174194 0.055679 0.051613
15 0.139198 0.163441 0.046771 0.043011
15 0.197105 0.118280 0.028953 0.038710
15 0.212695 0.067742 0.024499 0.023656
15 0.212695 0.236559 0.033408 0.038710
15 0.248330 0.253763 0.024499 0.030108
15 0.325167 0.297849 0.026726 0.019355
15 0.338530 0.319355 0.031180 0.032258
15 0.380846 0.417204 0.040089 0.034409
15 0.412027 0.401075 0.044543 0.040860
15 0.461024 0.449462 0.035635 0.025806
15 0.388641 0.503226 0.060134 0.051613
15 0.330735 0.490323 0.042316 0.030108
15 0.279510 0.498925 0.037862 0.034409
15 0.213808 0.527957 0.044543 0.019355
15 0.200445 0.551613 0.031180 0.027957
15 0.429844 0.277419 0.035635 0.038710
15 0.472160 0.283871 0.040089 0.038710
15 0.370824 0.217204 0.046771 0.034409
15 0.315145 0.167742 0.033408 0.025806
15 0.390869 0.119355 0.037862 0.036559
15 0.424276 0.087097 0.028953 0.036559
15 0.485523 0.144086 0.031180 0.038710
15 0.530067 0.147312 0.040089 0.036559
15 0.645880 0.136559 0.035635 0.040860
15 0.693764 0.236559 0.042316 0.043011
15 0.649220 0.247312 0.037862 0.034409
15 0.682628 0.310753 0.042316 0.040860
15 0.792873 0.297849 0.035635 0.036559
15 0.787305 0.332258 0.046771 0.036559
15 0.907572 0.358065 0.033408 0.040860
15 0.829621 0.430108 0.042316 0.047312
15 0.564588 0.364516 0.046771 0.032258
15 0.577951 0.403226 0.051225 0.027957
15 0.584633 0.453763 0.046771 0.064516
15 0.899777 0.158065 0.031180 0.049462
15 0.776169 0.180645 0.033408 0.030108
15 0.612472 0.570968 0.040089 0.045161
15 0.540089 0.568817 0.042316 0.032258
15 0.514477 0.764516 0.031180 0.032258
15 0.566815 0.744086 0.024499 0.034409
15 0.618040 0.778495 0.020045 0.034409
15 0.229399 0.617204 0.022272 0.030108
15 0.488864 0.398925 0.028953 0.032258
15 0.052339 0.079570 0.037862 0.025806
