15 0.467903 0.611617 0.019971 0.029613
15 0.448645 0.582005 0.024251 0.043280
15 0.496434 0.468109 0.025678 0.043280
15 0.437233 0.305239 0.038516 0.054670
15 0.369472 0.225513 0.037090 0.036446
15 0.298859 0.451025 0.032810 0.059226
15 0.240371 0.507973 0.047076 0.054670
15 0.194009 0.439636 0.037090 0.041002
15 0.126961 0.477221 0.034237 0.043280
15 0.160485 0.517084 0.027104 0.045558
15 0.128388 0.556948 0.034237 0.038724
15 0.040656 0.568337 0.038516 0.052392
15 0.090585 0.732346 0.038516 0.061503
15 0.065621 0.773349 0.022825 0.043280
15 0.181170 0.785877 0.025678 0.036446
15 0.221113 0.955581 0.025678 0.034169
15 0.198288 0.982916 0.022825 0.034169
15 0.570613 0.905467 0.022825 0.043280
15 0.652639 0.842825 0.027104 0.041002
15 0.629815 0.749431 0.024251 0.036446
15 0.574180 0.701595 0.032810 0.041002
15 0.556348 0.613895 0.039943 0.034169
15 0.477889 0.701595 0.039943 0.050114
15 0.418688 0.854214 0.024251 0.041002
15 0.669044 0.533030 0.042796 0.045558
15 0.644080 0.613895 0.035663 0.056948
15 0.808845 0.673121 0.028531 0.043280
15 0.835949 0.665148 0.017118 0.045558
15 0.937946 0.727790 0.027104 0.056948
15 0.987874 0.849658 0.024251 0.050114
15 0.640514 0.145786 0.028531 0.041002
15 0.509986 0.112756 0.035663 0.034169
15 0.057061 0.060364 0.028531 0.043280
15 0.052782 0.134396 0.019971 0.050114
15 0.059201 0.212984 0.035663 0.047836
15 0.167618 0.306378 0.032810 0.052392
15 0.888730 0.250569 0.031384 0.050114
15 0.783880 0.269932 0.035663 0.052392
15 0.641227 0.359909 0.024251 0.041002
15 0.826676 0.410023 0.015692 0.027335
15 0.522825 0.558087 0.024251 0.036446
