15 0.313214 0.479310 0.035889 0.043678
15 0.286297 0.517241 0.024470 0.041379
15 0.297716 0.621839 0.021207 0.039080
15 0.169657 0.581609 0.029364 0.036782
15 0.258564 0.732184 0.030995 0.043678
15 0.246330 0.858621 0.029364 0.039080
15 0.340946 0.911494 0.026101 0.034483
15 0.380098 0.802299 0.026101 0.036782
15 0.353181 0.821839 0.024470 0.025287
15 0.683524 0.794253 0.029364 0.057471
15 0.795269 0.905747 0.037520 0.059770
15 0.825449 0.926437 0.016313 0.045977
15 0.805873 0.862069 0.009788 0.022989
15 0.829527 0.872414 0.017945 0.034483
15 0.650082 0.879310 0.030995 0.034483
15 0.631321 0.908046 0.022838 0.032184
15 0.722675 0.937931 0.029364 0.022989
15 0.713703 0.963218 0.017945 0.022989
15 0.986949 0.822989 0.026101 0.032184
15 0.323002 0.401149 0.032626 0.039080
15 0.336868 0.293103 0.040783 0.039080
15 0.311582 0.198851 0.039152 0.048276
15 0.265905 0.121839 0.022838 0.027586
15 0.338499 0.101149 0.017945 0.027586
15 0.318108 0.032184 0.032626 0.027586
15 0.154976 0.314943 0.045677 0.050575
15 0.131321 0.225287 0.034258 0.041379
15 0.084013 0.152874 0.037520 0.048276
15 0.022023 0.504598 0.040783 0.039080
15 0.030179 0.582759 0.017945 0.029885
15 0.007341 0.674713 0.011419 0.034483
15 0.751223 0.290805 0.044046 0.052874
15 0.638662 0.506897 0.050571 0.071264
15 0.557912 0.570115 0.042414 0.059770
15 0.429038 0.586207 0.042414 0.064368
15 0.400489 0.481609 0.024470 0.043678
15 0.552202 0.274713 0.024470 0.048276
15 0.619902 0.186207 0.035889 0.050575
15 0.590538 0.044828 0.035889 0.043678
15 0.826264 0.154023 0.030995 0.041379
15 0.949429 0.202299 0.022838 0.050575
15 0.748777 0.213793 0.026101 0.032184
15 0.024470 0.029885 0.029364 0.055172
15 0.744698 0.470115 0.030995 0.043678
15 0.529364 0.365517 0.027732 0.032184
15 0.384176 0.648276 0.021207 0.041379
15 0.481240 0.666667 0.026101 0.032184
15 0.551387 0.645977 0.022838 0.041379
15 0.246330 0.571264 0.039152 0.039080
