15 0.487179 0.441667 0.042735 0.072222
15 0.434829 0.638889 0.040598 0.050000
15 0.444444 0.569444 0.025641 0.044444
15 0.345085 0.747222 0.074786 0.100000
15 0.606838 0.862500 0.055556 0.075000
15 0.774573 0.813889 0.049145 0.066667
15 0.810897 0.772222 0.027778 0.044444
15 0.822650 0.733333 0.034188 0.044444
15 0.826923 0.669444 0.029915 0.044444
15 0.842949 0.590278 0.027778 0.052778
15 0.827991 0.502778 0.040598 0.033333
15 0.965812 0.347222 0.068376 0.066667
15 0.793803 0.313889 0.036325 0.033333
15 0.778846 0.415278 0.036325 0.047222
15 0.861111 0.076389 0.038462 0.052778
15 0.298077 0.106944 0.023504 0.041667
15 0.204060 0.277778 0.049145 0.055556
15 0.197650 0.330556 0.061966 0.066667
15 0.155983 0.369444 0.021368 0.038889
15 0.111111 0.229167 0.038462 0.052778
15 0.051282 0.302778 0.051282 0.066667
15 0.061966 0.065278 0.034188 0.047222
15 0.130342 0.126389 0.038462 0.036111
15 0.251068 0.565278 0.036325 0.058333
15 0.207265 0.479167 0.034188 0.036111
15 0.115385 0.451389 0.047009 0.041667
15 0.478632 0.730556 0.038462 0.044444
15 0.513889 0.615278 0.032051 0.041667
15 0.466880 0.665278 0.032051 0.041667
15 0.576923 0.791667 0.021368 0.033333
15 0.702991 0.823611 0.025641 0.041667
15 0.902778 0.902778 0.040598 0.050000
15 0.920940 0.836111 0.029915 0.044444
15 0.934829 0.729167 0.040598 0.052778
15 0.971154 0.747222 0.027778 0.050000
15 0.689103 0.952778 0.044872 0.038889
15 0.738248 0.925000 0.032051 0.044444
15 0.851496 0.961111 0.036325 0.050000
