15 0.386957 0.590465 0.043478 0.051345
15 0.426957 0.536675 0.040000 0.051345
15 0.549565 0.638142 0.048696 0.058680
15 0.605217 0.591687 0.031304 0.034230
15 0.663478 0.614914 0.026087 0.036675
15 0.830435 0.778729 0.071304 0.090465
15 0.839130 0.894866 0.033043 0.058680
15 0.864348 0.885086 0.020870 0.034230
15 0.987826 0.789731 0.024348 0.044010
15 0.944348 0.694377 0.020870 0.039120
15 0.958261 0.262836 0.048696 0.061125
15 0.890435 0.202934 0.045217 0.058680
15 0.903478 0.162592 0.022609 0.031785
15 0.760870 0.363081 0.029565 0.061125
15 0.824348 0.319071 0.020870 0.031785
15 0.863478 0.347188 0.033043 0.044010
15 0.560000 0.292176 0.031304 0.051345
15 0.369565 0.220049 0.046957 0.053790
15 0.227826 0.289731 0.034783 0.046455
15 0.342609 0.849633 0.052174 0.056235
15 0.338261 0.770171 0.036522 0.048900
15 0.251304 0.843521 0.036522 0.053790
15 0.211304 0.882641 0.036522 0.048900
15 0.181739 0.889976 0.033043 0.039120
15 0.104348 0.830073 0.038261 0.046455
15 0.134783 0.754279 0.036522 0.056235
15 0.080870 0.707824 0.033043 0.046455
15 0.020870 0.698044 0.024348 0.051345
15 0.130435 0.569682 0.038261 0.048900
15 0.065217 0.427873 0.033043 0.048900
15 0.017391 0.480440 0.027826 0.046455
15 0.320870 0.415648 0.026087 0.048900
15 0.390435 0.410758 0.036522 0.048900
15 0.114783 0.177262 0.052174 0.066015
15 0.171304 0.116137 0.036522 0.051345
15 0.216522 0.143032 0.029565 0.036675
15 0.066087 0.085575 0.031304 0.039120
15 0.596522 0.040342 0.034783 0.046455
15 0.668696 0.185819 0.033043 0.048900
15 0.609565 0.435208 0.040000 0.053790
15 0.717391 0.931540 0.033043 0.048900
15 0.767826 0.970660 0.040000 0.058680
15 0.868696 0.973105 0.036522 0.044010
15 0.540000 0.891198 0.043478 0.051345
15 0.473913 0.878973 0.033043 0.046455
15 0.513913 0.759169 0.029565 0.041565
15 0.514783 0.803178 0.045217 0.041565
15 0.624348 0.761614 0.031304 0.046455
15 0.583478 0.754279 0.033043 0.031785
15 0.400000 0.937653 0.041739 0.061125
15 0.436522 0.974328 0.034783 0.051345
15 0.280870 0.970660 0.029565 0.039120
15 0.978261 0.068460 0.043478 0.102689
15 0.773043 0.583130 0.026087 0.051345
15 0.706957 0.568460 0.033043 0.036675
