15 0.254831 0.683544 0.050725 0.050633
15 0.254831 0.593671 0.036232 0.053165
15 0.361111 0.454430 0.026570 0.043038
15 0.415459 0.455696 0.043478 0.050633
15 0.266908 0.405063 0.050725 0.045570
15 0.310386 0.326582 0.036232 0.040506
15 0.231884 0.277215 0.038647 0.037975
15 0.309179 0.135443 0.062802 0.048101
15 0.090580 0.032911 0.060386 0.055696
15 0.146135 0.050633 0.036232 0.045570
15 0.149758 0.267089 0.028986 0.053165
15 0.106280 0.279747 0.024155 0.037975
15 0.077295 0.258228 0.038647 0.045570
15 0.024155 0.296203 0.019324 0.045570
15 0.028986 0.368354 0.028986 0.037975
15 0.066425 0.387342 0.036232 0.040506
15 0.092995 0.422785 0.026570 0.030380
15 0.072464 0.537975 0.043478 0.048101
15 0.014493 0.472152 0.024155 0.048101
15 0.367150 0.731646 0.038647 0.040506
15 0.457729 0.687342 0.050725 0.048101
15 0.530193 0.703797 0.036232 0.045570
15 0.551932 0.569620 0.050725 0.075949
15 0.502415 0.549367 0.043478 0.045570
15 0.597826 0.422785 0.055556 0.050633
15 0.590580 0.493671 0.055556 0.050633
15 0.683575 0.522785 0.048309 0.053165
15 0.480676 0.420253 0.038647 0.040506
15 0.586957 0.344304 0.033816 0.040506
15 0.537440 0.262025 0.050725 0.043038
15 0.437198 0.245570 0.057971 0.035443
15 0.375604 0.262025 0.036232 0.032911
15 0.420290 0.869620 0.038647 0.048101
15 0.556763 0.844304 0.065217 0.078481
15 0.716184 0.917722 0.070048 0.073418
15 0.251208 0.834177 0.033816 0.032911
15 0.840580 0.343038 0.043478 0.032911
15 0.666667 0.151899 0.067633 0.050633
15 0.718599 0.094937 0.050725 0.053165
15 0.886473 0.203797 0.072464 0.058228
15 0.969807 0.535443 0.031401 0.048101
15 0.863527 0.478481 0.055556 0.050633
15 0.903382 0.663291 0.038647 0.055696
15 0.935990 0.701266 0.031401 0.040506
15 0.984300 0.651899 0.031401 0.043038
15 0.931159 0.779747 0.036232 0.050633
15 0.861111 0.716456 0.055556 0.040506
15 0.765700 0.582278 0.038647 0.050633
15 0.727053 0.555696 0.057971 0.048101
15 0.780193 0.540506 0.024155 0.032911
15 0.776570 0.453165 0.036232 0.035443
15 0.926329 0.322785 0.031401 0.048101
15 0.182367 0.788608 0.031401 0.032911
15 0.196860 0.751899 0.036232 0.030380
15 0.129227 0.755696 0.031401 0.022785
15 0.129227 0.791139 0.031401 0.037975
15 0.205314 0.925316 0.038647 0.037975
15 0.247585 0.925316 0.036232 0.043038
15 0.076087 0.650633 0.036232 0.030380
