15 0.194015 0.767663 0.052124 0.062500
15 0.265444 0.697011 0.040541 0.046196
15 0.167954 0.675272 0.046332 0.051630
15 0.109073 0.547554 0.055985 0.062500
15 0.033784 0.478261 0.044402 0.048913
15 0.153475 0.331522 0.063707 0.070652
15 0.271236 0.505435 0.040541 0.048913
15 0.303089 0.495924 0.027027 0.051630
15 0.477799 0.267663 0.040541 0.040761
15 0.726834 0.343750 0.032819 0.046196
15 0.775097 0.361413 0.032819 0.043478
15 0.802124 0.451087 0.040541 0.076087
15 0.839768 0.464674 0.030888 0.032609
15 0.843629 0.514946 0.019305 0.029891
15 0.855212 0.558424 0.030888 0.035326
15 0.787645 0.582880 0.023166 0.035326
15 0.718147 0.563859 0.042471 0.040761
15 0.842664 0.811141 0.055985 0.062500
15 0.821429 0.766304 0.021236 0.032609
15 0.778958 0.815217 0.036680 0.043478
15 0.749035 0.822011 0.027027 0.040761
15 0.742278 0.899457 0.028958 0.027174
15 0.772201 0.971467 0.023166 0.035326
15 0.813707 0.933424 0.017375 0.035326
15 0.850386 0.914402 0.017375 0.046196
15 0.614865 0.908967 0.048263 0.062500
15 0.583012 0.889946 0.034749 0.046196
15 0.645753 0.854620 0.044402 0.051630
15 0.691120 0.834239 0.038610 0.048913
15 0.317568 0.817935 0.028958 0.048913
15 0.344595 0.809783 0.017375 0.032609
15 0.443050 0.842391 0.055985 0.059783
15 0.442085 0.608696 0.046332 0.048913
15 0.522201 0.705163 0.044402 0.057065
15 0.507722 0.597826 0.034749 0.043478
15 0.240347 0.226902 0.040541 0.040761
15 0.095560 0.125000 0.048263 0.048913
15 0.158301 0.921196 0.027027 0.043478
15 0.013514 0.656250 0.023166 0.051630
15 0.339768 0.639946 0.042471 0.035326
15 0.382239 0.664402 0.030888 0.040761
15 0.312741 0.601902 0.030888 0.029891
15 0.533784 0.945652 0.032819 0.038043
15 0.516409 0.957880 0.036680 0.035326
15 0.507722 0.926630 0.030888 0.043478
15 0.924710 0.907609 0.030888 0.038043
15 0.975869 0.714674 0.021236 0.038043
