15 0.308411 0.667785 0.059813 0.087248
15 0.405607 0.719799 0.029907 0.050336
15 0.453271 0.687919 0.028037 0.040268
15 0.455140 0.731544 0.028037 0.026846
15 0.457944 0.783557 0.033645 0.043624
15 0.593458 0.441275 0.035514 0.050336
15 0.657009 0.434564 0.042991 0.090604
15 0.609346 0.354027 0.018692 0.043624
15 0.453271 0.427852 0.035514 0.063758
15 0.372897 0.429530 0.035514 0.046980
15 0.316822 0.362416 0.020561 0.040268
15 0.077570 0.778523 0.050467 0.080537
15 0.089720 0.585570 0.022430 0.050336
15 0.137383 0.209732 0.035514 0.057047
15 0.152336 0.026846 0.039252 0.046980
15 0.616822 0.078859 0.033645 0.063758
15 0.721495 0.035235 0.037383 0.063758
15 0.787850 0.676174 0.035514 0.070470
15 0.972897 0.662752 0.031776 0.090604
15 0.970093 0.479866 0.033645 0.073826
15 0.656075 0.704698 0.029907 0.053691
15 0.738318 0.744966 0.029907 0.046980
15 0.417757 0.139262 0.031776 0.043624
15 0.268224 0.251678 0.028037 0.053691
15 0.071028 0.206376 0.037383 0.070470
15 0.391589 0.978188 0.039252 0.043624
15 0.900000 0.978188 0.031776 0.043624
15 0.807477 0.484899 0.026168 0.043624
