15 0.193333 0.660714 0.053333 0.047619
15 0.093333 0.589286 0.060000 0.059524
15 0.253333 0.491071 0.040000 0.053571
15 0.201667 0.386905 0.050000 0.047619
15 0.156667 0.404762 0.040000 0.035714
15 0.300000 0.348214 0.020000 0.041667
15 0.315000 0.416667 0.036667 0.047619
15 0.181667 0.285714 0.036667 0.047619
15 0.273333 0.220238 0.040000 0.035714
15 0.361667 0.154762 0.070000 0.047619
15 0.306667 0.127976 0.040000 0.041667
15 0.241667 0.107143 0.050000 0.035714
15 0.188333 0.089286 0.030000 0.023810
15 0.093333 0.160714 0.040000 0.035714
15 0.090000 0.133929 0.026667 0.029762
15 0.058333 0.273810 0.056667 0.071429
15 0.013333 0.306548 0.020000 0.041667
15 0.010000 0.235119 0.013333 0.029762
15 0.016667 0.175595 0.026667 0.053571
15 0.058333 0.053571 0.030000 0.035714
15 0.130000 0.062500 0.073333 0.041667
15 0.655000 0.351190 0.043333 0.047619
15 0.728333 0.300595 0.070000 0.053571
15 0.605000 0.264881 0.030000 0.029762
15 0.603333 0.223214 0.033333 0.041667
15 0.596667 0.145833 0.040000 0.041667
15 0.706667 0.122024 0.033333 0.041667
15 0.708333 0.199405 0.023333 0.041667
15 0.738333 0.229167 0.030000 0.041667
15 0.756667 0.187500 0.020000 0.041667
15 0.795000 0.241071 0.030000 0.041667
15 0.865000 0.223214 0.030000 0.029762
15 0.946667 0.264881 0.026667 0.041667
15 0.946667 0.229167 0.026667 0.041667
15 0.975000 0.252976 0.023333 0.041667
15 0.911667 0.318452 0.030000 0.041667
15 0.825000 0.324405 0.036667 0.041667
15 0.905000 0.434524 0.036667 0.059524
15 0.948333 0.422619 0.036667 0.047619
15 0.991667 0.336310 0.016667 0.029762
15 0.576667 0.574405 0.066667 0.065476
15 0.585000 0.485119 0.043333 0.041667
15 0.890000 0.696429 0.040000 0.047619
15 0.923333 0.720238 0.053333 0.059524
15 0.745000 0.830357 0.056667 0.053571
15 0.640000 0.708333 0.060000 0.071429
15 0.578333 0.672619 0.043333 0.047619
15 0.501667 0.845238 0.056667 0.071429
15 0.531667 0.907738 0.056667 0.077381
15 0.615000 0.880952 0.043333 0.059524
15 0.701667 0.925595 0.056667 0.065476
15 0.461667 0.979167 0.050000 0.041667
15 0.718333 0.386905 0.030000 0.047619
15 0.390000 0.062500 0.046667 0.053571
15 0.313333 0.065476 0.033333 0.035714
15 0.320000 0.023810 0.060000 0.023810
15 0.225000 0.026786 0.063333 0.041667
