15 0.503348 0.482890 0.064732 0.041825
15 0.366071 0.441065 0.049107 0.034221
15 0.398438 0.470532 0.051339 0.032319
15 0.406250 0.447719 0.031250 0.024715
15 0.448661 0.447719 0.031250 0.020913
15 0.654018 0.692966 0.058036 0.055133
15 0.696429 0.655894 0.049107 0.034221
15 0.816964 0.893536 0.044643 0.049430
15 0.852679 0.794677 0.049107 0.045627
15 0.493304 0.184411 0.044643 0.057034
15 0.207589 0.238593 0.053571 0.043726
15 0.056920 0.149240 0.078125 0.055133
15 0.189732 0.419202 0.049107 0.028517
15 0.416295 0.345057 0.024554 0.024715
15 0.591518 0.337452 0.040179 0.032319
15 0.407366 0.867871 0.051339 0.032319
15 0.391741 0.826996 0.042411 0.038023
15 0.331473 0.755703 0.029018 0.024715
15 0.344866 0.733840 0.024554 0.026616
15 0.321429 0.537072 0.026786 0.020913
15 0.363839 0.546578 0.044643 0.036122
15 0.238839 0.519011 0.044643 0.022814
15 0.263393 0.518061 0.026786 0.028517
15 0.290179 0.506654 0.022321 0.024715
15 0.263393 0.699620 0.044643 0.034221
15 0.142857 0.604563 0.080357 0.045627
15 0.675223 0.496198 0.029018 0.034221
15 0.813616 0.493346 0.029018 0.032319
15 0.792411 0.387833 0.044643 0.030418
15 0.658482 0.329848 0.049107 0.051331
