15 0.460920 0.787162 0.025287 0.087838
15 0.503448 0.797297 0.022989 0.067568
15 0.579310 0.932432 0.022989 0.067568
15 0.726437 0.918919 0.036782 0.121622
15 0.528736 0.810811 0.018391 0.067568
15 0.666667 0.354730 0.022989 0.087838
15 0.935632 0.439189 0.032184 0.121622
15 0.152874 0.510135 0.029885 0.114865
15 0.425287 0.395270 0.022989 0.087838
15 0.465517 0.364865 0.016092 0.067568
15 0.383908 0.604730 0.018391 0.047297
15 0.345977 0.655405 0.029885 0.067568
15 0.332184 0.729730 0.025287 0.054054
15 0.303448 0.824324 0.022989 0.054054
15 0.237931 0.783784 0.025287 0.054054
15 0.234483 0.733108 0.022989 0.060811
15 0.185057 0.800676 0.043678 0.060811
15 0.316092 0.949324 0.025287 0.047297
15 0.263218 0.206081 0.029885 0.060811
15 0.226437 0.182432 0.034483 0.054054
15 0.403448 0.185811 0.043678 0.033784
15 0.525287 0.189189 0.020690 0.054054
15 0.520690 0.114865 0.025287 0.054054
15 0.559770 0.162162 0.016092 0.040541
15 0.566667 0.131757 0.016092 0.060811
15 0.577011 0.341216 0.022989 0.047297
15 0.573563 0.226351 0.020690 0.074324
15 0.086207 0.503378 0.020690 0.060811
15 0.068966 0.540541 0.022989 0.054054
15 0.040230 0.476351 0.016092 0.047297
15 0.049425 0.597973 0.020690 0.060811
15 0.032184 0.597973 0.022989 0.060811
