15 0.468872 0.858193 0.128405 0.056723
15 0.616732 0.761555 0.089494 0.039916
15 0.795720 0.732143 0.105058 0.044118
15 0.688716 0.685924 0.093385 0.039916
15 0.640078 0.650210 0.073930 0.048319
15 0.947471 0.919118 0.097276 0.048319
15 0.957198 0.795168 0.085603 0.035714
15 0.159533 0.837185 0.116732 0.060924
15 0.231518 0.780462 0.081712 0.035714
15 0.143969 0.720588 0.085603 0.033613
15 0.107004 0.592437 0.136187 0.058824
15 0.357977 0.222689 0.070039 0.071429
15 0.480545 0.070378 0.066148 0.039916
15 0.649805 0.425420 0.093385 0.048319
15 0.443580 0.652311 0.077821 0.044118
15 0.675097 0.957983 0.042802 0.029412
