15 0.609155 0.918079 0.042254 0.073446
15 0.716549 0.977401 0.031690 0.045198
15 0.838028 0.954802 0.056338 0.056497
15 0.721831 0.807910 0.042254 0.045198
15 0.755282 0.728814 0.052817 0.056497
15 0.846831 0.762712 0.038732 0.056497
15 0.887324 0.734463 0.028169 0.045198
15 0.897887 0.610169 0.056338 0.067797
15 0.887324 0.536723 0.021127 0.033898
15 0.897887 0.514124 0.042254 0.045198
15 0.911972 0.536723 0.021127 0.033898
15 0.978873 0.505650 0.028169 0.050847
15 0.963028 0.480226 0.024648 0.033898
15 0.919014 0.466102 0.028169 0.039548
15 0.866197 0.440678 0.035211 0.033898
15 0.885563 0.429379 0.038732 0.033898
15 0.901408 0.381356 0.035211 0.039548
15 0.940141 0.406780 0.035211 0.045198
15 0.987676 0.437853 0.024648 0.039548
15 0.964789 0.446328 0.021127 0.033898
15 0.774648 0.488701 0.035211 0.039548
15 0.823944 0.536723 0.028169 0.056497
15 0.758803 0.553672 0.066901 0.056497
15 0.461268 0.709040 0.035211 0.050847
15 0.415493 0.686441 0.028169 0.039548
15 0.422535 0.754237 0.028169 0.028249
15 0.429577 0.790960 0.035211 0.033898
15 0.325704 0.796610 0.031690 0.045198
15 0.313380 0.771186 0.035211 0.028249
15 0.269366 0.813559 0.031690 0.056497
15 0.089789 0.686441 0.045775 0.050847
15 0.084507 0.627119 0.028169 0.045198
15 0.133803 0.655367 0.021127 0.033898
15 0.153169 0.663842 0.024648 0.039548
15 0.163732 0.607345 0.031690 0.039548
15 0.169014 0.542373 0.028169 0.056497
15 0.117958 0.545198 0.024648 0.039548
15 0.070423 0.519774 0.035211 0.033898
15 0.061620 0.500000 0.031690 0.039548
15 0.031690 0.562147 0.035211 0.039548
15 0.230634 0.454802 0.024648 0.039548
15 0.174296 0.435028 0.017606 0.045198
15 0.202465 0.418079 0.031690 0.033898
15 0.227113 0.403955 0.031690 0.039548
15 0.281690 0.398305 0.063380 0.039548
15 0.251761 0.435028 0.017606 0.022599
15 0.279930 0.440678 0.024648 0.033898
15 0.283451 0.474576 0.024648 0.033898
15 0.658451 0.387006 0.042254 0.050847
15 0.651408 0.307910 0.035211 0.050847
15 0.695423 0.353107 0.038732 0.039548
15 0.732394 0.307910 0.035211 0.039548
15 0.764085 0.268362 0.028169 0.039548
15 0.786972 0.288136 0.052817 0.045198
15 0.820423 0.265537 0.028169 0.033898
15 0.848592 0.254237 0.042254 0.033898
15 0.866197 0.237288 0.028169 0.033898
15 0.882042 0.262712 0.031690 0.039548
15 0.904930 0.299435 0.028169 0.033898
15 0.941901 0.296610 0.038732 0.039548
15 0.933099 0.338983 0.021127 0.022599
15 0.843310 0.401130 0.031690 0.045198
15 0.802817 0.401130 0.028169 0.033898
15 0.774648 0.353107 0.035211 0.050847
15 0.404930 0.420904 0.049296 0.062147
15 0.207746 0.310734 0.063380 0.045198
15 0.151408 0.347458 0.042254 0.050847
15 0.190141 0.353107 0.042254 0.050847
15 0.241197 0.364407 0.038732 0.050847
15 0.290493 0.333333 0.024648 0.022599
15 0.271127 0.322034 0.021127 0.022599
15 0.271127 0.265537 0.035211 0.045198
15 0.207746 0.231638 0.063380 0.056497
15 0.079225 0.274011 0.045775 0.028249
15 0.044014 0.296610 0.031690 0.028249
15 0.082746 0.409605 0.052817 0.039548
15 0.082746 0.449153 0.038732 0.039548
15 0.105634 0.341808 0.021127 0.039548
15 0.036972 0.389831 0.031690 0.056497
15 0.123239 0.169492 0.035211 0.033898
15 0.093310 0.141243 0.031690 0.033898
15 0.086268 0.186441 0.024648 0.033898
15 0.063380 0.166667 0.021127 0.028249
15 0.024648 0.166667 0.028169 0.028249
15 0.255282 0.593220 0.045775 0.056497
15 0.292254 0.562147 0.028169 0.028249
15 0.323944 0.542373 0.028169 0.033898
15 0.482394 0.855932 0.049296 0.050847
15 0.588028 0.762712 0.035211 0.045198
15 0.688380 0.618644 0.031690 0.050847
15 0.623239 0.237288 0.028169 0.045198
15 0.609155 0.288136 0.014085 0.045198
15 0.593310 0.282486 0.031690 0.033898
15 0.570423 0.274011 0.021127 0.028249
15 0.526408 0.276836 0.038732 0.045198
15 0.559859 0.381356 0.042254 0.039548
15 0.577465 0.355932 0.028169 0.045198
15 0.519366 0.336158 0.038732 0.039548
15 0.496479 0.197740 0.042254 0.056497
15 0.452465 0.254237 0.031690 0.033898
15 0.482394 0.296610 0.042254 0.039548
15 0.621479 0.189266 0.031690 0.028249
15 0.554577 0.189266 0.031690 0.039548
15 0.556338 0.124294 0.035211 0.022599
