15 0.411804 0.644628 0.033156 0.037190
15 0.311008 0.621901 0.035809 0.037190
15 0.561671 0.796488 0.041114 0.055785
15 0.673077 0.660124 0.035809 0.039256
15 0.842175 0.583678 0.037135 0.076446
15 0.972812 0.729339 0.038462 0.086777
15 0.623342 0.265496 0.039788 0.076446
15 0.427719 0.194215 0.022546 0.041322
15 0.395225 0.167355 0.034483 0.041322
15 0.423740 0.120868 0.027851 0.047521
15 0.393236 0.059917 0.033156 0.037190
15 0.927056 0.146694 0.021220 0.037190
15 0.897215 0.128099 0.025199 0.033058
15 0.171088 0.573347 0.047745 0.072314
15 0.115385 0.518595 0.026525 0.028926
15 0.188329 0.353306 0.029178 0.041322
15 0.420424 0.820248 0.023873 0.033058
15 0.058355 0.795455 0.037135 0.045455
15 0.399867 0.966942 0.025199 0.037190
