15 0.737452 0.461340 0.030888 0.046392
15 0.764479 0.427835 0.030888 0.041237
15 0.693050 0.389175 0.034749 0.036082
15 0.538610 0.515464 0.057915 0.051546
15 0.610039 0.533505 0.038610 0.036082
15 0.685328 0.530928 0.034749 0.041237
15 0.611969 0.587629 0.042471 0.051546
15 0.660232 0.657216 0.038610 0.036082
15 0.727799 0.670103 0.042471 0.051546
15 0.808880 0.701031 0.027027 0.041237
15 0.789575 0.731959 0.027027 0.041237
15 0.816602 0.765464 0.034749 0.036082
15 0.851351 0.734536 0.027027 0.036082
15 0.853282 0.770619 0.015444 0.036082
15 0.749035 0.752577 0.038610 0.041237
15 0.768340 0.791237 0.023166 0.036082
15 0.808880 0.814433 0.027027 0.041237
15 0.847490 0.884021 0.027027 0.036082
15 0.853282 0.865979 0.023166 0.020619
15 0.805019 0.871134 0.027027 0.041237
15 0.635135 0.744845 0.027027 0.036082
15 0.662162 0.734536 0.027027 0.036082
15 0.615830 0.711340 0.034749 0.041237
15 0.677606 0.791237 0.027027 0.036082
15 0.567568 0.701031 0.046332 0.030928
15 0.503861 0.613402 0.034749 0.030928
15 0.511583 0.657216 0.027027 0.025773
15 0.546332 0.646907 0.019305 0.036082
15 0.202703 0.737113 0.042471 0.041237
15 0.247104 0.726804 0.038610 0.051546
15 0.362934 0.711340 0.030888 0.051546
15 0.324324 0.770619 0.030888 0.036082
15 0.729730 0.193299 0.030888 0.036082
15 0.687259 0.224227 0.023166 0.036082
15 0.673745 0.265464 0.034749 0.036082
15 0.745174 0.301546 0.030888 0.036082
15 0.737452 0.335052 0.030888 0.030928
15 0.675676 0.309278 0.030888 0.030928
15 0.401544 0.378866 0.023166 0.046392
15 0.308880 0.340206 0.038610 0.030928
15 0.322394 0.541237 0.034749 0.030928
