15 0.379981 0.626947 0.029412 0.045171
15 0.333966 0.653427 0.026565 0.048287
15 0.327799 0.605919 0.029412 0.034268
15 0.352941 0.492212 0.024668 0.049844
15 0.441176 0.439252 0.022770 0.031153
15 0.407970 0.369159 0.037951 0.046729
15 0.349146 0.377726 0.034156 0.057632
15 0.272296 0.433022 0.037951 0.049844
15 0.228178 0.562305 0.042694 0.046729
15 0.111954 0.531153 0.049336 0.049844
15 0.160816 0.422118 0.029412 0.043614
15 0.106262 0.403427 0.037951 0.040498
15 0.142789 0.300623 0.037002 0.043614
15 0.329222 0.165109 0.043643 0.068536
15 0.426945 0.194704 0.032258 0.049844
15 0.477230 0.203271 0.024668 0.048287
15 0.481973 0.293614 0.032258 0.054517
15 0.547913 0.407321 0.025617 0.029595
15 0.529412 0.450156 0.018975 0.040498
15 0.528463 0.531153 0.020873 0.052960
15 0.492410 0.510903 0.030361 0.040498
15 0.493833 0.553738 0.023719 0.035826
15 0.511860 0.587227 0.025617 0.031153
15 0.569260 0.589564 0.028463 0.054517
15 0.664611 0.707944 0.029412 0.048287
15 0.694972 0.729751 0.023719 0.045171
15 0.554080 0.795950 0.030361 0.046729
15 0.473435 0.793614 0.041746 0.042056
15 0.429791 0.824766 0.024668 0.042056
15 0.420304 0.716511 0.022770 0.046729
15 0.468216 0.857477 0.027514 0.051402
15 0.570209 0.944704 0.024668 0.038941
15 0.648956 0.946262 0.018975 0.029595
15 0.850095 0.511682 0.022770 0.042056
15 0.718691 0.605140 0.023719 0.042056
15 0.671252 0.356698 0.027514 0.043614
15 0.621442 0.320093 0.030361 0.045171
15 0.532258 0.053738 0.026565 0.045171
15 0.692600 0.070872 0.036053 0.042056
15 0.803605 0.105140 0.020873 0.035826
15 0.861954 0.101246 0.021822 0.043614
15 0.930266 0.052960 0.023719 0.037383
