15 0.393924 0.569841 0.024900 0.031746
15 0.466135 0.539683 0.033865 0.028571
15 0.520916 0.476984 0.009960 0.017460
15 0.450199 0.384921 0.013944 0.042857
15 0.407869 0.374603 0.024900 0.028571
15 0.455677 0.346032 0.030876 0.031746
15 0.452689 0.262698 0.018924 0.026984
15 0.514442 0.307143 0.034861 0.036508
15 0.669323 0.427778 0.033865 0.039683
15 0.785857 0.421429 0.015936 0.026984
15 0.750498 0.350000 0.014940 0.020635
15 0.743028 0.265873 0.027888 0.033333
15 0.784861 0.299206 0.025896 0.036508
15 0.816235 0.326984 0.018924 0.038095
15 0.817231 0.361111 0.024900 0.030159
15 0.850598 0.322222 0.023904 0.041270
15 0.903884 0.476190 0.022908 0.038095
15 0.945717 0.392857 0.018924 0.042857
15 0.759960 0.568254 0.011952 0.038095
15 0.736554 0.528571 0.022908 0.028571
15 0.684761 0.676984 0.012948 0.039683
15 0.641434 0.674603 0.019920 0.034921
15 0.609562 0.590476 0.019920 0.038095
15 0.584661 0.597619 0.011952 0.033333
15 0.586653 0.651587 0.019920 0.039683
15 0.490538 0.658730 0.036853 0.038095
15 0.462151 0.737302 0.021912 0.039683
15 0.545817 0.780952 0.025896 0.031746
15 0.520916 0.811905 0.017928 0.026984
15 0.478586 0.827778 0.020916 0.026984
15 0.456175 0.850000 0.027888 0.030159
15 0.510956 0.906349 0.021912 0.031746
15 0.577689 0.873016 0.029880 0.034921
15 0.749004 0.916667 0.021912 0.023810
15 0.749004 0.791270 0.023904 0.036508
15 0.799801 0.762698 0.031873 0.039683
15 0.940737 0.830159 0.034861 0.034921
15 0.354582 0.876190 0.029880 0.044444
15 0.191733 0.883333 0.026892 0.042857
15 0.138944 0.917460 0.038845 0.041270
15 0.194223 0.747619 0.021912 0.041270
15 0.097112 0.749206 0.026892 0.034921
15 0.349602 0.497619 0.025896 0.039683
15 0.279382 0.394444 0.040837 0.036508
15 0.252490 0.245238 0.032869 0.023810
15 0.262450 0.195238 0.020916 0.028571
15 0.242530 0.188095 0.020916 0.023810
15 0.189243 0.146825 0.017928 0.033333
15 0.173805 0.112698 0.020916 0.028571
15 0.192231 0.091270 0.011952 0.020635
15 0.231076 0.052381 0.023904 0.025397
15 0.284363 0.019841 0.012948 0.020635
15 0.374004 0.034921 0.022908 0.031746
15 0.403884 0.134921 0.026892 0.044444
15 0.190737 0.026984 0.016932 0.031746
15 0.095120 0.134127 0.018924 0.036508
15 0.077191 0.076984 0.022908 0.042857
15 0.063745 0.189683 0.013944 0.033333
15 0.011952 0.219841 0.021912 0.042857
15 0.019920 0.460317 0.037849 0.053968
15 0.593625 0.134127 0.037849 0.058730
15 0.621514 0.187302 0.021912 0.034921
15 0.779880 0.153175 0.019920 0.030159
15 0.824203 0.123016 0.018924 0.042857
15 0.741036 0.034921 0.035857 0.031746
15 0.677291 0.070635 0.017928 0.033333
15 0.627490 0.041270 0.015936 0.041270
15 0.601594 0.038095 0.027888 0.028571
15 0.553287 0.022222 0.020916 0.028571
15 0.979582 0.169841 0.024900 0.034921
