15 0.309735 0.618893 0.008850 0.026059
15 0.251475 0.562704 0.022124 0.030945
15 0.140118 0.478013 0.047198 0.034202
15 0.174779 0.437296 0.039823 0.057003
15 0.040560 0.342834 0.036873 0.043974
15 0.320796 0.235342 0.045723 0.050489
15 0.528024 0.307003 0.041298 0.037459
15 0.603245 0.236971 0.041298 0.043974
15 0.676991 0.228013 0.026549 0.022801
15 0.725664 0.172638 0.038348 0.048860
15 0.876106 0.550489 0.035398 0.052117
15 0.589233 0.629479 0.051622 0.047231
15 0.609882 0.681596 0.022124 0.030945
15 0.514012 0.514658 0.030973 0.039088
15 0.413717 0.563518 0.022124 0.042345
15 0.391593 0.502443 0.045723 0.047231
15 0.507375 0.858306 0.029499 0.048860
15 0.526549 0.925081 0.038348 0.039088
15 0.394543 0.763029 0.028024 0.043974
15 0.351032 0.762215 0.026549 0.026059
