15 0.480142 0.582155 0.029787 0.033569
15 0.531915 0.494700 0.031206 0.049470
15 0.415603 0.524735 0.022695 0.035336
15 0.399291 0.472615 0.043972 0.047703
15 0.365248 0.461131 0.038298 0.035336
15 0.291489 0.398410 0.058156 0.044170
15 0.485816 0.325972 0.024113 0.030035
15 0.598582 0.272085 0.048227 0.042403
15 0.609220 0.333039 0.041135 0.054770
15 0.837589 0.441696 0.032624 0.045936
15 0.717021 0.308304 0.029787 0.040636
15 0.759574 0.292403 0.032624 0.044170
15 0.738298 0.263251 0.041135 0.038869
15 0.719858 0.222615 0.024113 0.049470
15 0.692199 0.231449 0.039716 0.038869
15 0.758156 0.207597 0.041135 0.047703
15 0.810638 0.198763 0.018440 0.037102
15 0.713475 0.188163 0.051064 0.044170
15 0.946099 0.236749 0.028369 0.049470
15 0.926950 0.099823 0.035461 0.047703
15 0.617730 0.651943 0.021277 0.053004
15 0.536170 0.686396 0.059574 0.079505
15 0.490071 0.753534 0.024113 0.054770
15 0.438298 0.770318 0.048227 0.049470
15 0.602837 0.908127 0.031206 0.042403
15 0.634752 0.889576 0.029787 0.044170
15 0.675887 0.848940 0.024113 0.044170
15 0.026241 0.593640 0.029787 0.053004
15 0.075177 0.532686 0.051064 0.054770
15 0.204255 0.272968 0.031206 0.065371
15 0.369504 0.053004 0.041135 0.045936
