15 0.337925 0.751740 0.040519 0.046404
15 0.307942 0.780742 0.038898 0.044084
15 0.299028 0.656613 0.037277 0.060325
15 0.222853 0.627610 0.034036 0.048724
15 0.202593 0.669374 0.038898 0.044084
15 0.154781 0.660093 0.040519 0.048724
15 0.211507 0.741299 0.043760 0.058005
15 0.179903 0.802784 0.045381 0.037123
15 0.171799 0.845708 0.038898 0.044084
15 0.132901 0.819026 0.029173 0.037123
15 0.135332 0.752900 0.040519 0.076566
15 0.040519 0.755220 0.035656 0.044084
15 0.044571 0.704176 0.034036 0.058005
15 0.028363 0.821346 0.037277 0.060325
15 0.431118 0.547564 0.032415 0.051044
15 0.536467 0.504640 0.038898 0.058005
15 0.558347 0.585847 0.037277 0.058005
15 0.638574 0.721578 0.035656 0.051044
15 0.636143 0.829466 0.037277 0.053364
15 0.907618 0.585847 0.022690 0.067285
15 0.762561 0.378190 0.040519 0.046404
15 0.674230 0.380510 0.035656 0.041763
15 0.647488 0.432715 0.037277 0.048724
15 0.562399 0.409513 0.038898 0.039443
15 0.644246 0.263341 0.030794 0.044084
15 0.673420 0.256381 0.037277 0.039443
15 0.811183 0.299304 0.040519 0.055684
15 0.867909 0.303944 0.034036 0.055684
15 0.878444 0.240139 0.042139 0.034803
15 0.901945 0.049884 0.047002 0.048724
15 0.358185 0.191415 0.035656 0.039443
15 0.202593 0.386311 0.045381 0.067285
15 0.418963 0.426914 0.037277 0.041763
15 0.728525 0.125290 0.034036 0.051044
