15 0.597810 0.691723 0.059854 0.048986
15 0.786131 0.671453 0.042336 0.069257
15 0.838686 0.804054 0.033577 0.040541
15 0.907299 0.358953 0.027737 0.055743
15 0.744526 0.294764 0.032117 0.025338
15 0.952555 0.212838 0.039416 0.047297
15 0.809489 0.124155 0.027737 0.035473
15 0.650365 0.072635 0.033577 0.040541
15 0.558394 0.156250 0.030657 0.048986
15 0.521898 0.291385 0.059854 0.072635
15 0.636496 0.280405 0.023358 0.050676
15 0.672993 0.364865 0.037956 0.043919
15 0.666423 0.403716 0.036496 0.033784
15 0.273723 0.374155 0.042336 0.048986
15 0.240146 0.392736 0.065693 0.048986
15 0.310949 0.426520 0.043796 0.048986
15 0.531387 0.031250 0.049635 0.048986
15 0.383212 0.030405 0.059854 0.054054
15 0.272993 0.086149 0.072993 0.054054
15 0.261314 0.136824 0.040876 0.043919
15 0.097080 0.163851 0.059854 0.067568
15 0.069343 0.347973 0.042336 0.064189
15 0.076642 0.312500 0.033577 0.043919
15 0.107299 0.559122 0.039416 0.057432
15 0.345985 0.636824 0.037956 0.043919
15 0.228467 0.524493 0.068613 0.072635
15 0.320438 0.857264 0.056934 0.065878
15 0.425547 0.832770 0.051095 0.047297
15 0.505109 0.831081 0.032117 0.043919
15 0.339416 0.273649 0.042336 0.057432
15 0.218248 0.031250 0.021898 0.059122
