15 0.367663 0.638767 0.050160 0.064611
15 0.384205 0.776799 0.040555 0.061674
15 0.283885 0.732746 0.036286 0.049927
15 0.172892 0.724670 0.044824 0.048458
15 0.100320 0.781938 0.025614 0.033774
15 0.095518 0.818649 0.028815 0.027900
15 0.065101 0.722467 0.025614 0.029369
15 0.063501 0.644640 0.039488 0.049927
15 0.101921 0.549927 0.039488 0.045521
15 0.048559 0.505140 0.037353 0.044053
15 0.157951 0.397944 0.032017 0.061674
15 0.175027 0.511747 0.032017 0.039648
15 0.216115 0.548458 0.039488 0.060206
15 0.311099 0.449339 0.026681 0.052863
15 0.434899 0.379589 0.024546 0.033774
15 0.543223 0.448605 0.027748 0.030837
15 0.539488 0.483847 0.054429 0.048458
15 0.555496 0.582232 0.043757 0.063142
15 0.493063 0.814244 0.036286 0.045521
15 0.439701 0.957416 0.025614 0.055800
15 0.283885 0.953744 0.053362 0.036711
15 0.596051 0.875918 0.022412 0.048458
15 0.751334 0.809104 0.057631 0.052863
15 0.827108 0.460352 0.042689 0.086637
15 0.878869 0.500000 0.048026 0.057269
15 0.986126 0.350220 0.027748 0.057269
15 0.832444 0.216593 0.036286 0.045521
15 0.751868 0.213656 0.033084 0.039648
15 0.629669 0.353891 0.049093 0.052863
15 0.580043 0.121145 0.028815 0.060206
15 0.456777 0.170338 0.051227 0.041116
15 0.664888 0.027900 0.032017 0.046990
15 0.779082 0.108664 0.064034 0.067548
15 0.103522 0.041850 0.074707 0.071953
15 0.648879 0.762849 0.034152 0.042584
