15 0.285282 0.812598 0.066532 0.040945
15 0.351815 0.819685 0.030242 0.026772
15 0.469758 0.628346 0.040323 0.034646
15 0.322581 0.677953 0.064516 0.051969
15 0.468750 0.754331 0.054435 0.037795
15 0.768145 0.759055 0.036290 0.028346
15 0.649194 0.678740 0.084677 0.040945
15 0.768145 0.659055 0.052419 0.033071
15 0.566532 0.551181 0.040323 0.047244
15 0.543347 0.567717 0.030242 0.020472
15 0.414315 0.427559 0.062500 0.055118
15 0.538306 0.369291 0.088710 0.048819
15 0.490927 0.364567 0.038306 0.036220
15 0.442540 0.248819 0.054435 0.040945
15 0.261089 0.279528 0.058468 0.039370
15 0.344758 0.202362 0.056452 0.029921
15 0.130040 0.326772 0.030242 0.033071
15 0.742944 0.862992 0.038306 0.100787
15 0.669355 0.899213 0.044355 0.025197
15 0.629032 0.888189 0.052419 0.031496
15 0.712702 0.981890 0.058468 0.036220
15 0.833669 0.902362 0.038306 0.040945
15 0.981855 0.926772 0.036290 0.020472
15 0.979839 0.575591 0.040323 0.036220
15 0.930444 0.551181 0.042339 0.037795
15 0.925403 0.462992 0.052419 0.047244
15 0.946573 0.289764 0.054435 0.037795
15 0.942540 0.038583 0.042339 0.061417
