15 0.542222 0.748889 0.080000 0.057778
15 0.611111 0.706667 0.075556 0.062222
15 0.640000 0.564444 0.062222 0.062222
15 0.662222 0.526667 0.071111 0.040000
15 0.844444 0.526667 0.062222 0.040000
15 0.760000 0.853333 0.044444 0.044444
15 0.764444 0.820000 0.044444 0.040000
15 0.842222 0.813333 0.048889 0.044444
15 0.548889 0.844444 0.066667 0.035556
15 0.568889 0.884444 0.053333 0.053333
15 0.457778 0.868889 0.044444 0.048889
15 0.411111 0.862222 0.048889 0.044444
15 0.375556 0.846667 0.048889 0.048889
15 0.313333 0.788889 0.066667 0.048889
15 0.293333 0.835556 0.044444 0.035556
15 0.282222 0.917778 0.066667 0.048889
15 0.384444 0.964444 0.075556 0.071111
15 0.506667 0.615556 0.044444 0.048889
15 0.437778 0.597778 0.048889 0.040000
15 0.384444 0.653333 0.057778 0.053333
15 0.340000 0.655556 0.040000 0.031111
15 0.260000 0.688889 0.066667 0.062222
15 0.220000 0.775556 0.057778 0.040000
15 0.208889 0.853333 0.053333 0.035556
15 0.168889 0.842222 0.044444 0.031111
15 0.175556 0.917778 0.066667 0.057778
15 0.077778 0.786667 0.057778 0.053333
15 0.104444 0.693333 0.048889 0.044444
15 0.064444 0.600000 0.066667 0.062222
15 0.222222 0.522222 0.062222 0.048889
15 0.415556 0.506667 0.075556 0.026667
