15 0.419916 0.533220 0.037604 0.054514
15 0.333565 0.521295 0.057103 0.044293
15 0.153900 0.412266 0.073816 0.061329
15 0.376741 0.344974 0.048747 0.042589
15 0.389276 0.152470 0.034819 0.052811
15 0.132312 0.143101 0.041783 0.040886
15 0.075209 0.251278 0.047354 0.042589
15 0.685237 0.633731 0.055710 0.051107
15 0.688719 0.724872 0.045961 0.056218
15 0.747214 0.707836 0.037604 0.045997
15 0.760446 0.774276 0.041783 0.056218
15 0.580780 0.881601 0.055710 0.045997
15 0.575209 0.811755 0.058496 0.045997
15 0.883008 0.924191 0.052925 0.039182
15 0.916435 0.790460 0.016713 0.030664
15 0.839136 0.801533 0.020891 0.025554
15 0.860028 0.734242 0.023677 0.040886
15 0.805710 0.707836 0.037604 0.039182
15 0.764624 0.642249 0.041783 0.034072
15 0.802925 0.605622 0.048747 0.039182
15 0.821031 0.580068 0.026462 0.035775
15 0.855850 0.627768 0.032033 0.035775
15 0.873955 0.600511 0.032033 0.039182
15 0.878134 0.568995 0.029248 0.037479
15 0.878134 0.537479 0.034819 0.045997
15 0.889972 0.495741 0.038997 0.037479
15 0.795265 0.384157 0.030641 0.039182
15 0.772284 0.401193 0.029248 0.039182
15 0.745822 0.491482 0.029248 0.039182
15 0.749304 0.545997 0.041783 0.028961
