15 0.591522 0.666376 0.046243 0.040070
15 0.685934 0.567073 0.046243 0.040070
15 0.584778 0.555749 0.071291 0.048780
15 0.772640 0.469512 0.050096 0.036585
15 0.832370 0.486063 0.057803 0.055749
15 0.810212 0.817944 0.055877 0.060976
15 0.579961 0.833624 0.053950 0.050523
15 0.486513 0.722125 0.055877 0.054007
15 0.378613 0.707317 0.063584 0.038328
15 0.327553 0.656794 0.042389 0.031359
15 0.524085 0.628920 0.050096 0.041812
15 0.431599 0.569686 0.057803 0.038328
15 0.437380 0.512195 0.050096 0.034843
15 0.372832 0.452091 0.048170 0.036585
15 0.456647 0.430314 0.046243 0.034843
15 0.516378 0.378920 0.053950 0.043554
15 0.681118 0.136760 0.021195 0.029617
15 0.214836 0.123693 0.063584 0.038328
15 0.165703 0.530488 0.050096 0.060976
