15 0.239935 0.785024 0.059848 0.078905
15 0.424918 0.767311 0.027203 0.049919
15 0.422198 0.545089 0.050054 0.062802
15 0.434712 0.371981 0.057671 0.064412
15 0.591404 0.358293 0.059848 0.059581
15 0.542982 0.228663 0.052231 0.051530
15 0.656692 0.270531 0.048966 0.048309
15 0.662133 0.494364 0.038085 0.057971
15 0.696409 0.596618 0.041349 0.069243
15 0.843852 0.785829 0.033732 0.045089
15 0.801959 0.853462 0.023939 0.038647
15 0.764418 0.930757 0.029380 0.051530
15 0.700218 0.814815 0.033732 0.051530
15 0.922198 0.760064 0.038085 0.051530
15 0.792165 0.586151 0.050054 0.064412
15 0.872688 0.429952 0.028292 0.045089
15 0.848749 0.380032 0.032644 0.038647
15 0.841676 0.279388 0.025027 0.033816
15 0.317193 0.194847 0.038085 0.038647
15 0.319913 0.145733 0.036997 0.053140
15 0.170838 0.251208 0.028292 0.048309
15 0.059304 0.343800 0.044614 0.049919
15 0.091948 0.313205 0.029380 0.037037
15 0.061480 0.127214 0.025027 0.035427
