15 0.262295 0.804233 0.049180 0.047619
15 0.193989 0.728836 0.049180 0.034392
15 0.368852 0.871693 0.054645 0.039683
15 0.443989 0.813492 0.040984 0.039683
15 0.412568 0.728836 0.032787 0.039683
15 0.729508 0.763228 0.071038 0.071429
15 0.726776 0.687831 0.060109 0.042328
15 0.685792 0.641534 0.032787 0.034392
15 0.748634 0.612434 0.027322 0.029101
15 0.512295 0.461640 0.062842 0.050265
15 0.636612 0.429894 0.060109 0.044974
15 0.748634 0.370370 0.043716 0.058201
15 0.810109 0.462963 0.051913 0.047619
15 0.172131 0.247354 0.038251 0.050265
