15 0.339011 0.871408 0.056044 0.047414
15 0.372527 0.728448 0.052747 0.051724
15 0.373077 0.519397 0.064835 0.070402
15 0.549451 0.611351 0.048352 0.050287
15 0.600000 0.597701 0.030769 0.040230
15 0.654396 0.550287 0.020879 0.045977
15 0.709890 0.709770 0.052747 0.051724
15 0.790659 0.722701 0.038462 0.040230
15 0.798352 0.826149 0.016484 0.037356
15 0.087912 0.243534 0.041758 0.053161
15 0.119780 0.165948 0.041758 0.056034
15 0.050549 0.199713 0.050549 0.068966
15 0.460989 0.158046 0.064835 0.054598
15 0.501099 0.182471 0.054945 0.054598
15 0.563736 0.199713 0.046154 0.054598
15 0.693407 0.209770 0.057143 0.048851
15 0.740659 0.211925 0.050549 0.053161
15 0.770330 0.301006 0.037363 0.061782
15 0.798352 0.321121 0.051648 0.056034
15 0.841209 0.262213 0.040659 0.050287
15 0.845055 0.220546 0.039560 0.044540
15 0.912637 0.301724 0.051648 0.063218
15 0.973077 0.339799 0.053846 0.076149
15 0.980769 0.215517 0.038462 0.040230
15 0.953846 0.112787 0.048352 0.050287
15 0.821429 0.082615 0.036264 0.044540
15 0.912088 0.035201 0.059341 0.067529
15 0.505495 0.875000 0.026374 0.040230
15 0.439560 0.842672 0.024176 0.030172
15 0.461538 0.798851 0.026374 0.034483
15 0.457692 0.750000 0.025275 0.031609
15 0.490110 0.941092 0.026374 0.028736
