15 0.413214 0.672943 0.038074 0.034868
15 0.370101 0.693863 0.034714 0.046025
15 0.286114 0.727336 0.048152 0.043236
15 0.248600 0.811715 0.060470 0.044630
15 0.329787 0.812413 0.036954 0.043236
15 0.393617 0.803347 0.041433 0.041841
15 0.460246 0.829149 0.042553 0.048815
15 0.378499 0.916318 0.044793 0.050209
15 0.472564 0.948396 0.042553 0.050209
15 0.496081 0.907950 0.022396 0.039052
15 0.548712 0.914226 0.040314 0.040446
15 0.533035 0.825662 0.051512 0.047420
15 0.781635 0.745467 0.076148 0.076709
15 0.769317 0.885635 0.035834 0.036262
15 0.792833 0.865411 0.035834 0.023710
15 0.729003 0.855649 0.035834 0.032078
15 0.675252 0.869596 0.040314 0.037657
15 0.707727 0.928870 0.029115 0.033473
15 0.650056 0.753835 0.045913 0.054393
15 0.778835 0.637378 0.034714 0.050209
15 0.841545 0.636681 0.025756 0.037657
15 0.739082 0.578103 0.044793 0.043236
15 0.810190 0.532775 0.036954 0.047420
15 0.900336 0.465132 0.029115 0.043236
15 0.874020 0.521618 0.021277 0.030683
15 0.902016 0.603905 0.034714 0.039052
15 0.925532 0.693166 0.041433 0.044630
15 0.634938 0.403766 0.038074 0.043236
15 0.597424 0.433752 0.030235 0.047420
15 0.540314 0.481172 0.039194 0.036262
15 0.453527 0.476290 0.055991 0.046025
15 0.497200 0.538354 0.031355 0.039052
15 0.382419 0.510460 0.032475 0.044630
15 0.328667 0.512552 0.023516 0.032078
15 0.352184 0.427476 0.030235 0.048815
15 0.390817 0.434449 0.026876 0.043236
15 0.422732 0.362622 0.045913 0.050209
15 0.348264 0.276848 0.047032 0.048815
15 0.296193 0.260112 0.039194 0.059972
15 0.330907 0.207113 0.043673 0.040446
15 0.324188 0.138773 0.034714 0.051604
15 0.409295 0.186192 0.036954 0.051604
15 0.503359 0.241980 0.030235 0.037657
15 0.524076 0.294979 0.055991 0.054393
15 0.692049 0.276848 0.055991 0.059972
15 0.716125 0.206416 0.034714 0.044630
15 0.744121 0.187587 0.025756 0.032078
15 0.797312 0.168759 0.053751 0.089261
15 0.772676 0.288006 0.029115 0.040446
15 0.805151 0.285216 0.013438 0.034868
15 0.838186 0.313808 0.045913 0.044630
15 0.885778 0.284519 0.022396 0.050209
15 0.625420 0.144351 0.048152 0.051604
15 0.694849 0.150628 0.030235 0.039052
15 0.795633 0.082287 0.030235 0.030683
15 0.734602 0.066248 0.029115 0.034868
15 0.692609 0.091353 0.027996 0.037657
15 0.657335 0.058577 0.044793 0.036262
15 0.589586 0.095537 0.066069 0.048815
15 0.553191 0.059275 0.031355 0.034868
15 0.513438 0.078801 0.025756 0.023710
15 0.057671 0.345886 0.057111 0.052999
15 0.016237 0.352859 0.030235 0.072524
15 0.246361 0.361925 0.044793 0.043236
15 0.263158 0.502789 0.055991 0.059972
15 0.174692 0.603208 0.020157 0.032078
15 0.258679 0.647141 0.042553 0.047420
15 0.170213 0.701534 0.047032 0.050209
15 0.179171 0.804045 0.033595 0.032078
15 0.158455 0.867503 0.019037 0.033473
15 0.100224 0.629707 0.066069 0.068340
15 0.086786 0.534868 0.023516 0.040446
15 0.171333 0.300558 0.038074 0.059972
15 0.209966 0.170851 0.045913 0.054393
