15 0.573593 0.572340 0.038961 0.046809
15 0.468254 0.492553 0.027417 0.036170
15 0.496392 0.447872 0.025974 0.031915
15 0.461760 0.397872 0.023088 0.021277
15 0.451659 0.372340 0.034632 0.034043
15 0.479798 0.373404 0.012987 0.023404
15 0.485570 0.263830 0.024531 0.038298
15 0.366522 0.312766 0.037518 0.042553
15 0.389610 0.259574 0.028860 0.029787
15 0.317460 0.328723 0.017316 0.040426
15 0.277778 0.395745 0.024531 0.034043
15 0.258297 0.378723 0.023088 0.025532
15 0.269120 0.430851 0.021645 0.023404
15 0.339827 0.436170 0.027417 0.034043
15 0.388889 0.457447 0.027417 0.029787
15 0.338384 0.488298 0.027417 0.031915
15 0.312410 0.547872 0.018759 0.040426
15 0.282828 0.589362 0.028860 0.042553
15 0.251082 0.559574 0.025974 0.038298
15 0.240981 0.504255 0.023088 0.034043
15 0.114719 0.739362 0.030303 0.048936
15 0.124098 0.646809 0.043290 0.046809
15 0.038240 0.681915 0.030303 0.044681
15 0.113276 0.461702 0.041847 0.055319
15 0.169553 0.378723 0.038961 0.034043
15 0.165945 0.297872 0.028860 0.034043
15 0.159452 0.242553 0.024531 0.034043
15 0.135642 0.246809 0.023088 0.038298
15 0.224387 0.180851 0.030303 0.034043
15 0.124820 0.137234 0.030303 0.036170
15 0.158009 0.057447 0.030303 0.029787
15 0.103896 0.041489 0.023088 0.031915
15 0.083694 0.047872 0.034632 0.036170
15 0.357864 0.685106 0.028860 0.046809
15 0.377345 0.634043 0.033189 0.046809
15 0.359307 0.796809 0.025974 0.031915
15 0.318182 0.870213 0.041847 0.051064
15 0.445166 0.890426 0.030303 0.036170
15 0.470418 0.850000 0.023088 0.036170
15 0.504329 0.838298 0.024531 0.034043
15 0.531746 0.787234 0.030303 0.034043
15 0.525974 0.760638 0.024531 0.031915
15 0.500722 0.752128 0.031746 0.036170
15 0.509380 0.731915 0.025974 0.029787
15 0.605339 0.684043 0.027417 0.048936
15 0.644300 0.722340 0.047619 0.061702
15 0.688312 0.728723 0.017316 0.036170
15 0.673882 0.834043 0.023088 0.042553
15 0.715007 0.803191 0.030303 0.027660
15 0.763348 0.873404 0.025974 0.031915
15 0.765512 0.920213 0.021645 0.040426
15 0.656566 0.985106 0.028860 0.029787
15 0.626263 0.921277 0.025974 0.038298
15 0.371573 0.953191 0.033189 0.034043
15 0.224387 0.706383 0.027417 0.038298
15 0.792929 0.395745 0.036075 0.038298
15 0.780664 0.453191 0.028860 0.042553
15 0.774170 0.506383 0.033189 0.034043
15 0.061328 0.886170 0.030303 0.048936
15 0.037518 0.822340 0.025974 0.040426
15 0.059163 0.778723 0.037518 0.038298
15 0.846320 0.136170 0.030303 0.042553
15 0.891775 0.182979 0.031746 0.046809
15 0.772727 0.032979 0.044733 0.044681
15 0.976912 0.070213 0.031746 0.029787
15 0.932900 0.503191 0.041847 0.070213
15 0.865801 0.623404 0.037518 0.097872
15 0.855700 0.944681 0.049062 0.072340
15 0.753247 0.643617 0.086580 0.125532
