15 0.387300 0.529950 0.012616 0.028286
15 0.410849 0.474210 0.017662 0.049917
15 0.452902 0.453411 0.014298 0.038270
15 0.468881 0.424293 0.024390 0.046589
15 0.484020 0.457571 0.021026 0.043261
15 0.527334 0.414309 0.026913 0.056572
15 0.565601 0.373544 0.022708 0.041597
15 0.576114 0.460067 0.025231 0.048253
15 0.608074 0.441764 0.025231 0.054908
15 0.628680 0.516639 0.027754 0.054908
15 0.678301 0.535774 0.022708 0.043261
15 0.623213 0.633943 0.025231 0.049917
15 0.566863 0.562396 0.021867 0.036606
15 0.549622 0.554908 0.021026 0.034942
15 0.540370 0.703827 0.022708 0.046589
15 0.480656 0.630616 0.022708 0.049917
15 0.453743 0.579035 0.022708 0.053245
15 0.495795 0.569884 0.015980 0.044925
15 0.826325 0.792013 0.022708 0.056572
15 0.846510 0.726290 0.017662 0.041597
15 0.777544 0.642263 0.017662 0.029950
15 0.832632 0.582363 0.026913 0.056572
15 0.885198 0.594010 0.026072 0.053245
15 0.918839 0.602329 0.015980 0.036606
15 0.915475 0.567388 0.032801 0.056572
15 0.954584 0.569052 0.020185 0.039933
15 0.951640 0.622296 0.014298 0.036606
15 0.923045 0.873544 0.022708 0.056572
15 0.916737 0.776206 0.026913 0.038270
15 0.944071 0.797005 0.024390 0.049917
15 0.957107 0.911814 0.025231 0.063228
15 0.993272 0.903494 0.013457 0.039933
15 0.649706 0.930116 0.017662 0.036606
15 0.628259 0.910150 0.015139 0.026622
15 0.609336 0.893511 0.017662 0.033278
15 0.627839 0.835275 0.024390 0.039933
15 0.590833 0.884359 0.022708 0.041597
15 0.553406 0.886855 0.013457 0.029950
15 0.534903 0.921797 0.016821 0.039933
15 0.526493 0.969218 0.015139 0.031614
15 0.530278 0.875208 0.017662 0.043261
15 0.513457 0.824459 0.024390 0.044925
15 0.497897 0.849418 0.020185 0.034942
15 0.439865 0.782862 0.025231 0.038270
15 0.426829 0.846922 0.026072 0.029950
15 0.454163 0.890183 0.018503 0.046589
15 0.472246 0.874376 0.007569 0.018303
15 0.474348 0.826123 0.018503 0.034942
15 0.359125 0.904326 0.018503 0.034942
15 0.381413 0.958403 0.026072 0.036606
15 0.307401 0.968386 0.026072 0.059900
15 0.332212 0.816140 0.021867 0.048253
15 0.323381 0.869384 0.026072 0.064892
15 0.246005 0.966722 0.021026 0.056572
15 0.212784 0.900998 0.018503 0.044925
15 0.230866 0.806988 0.024390 0.039933
15 0.252733 0.761231 0.019344 0.061564
15 0.267452 0.759567 0.018503 0.034942
15 0.277965 0.800333 0.007569 0.019967
15 0.284272 0.722962 0.016821 0.034942
15 0.299832 0.705491 0.026072 0.033278
15 0.340202 0.688020 0.015980 0.028286
15 0.346510 0.590682 0.015139 0.029950
15 0.318335 0.589018 0.017662 0.033278
15 0.318755 0.648918 0.020185 0.033278
15 0.228343 0.648087 0.026072 0.041597
15 0.232548 0.608985 0.021026 0.029950
15 0.195542 0.654742 0.019344 0.044925
15 0.159378 0.685524 0.015980 0.033278
15 0.159378 0.745424 0.024390 0.033278
15 0.188814 0.749584 0.017662 0.024958
15 0.205635 0.773710 0.019344 0.043261
15 0.223717 0.708819 0.021867 0.036606
15 0.339781 0.382696 0.020185 0.049917
15 0.304458 0.384359 0.018503 0.036606
15 0.358705 0.443428 0.022708 0.034942
15 0.340622 0.489185 0.020185 0.039933
15 0.317914 0.448419 0.015139 0.031614
15 0.277544 0.511647 0.015139 0.041597
15 0.258621 0.517471 0.026072 0.046589
15 0.259882 0.441764 0.023549 0.054908
15 0.234651 0.472546 0.021867 0.036606
15 0.216148 0.498336 0.021867 0.041597
15 0.177460 0.478369 0.015139 0.038270
15 0.205214 0.380200 0.018503 0.041597
15 0.248108 0.317804 0.023549 0.046589
15 0.277544 0.318636 0.013457 0.034942
15 0.309504 0.287022 0.016821 0.034942
15 0.298991 0.242928 0.021026 0.043261
15 0.348192 0.301165 0.025231 0.039933
15 0.386459 0.367720 0.021026 0.043261
15 0.399075 0.316140 0.022708 0.043261
15 0.422204 0.345258 0.020185 0.041597
15 0.454163 0.305324 0.016821 0.034942
15 0.447855 0.264559 0.015980 0.029950
15 0.463415 0.239601 0.015139 0.026622
15 0.470143 0.212146 0.016821 0.021631
15 0.544155 0.267887 0.025231 0.049917
15 0.562658 0.266223 0.016821 0.056572
15 0.595458 0.334443 0.020185 0.036606
15 0.545416 0.210483 0.027754 0.051581
15 0.522708 0.135607 0.027754 0.054908
15 0.418839 0.191348 0.016821 0.033278
15 0.378469 0.186356 0.016821 0.029950
15 0.365433 0.163062 0.014298 0.026622
15 0.358705 0.135607 0.014298 0.024958
15 0.423045 0.093178 0.023549 0.056572
15 0.351556 0.071547 0.035324 0.039933
15 0.318755 0.062396 0.021867 0.028286
15 0.297309 0.085691 0.010934 0.031614
15 0.281749 0.048253 0.021867 0.066556
15 0.240118 0.108985 0.015980 0.031614
15 0.169470 0.171381 0.024390 0.049917
15 0.225820 0.202163 0.014298 0.028286
15 0.246005 0.224626 0.021026 0.043261
15 0.181245 0.263727 0.017662 0.038270
15 0.161060 0.316140 0.021026 0.036606
15 0.152229 0.378536 0.021867 0.044925
15 0.126997 0.452579 0.035324 0.066556
15 0.101346 0.454243 0.019344 0.039933
15 0.090833 0.499168 0.025231 0.043261
15 0.070227 0.479201 0.021026 0.039933
15 0.057191 0.490849 0.020185 0.036606
15 0.039950 0.471714 0.026072 0.044925
15 0.128680 0.856073 0.015139 0.031614
15 0.101766 0.796173 0.018503 0.034942
15 0.066863 0.811148 0.026072 0.041597
15 0.085786 0.759567 0.016821 0.028286
15 0.051724 0.727953 0.019344 0.034942
15 0.016821 0.720466 0.025231 0.043261
15 0.089571 0.930116 0.019344 0.043261
15 0.117325 0.963394 0.017662 0.029950
15 0.056350 0.945923 0.020185 0.034942
15 0.035324 0.832779 0.018503 0.038270
15 0.023970 0.874376 0.029437 0.028286
15 0.717410 0.387687 0.015139 0.039933
15 0.692599 0.311148 0.024390 0.036606
15 0.720774 0.217138 0.021867 0.041597
15 0.708158 0.179700 0.023549 0.046589
15 0.738856 0.134775 0.022708 0.039933
15 0.678301 0.130616 0.026072 0.031614
15 0.727923 0.068220 0.022708 0.036606
15 0.759041 0.108985 0.019344 0.034942
15 0.793944 0.231281 0.030278 0.059900
15 0.762405 0.331947 0.017662 0.048253
15 0.728343 0.309484 0.021867 0.046589
15 0.901598 0.333611 0.011775 0.038270
15 0.921362 0.288686 0.021026 0.028286
15 0.865433 0.202163 0.030278 0.051581
15 0.889823 0.189684 0.011775 0.029950
15 0.845248 0.162230 0.016821 0.031614
15 0.889823 0.083195 0.023549 0.036606
15 0.948276 0.079035 0.017662 0.034942
15 0.963415 0.094010 0.012616 0.034942
15 0.978553 0.129784 0.014298 0.033278
15 0.973507 0.171381 0.012616 0.026622
15 0.671573 0.600666 0.026072 0.059900
15 0.670311 0.665557 0.011775 0.029950
15 0.675778 0.708819 0.019344 0.036606
15 0.725399 0.681364 0.024390 0.038270
15 0.603869 0.173877 0.016821 0.034942
15 0.627839 0.062396 0.012616 0.028286
15 0.671993 0.042429 0.021867 0.038270
15 0.196804 0.043261 0.011775 0.029950
15 0.218671 0.063228 0.015139 0.036606
15 0.178722 0.096506 0.010934 0.029950
15 0.197225 0.113977 0.014298 0.034942
15 0.210681 0.148918 0.019344 0.044925
15 0.171993 0.059900 0.024390 0.039933
15 0.127839 0.069052 0.031960 0.058236
15 0.084945 0.101498 0.015139 0.036606
15 0.088730 0.169717 0.029437 0.046589
15 0.029437 0.137271 0.045416 0.064892
15 0.013036 0.296173 0.024390 0.083195
15 0.030278 0.300333 0.020185 0.038270
15 0.057611 0.328619 0.019344 0.044925
15 0.071909 0.282862 0.017662 0.033278
15 0.050042 0.232945 0.022708 0.039933
15 0.137931 0.158070 0.018503 0.033278
15 0.133305 0.202995 0.014298 0.036606
15 0.129521 0.251248 0.010093 0.029950
15 0.166106 0.538270 0.024390 0.028286
15 0.136249 0.546589 0.016821 0.024958
15 0.119849 0.628120 0.021026 0.038270
15 0.163162 0.618136 0.013457 0.038270
15 0.181665 0.579035 0.016821 0.033278
15 0.200168 0.550749 0.013457 0.029950
15 0.212784 0.575707 0.010093 0.023295
15 0.227082 0.549085 0.011775 0.029950
15 0.396552 0.745424 0.012616 0.029950
15 0.392767 0.702163 0.021867 0.026622
15 0.442389 0.692180 0.020185 0.029950
15 0.653070 0.399334 0.021026 0.043261
15 0.802775 0.153910 0.021026 0.031614
15 0.785114 0.093178 0.012616 0.026622
15 0.782590 0.042429 0.012616 0.038270
15 0.739277 0.511647 0.016821 0.051581
15 0.744323 0.466722 0.018503 0.034942
15 0.903701 0.456739 0.022708 0.044925
15 0.931034 0.425125 0.018503 0.038270
15 0.983600 0.369384 0.012616 0.053245
