15 0.583086 0.629067 0.018793 0.065076
15 0.545500 0.560738 0.018793 0.045553
15 0.498022 0.599783 0.028684 0.062907
15 0.521266 0.689805 0.017804 0.052061
15 0.462908 0.670282 0.025717 0.043384
15 0.486647 0.751627 0.025717 0.054230
15 0.424332 0.762473 0.021761 0.045553
15 0.422849 0.670282 0.022750 0.047722
15 0.324431 0.762473 0.039565 0.067245
15 0.345203 0.896963 0.037587 0.067245
15 0.313056 0.649675 0.024728 0.058568
15 0.336795 0.550976 0.032641 0.095445
15 0.373887 0.480477 0.037587 0.049892
15 0.385757 0.573753 0.025717 0.054230
15 0.424827 0.583514 0.024728 0.043384
15 0.435213 0.542299 0.021761 0.043384
15 0.421860 0.493492 0.018793 0.032538
15 0.487141 0.375271 0.032641 0.078091
15 0.554896 0.325380 0.019782 0.052061
15 0.550940 0.377440 0.015826 0.030369
15 0.567260 0.401302 0.018793 0.039046
15 0.634520 0.380694 0.022750 0.049892
15 0.609792 0.319957 0.020772 0.041215
15 0.694362 0.386117 0.025717 0.052061
15 0.745302 0.421909 0.030663 0.067245
15 0.715628 0.560738 0.026706 0.075922
15 0.713650 0.646421 0.018793 0.052061
15 0.718101 0.745119 0.049456 0.084599
15 0.679031 0.739696 0.014837 0.043384
15 0.682493 0.811280 0.025717 0.043384
15 0.642928 0.718004 0.015826 0.034707
15 0.668645 0.611714 0.041543 0.065076
15 0.815035 0.593275 0.025717 0.045553
15 0.781899 0.681128 0.024728 0.065076
15 0.789318 0.866594 0.017804 0.054230
15 0.884768 0.344902 0.026706 0.065076
15 0.903066 0.308026 0.017804 0.039046
15 0.764095 0.342733 0.016815 0.065076
15 0.730465 0.227766 0.024728 0.065076
15 0.773492 0.168113 0.031652 0.045553
15 0.727498 0.092191 0.024728 0.054230
15 0.687933 0.187636 0.026706 0.062907
15 0.674085 0.271150 0.026706 0.047722
15 0.585064 0.163774 0.026706 0.062907
15 0.634520 0.116052 0.036597 0.067245
15 0.552423 0.070499 0.028684 0.067245
15 0.502967 0.225597 0.026706 0.052061
15 0.488131 0.259219 0.022750 0.049892
15 0.435213 0.255965 0.033630 0.056399
15 0.459941 0.160521 0.017804 0.052061
15 0.467854 0.091106 0.017804 0.047722
15 0.393175 0.227766 0.022750 0.034707
15 0.421860 0.193059 0.014837 0.034707
15 0.367953 0.184382 0.027695 0.043384
15 0.396142 0.096529 0.030663 0.067245
15 0.368942 0.082430 0.017804 0.043384
15 0.306627 0.129067 0.015826 0.041215
15 0.306133 0.093275 0.026706 0.052061
15 0.282888 0.159436 0.015826 0.045553
15 0.265579 0.118221 0.016815 0.036876
15 0.266568 0.194143 0.018793 0.041215
15 0.246291 0.077007 0.021761 0.041215
15 0.216123 0.055315 0.026706 0.058568
15 0.231949 0.309111 0.020772 0.054230
15 0.262611 0.343818 0.018793 0.041215
15 0.296241 0.318872 0.014837 0.047722
15 0.317507 0.268980 0.009891 0.034707
15 0.329871 0.305857 0.016815 0.034707
15 0.350643 0.273319 0.016815 0.043384
15 0.853116 0.591106 0.026706 0.071584
15 0.819980 0.405640 0.019782 0.047722
15 0.862512 0.113883 0.027695 0.045553
15 0.841741 0.143167 0.017804 0.043384
15 0.875865 0.047722 0.022750 0.052061
15 0.283877 0.693059 0.013848 0.036876
15 0.272008 0.607375 0.027695 0.039046
15 0.293274 0.616052 0.020772 0.039046
15 0.230465 0.603037 0.013848 0.030369
15 0.210188 0.621475 0.020772 0.041215
15 0.230959 0.657267 0.012859 0.043384
15 0.247280 0.757050 0.015826 0.039046
15 0.215628 0.875271 0.023739 0.041215
15 0.293769 0.941432 0.017804 0.034707
15 0.137488 0.904555 0.029674 0.060738
15 0.096439 0.945770 0.024728 0.043384
15 0.040554 0.916486 0.029674 0.041215
15 0.011869 0.892625 0.021761 0.028200
15 0.024728 0.534707 0.019782 0.049892
15 0.030168 0.649675 0.012859 0.041215
15 0.062315 0.697397 0.023739 0.045553
15 0.113749 0.691974 0.017804 0.047722
15 0.151830 0.754881 0.022750 0.039046
15 0.115727 0.561822 0.023739 0.047722
15 0.131553 0.541215 0.021761 0.045553
15 0.089515 0.516269 0.018793 0.034707
15 0.083086 0.484816 0.013848 0.015184
15 0.072206 0.453362 0.019782 0.034707
15 0.098912 0.447939 0.029674 0.054230
15 0.130069 0.343818 0.020772 0.062907
15 0.119189 0.224512 0.022750 0.032538
15 0.090504 0.276573 0.018793 0.032538
15 0.071217 0.306941 0.009891 0.041215
15 0.050940 0.330803 0.022750 0.041215
15 0.075668 0.237527 0.016815 0.045553
15 0.065776 0.158351 0.014837 0.034707
15 0.087043 0.079176 0.013848 0.028200
15 0.058358 0.073753 0.015826 0.034707
15 0.034619 0.074837 0.013848 0.028200
15 0.015826 0.033623 0.013848 0.019523
15 0.220079 0.158351 0.016815 0.043384
15 0.154303 0.080260 0.017804 0.043384
15 0.127596 0.095445 0.017804 0.047722
15 0.177052 0.068330 0.017804 0.036876
15 0.173096 0.445770 0.041543 0.097614
15 0.193373 0.286334 0.014837 0.039046
15 0.189911 0.170282 0.025717 0.062907
15 0.478239 0.894794 0.018793 0.045553
