15 0.345652 0.906393 0.021739 0.022831
15 0.308696 0.917808 0.026087 0.027397
15 0.271739 0.945205 0.013043 0.018265
15 0.223913 0.915525 0.021739 0.022831
15 0.223913 0.894977 0.030435 0.018265
15 0.241304 0.858447 0.030435 0.036530
15 0.258696 0.876712 0.021739 0.018265
15 0.278261 0.851598 0.026087 0.041096
15 0.297826 0.844749 0.030435 0.036530
15 0.313043 0.865297 0.026087 0.031963
15 0.350000 0.831050 0.030435 0.036530
15 0.369565 0.792237 0.034783 0.022831
15 0.345652 0.762557 0.030435 0.027397
15 0.319565 0.723744 0.030435 0.031963
15 0.295652 0.700913 0.026087 0.022831
15 0.273913 0.684932 0.026087 0.018265
15 0.241304 0.675799 0.021739 0.018265
15 0.243478 0.586758 0.043478 0.031963
15 0.195652 0.598174 0.026087 0.027397
15 0.147826 0.666667 0.026087 0.036530
15 0.123913 0.707763 0.030435 0.018265
15 0.126087 0.739726 0.034783 0.027397
15 0.141304 0.769406 0.030435 0.022831
15 0.178261 0.799087 0.026087 0.027397
15 0.245652 0.780822 0.013043 0.027397
15 0.130435 0.837900 0.017391 0.031963
15 0.141304 0.799087 0.021739 0.027397
15 0.110870 0.801370 0.021739 0.022831
15 0.017391 0.808219 0.026087 0.036530
15 0.145652 0.958904 0.047826 0.036530
15 0.173913 0.906393 0.026087 0.041096
15 0.030435 0.970320 0.052174 0.031963
15 0.139130 0.577626 0.026087 0.022831
15 0.097826 0.652968 0.013043 0.036530
15 0.054348 0.586758 0.021739 0.022831
15 0.030435 0.593607 0.017391 0.027397
15 0.015217 0.623288 0.021739 0.022831
15 0.026087 0.463470 0.000000 0.004566
15 0.015217 0.452055 0.021739 0.027397
15 0.071739 0.490868 0.021739 0.022831
15 0.106522 0.472603 0.021739 0.031963
15 0.091304 0.515982 0.017391 0.018265
15 0.106522 0.522831 0.021739 0.022831
15 0.095652 0.552511 0.017391 0.018265
15 0.100000 0.568493 0.008696 0.013699
15 0.076087 0.392694 0.013043 0.027397
15 0.163043 0.381279 0.021739 0.022831
15 0.130435 0.388128 0.034783 0.018265
15 0.191304 0.347032 0.017391 0.027397
15 0.154348 0.335616 0.030435 0.031963
15 0.132609 0.308219 0.021739 0.022831
15 0.082609 0.324201 0.026087 0.027397
15 0.076087 0.292237 0.021739 0.027397
15 0.108696 0.287671 0.026087 0.027397
15 0.128261 0.269406 0.021739 0.018265
15 0.158696 0.262557 0.013043 0.022831
15 0.182609 0.267123 0.017391 0.022831
15 0.226087 0.271689 0.017391 0.013699
15 0.252174 0.271689 0.017391 0.022831
15 0.210870 0.310502 0.021739 0.018265
15 0.239130 0.349315 0.026087 0.022831
15 0.315217 0.347032 0.021739 0.018265
15 0.315217 0.319635 0.030435 0.018265
15 0.282609 0.388128 0.026087 0.027397
15 0.254348 0.404110 0.013043 0.022831
15 0.213043 0.431507 0.026087 0.022831
15 0.206522 0.452055 0.021739 0.018265
15 0.245652 0.484018 0.021739 0.027397
15 0.373913 0.422374 0.017391 0.022831
15 0.332609 0.643836 0.021739 0.027397
15 0.365217 0.627854 0.017391 0.022831
15 0.317391 0.621005 0.034783 0.027397
15 0.450000 0.593607 0.030435 0.027397
15 0.450000 0.616438 0.030435 0.027397
15 0.400000 0.687215 0.026087 0.031963
15 0.358696 0.680365 0.021739 0.018265
15 0.336957 0.694064 0.030435 0.018265
15 0.384783 0.726027 0.030435 0.027397
15 0.480435 0.723744 0.021739 0.022831
15 0.508696 0.705479 0.026087 0.022831
15 0.541304 0.762557 0.030435 0.027397
15 0.539130 0.844749 0.026087 0.027397
15 0.578261 0.828767 0.026087 0.022831
