15 0.438080 0.582857 0.030960 0.038095
15 0.443498 0.495238 0.047988 0.053333
15 0.556502 0.519048 0.038700 0.040000
15 0.602167 0.449524 0.040248 0.041905
15 0.649381 0.362857 0.057276 0.051429
15 0.729102 0.432381 0.027864 0.038095
15 0.725232 0.482857 0.032508 0.028571
15 0.964396 0.560952 0.058824 0.062857
15 0.928793 0.675238 0.043344 0.070476
15 0.808050 0.904762 0.034056 0.060952
15 0.723684 0.972381 0.054180 0.055238
15 0.540248 0.954286 0.074303 0.072381
15 0.388545 0.814286 0.046440 0.047619
15 0.297214 0.953333 0.046440 0.051429
15 0.143963 0.772381 0.040248 0.055238
15 0.117647 0.681905 0.043344 0.049524
15 0.264706 0.658095 0.049536 0.059048
15 0.254644 0.613333 0.041796 0.034286
15 0.247678 0.471429 0.040248 0.032381
15 0.191950 0.363810 0.055728 0.060952
15 0.130805 0.419048 0.020124 0.034286
15 0.130805 0.487619 0.032508 0.038095
15 0.046440 0.458095 0.034056 0.043810
15 0.301858 0.260952 0.052632 0.045714
15 0.330495 0.324762 0.029412 0.036190
15 0.368421 0.303810 0.034056 0.051429
15 0.442724 0.303810 0.021672 0.043810
15 0.571981 0.250476 0.038700 0.051429
15 0.318885 0.195238 0.040248 0.043810
15 0.196594 0.240952 0.046440 0.047619
15 0.115325 0.252381 0.020124 0.036190
15 0.060372 0.259048 0.040248 0.049524
15 0.013158 0.302857 0.023220 0.049524
15 0.067337 0.121905 0.054180 0.053333
15 0.173375 0.053333 0.040248 0.041905
15 0.210526 0.065714 0.021672 0.040000
15 0.267802 0.104762 0.037152 0.049524
15 0.421053 0.043810 0.046440 0.049524
15 0.480650 0.035238 0.029412 0.036190
15 0.835139 0.103810 0.035604 0.051429
15 0.806502 0.179048 0.027864 0.034286
15 0.836687 0.078095 0.038700 0.034286
15 0.885449 0.044762 0.018576 0.032381
15 0.895511 0.080952 0.029412 0.032381
15 0.931889 0.119048 0.030960 0.043810
15 0.847523 0.018095 0.035604 0.032381
15 0.566563 0.351429 0.015480 0.036190
15 0.863777 0.369524 0.043344 0.057143
15 0.015480 0.874286 0.027864 0.022857
15 0.099071 0.907619 0.030960 0.043810
