15 0.025097 0.855670 0.042471 0.051546
15 0.092664 0.713918 0.061776 0.087629
15 0.216216 0.634021 0.054054 0.061856
15 0.218147 0.543814 0.034749 0.056701
15 0.308880 0.541237 0.069498 0.051546
15 0.235521 0.458763 0.030888 0.041237
15 0.071429 0.453608 0.065637 0.072165
15 0.021236 0.628866 0.034749 0.051546
15 0.523166 0.734536 0.065637 0.077320
15 0.575290 0.701031 0.077220 0.082474
15 0.706564 0.739691 0.046332 0.067010
15 0.654440 0.631443 0.073359 0.077320
15 0.716216 0.587629 0.065637 0.061856
15 0.544402 0.432990 0.038610 0.051546
15 0.584942 0.438144 0.034749 0.041237
15 0.621622 0.422680 0.030888 0.051546
15 0.666023 0.432990 0.042471 0.051546
15 0.581081 0.394330 0.042471 0.046392
15 0.563707 0.337629 0.046332 0.036082
15 0.517375 0.283505 0.046332 0.030928
15 0.384170 0.293814 0.057915 0.051546
15 0.370656 0.190722 0.030888 0.041237
15 0.291506 0.208763 0.050193 0.046392
15 0.281853 0.278351 0.038610 0.041237
15 0.135135 0.250000 0.046332 0.046392
15 0.084942 0.250000 0.054054 0.046392
15 0.098456 0.304124 0.042471 0.041237
15 0.204633 0.146907 0.038610 0.046392
15 0.254826 0.162371 0.030888 0.025773
15 0.326255 0.123711 0.034749 0.030928
15 0.372587 0.090206 0.050193 0.025773
15 0.322394 0.033505 0.034749 0.036082
15 0.411197 0.087629 0.050193 0.041237
15 0.467181 0.095361 0.030888 0.036082
15 0.482625 0.164948 0.038610 0.030928
15 0.461390 0.064433 0.027027 0.036082
15 0.486486 0.043814 0.030888 0.046392
15 0.530888 0.041237 0.034749 0.030928
15 0.548263 0.105670 0.038610 0.036082
15 0.633205 0.162371 0.023166 0.025773
15 0.683398 0.190722 0.030888 0.041237
15 0.718147 0.172680 0.030888 0.036082
15 0.691120 0.250000 0.046332 0.046392
15 0.698842 0.353093 0.061776 0.056701
15 0.822394 0.347938 0.030888 0.036082
15 0.944015 0.463918 0.050193 0.041237
15 0.969112 0.371134 0.038610 0.051546
15 0.918919 0.288660 0.061776 0.051546
15 0.855212 0.069588 0.034749 0.046392
15 0.766409 0.069588 0.073359 0.036082
15 0.971042 0.734536 0.057915 0.067010
15 0.978764 0.649485 0.042471 0.051546
15 0.816602 0.829897 0.104247 0.103093
15 0.942085 0.948454 0.108108 0.103093
