15 0.433225 0.567073 0.039088 0.048780
15 0.447883 0.673780 0.035831 0.054878
15 0.514658 0.634146 0.026059 0.048780
15 0.596091 0.628049 0.039088 0.048780
15 0.573290 0.722561 0.026059 0.054878
15 0.594463 0.789634 0.022801 0.030488
15 0.719870 0.685976 0.026059 0.042683
15 0.718241 0.618902 0.029316 0.042683
15 0.798046 0.835366 0.026059 0.048780
15 0.767101 0.893293 0.029316 0.054878
15 0.747557 0.935976 0.029316 0.054878
15 0.815961 0.963415 0.022801 0.048780
15 0.851792 0.902439 0.022801 0.036585
15 0.838762 0.984756 0.022801 0.030488
15 0.890879 0.844512 0.022801 0.042683
15 0.871336 0.820122 0.022801 0.030488
15 0.856678 0.746951 0.039088 0.042683
15 0.923453 0.783537 0.022801 0.030488
15 0.925081 0.661585 0.039088 0.030488
15 0.921824 0.600610 0.032573 0.030488
15 0.978827 0.512195 0.035831 0.036585
15 0.729642 0.368902 0.013029 0.030488
15 0.744300 0.350610 0.016287 0.030488
15 0.765472 0.289634 0.019544 0.042683
15 0.737785 0.253049 0.029316 0.042683
15 0.801303 0.298780 0.032573 0.036585
15 0.827362 0.274390 0.032573 0.036585
15 0.858306 0.265244 0.022801 0.042683
15 0.910423 0.250000 0.016287 0.036585
15 0.910423 0.134146 0.022801 0.036585
15 0.882736 0.112805 0.019544 0.030488
15 0.959283 0.176829 0.016287 0.036585
15 0.928339 0.265244 0.019544 0.030488
15 0.939739 0.298780 0.009772 0.024390
15 0.980456 0.317073 0.026059 0.048780
15 0.991857 0.259146 0.016287 0.067073
15 0.737785 0.167683 0.029316 0.042683
15 0.698697 0.152439 0.022801 0.036585
15 0.692182 0.198171 0.016287 0.030488
15 0.615635 0.170732 0.032573 0.048780
15 0.586319 0.152439 0.032573 0.060976
15 0.680782 0.091463 0.019544 0.036585
15 0.697068 0.054878 0.026059 0.024390
15 0.734528 0.103659 0.022801 0.036585
15 0.760586 0.085366 0.016287 0.036585
15 0.788274 0.100610 0.019544 0.054878
15 0.798046 0.070122 0.019544 0.018293
15 0.807818 0.094512 0.013029 0.030488
15 0.830619 0.125000 0.026059 0.042683
15 0.770358 0.036585 0.022801 0.036585
15 0.793160 0.042683 0.016287 0.036585
15 0.729642 0.021341 0.019544 0.030488
15 0.633550 0.048780 0.009772 0.024390
15 0.607492 0.070122 0.016287 0.030488
15 0.640065 0.021341 0.016287 0.030488
15 0.576547 0.045732 0.013029 0.030488
15 0.496743 0.060976 0.029316 0.036585
15 0.399023 0.149390 0.016287 0.030488
15 0.387622 0.082317 0.019544 0.042683
15 0.314332 0.097561 0.022801 0.024390
15 0.280130 0.146341 0.019544 0.024390
15 0.267101 0.189024 0.019544 0.024390
15 0.294788 0.204268 0.016287 0.042683
15 0.420195 0.332317 0.026059 0.042683
15 0.469055 0.378049 0.013029 0.036585
15 0.496743 0.283537 0.035831 0.054878
15 0.470684 0.179878 0.016287 0.042683
15 0.469055 0.231707 0.013029 0.024390
15 0.592834 0.439024 0.026059 0.048780
15 0.623779 0.350610 0.022801 0.054878
15 0.558632 0.442073 0.029316 0.054878
15 0.488599 0.490854 0.032573 0.054878
15 0.312704 0.414634 0.019544 0.036585
15 0.260586 0.448171 0.026059 0.042683
15 0.258958 0.365854 0.022801 0.048780
15 0.267101 0.335366 0.019544 0.048780
15 0.218241 0.375000 0.026059 0.042683
15 0.192182 0.320122 0.019544 0.030488
15 0.185668 0.295732 0.026059 0.042683
15 0.208469 0.265244 0.019544 0.042683
15 0.118893 0.283537 0.029316 0.030488
15 0.096091 0.246951 0.022801 0.030488
15 0.203583 0.039634 0.022801 0.054878
15 0.035831 0.250000 0.026059 0.048780
15 0.032573 0.304878 0.032573 0.036585
15 0.061889 0.399390 0.032573 0.054878
15 0.048860 0.435976 0.039088 0.042683
15 0.099349 0.493902 0.022801 0.036585
15 0.120521 0.463415 0.032573 0.048780
15 0.135179 0.536585 0.016287 0.036585
15 0.148208 0.542683 0.022801 0.036585
15 0.211726 0.582317 0.026059 0.042683
15 0.285016 0.564024 0.035831 0.054878
15 0.337134 0.679878 0.035831 0.042683
15 0.379479 0.682927 0.029316 0.048780
15 0.472313 0.792683 0.019544 0.024390
15 0.462541 0.850610 0.026059 0.030488
15 0.586319 0.945122 0.019544 0.036585
15 0.614007 0.856707 0.029316 0.030488
15 0.332248 0.838415 0.045603 0.067073
15 0.338762 0.878049 0.045603 0.060976
15 0.311075 0.923780 0.029316 0.030488
15 0.420195 0.957317 0.039088 0.036585
15 0.250814 0.868902 0.039088 0.054878
15 0.206840 0.801829 0.035831 0.054878
15 0.175896 0.817073 0.032573 0.048780
15 0.110749 0.887195 0.039088 0.054878
15 0.154723 0.945122 0.035831 0.048780
15 0.076547 0.817073 0.022801 0.036585
15 0.087948 0.762195 0.019544 0.024390
15 0.039088 0.649390 0.032573 0.054878
15 0.107492 0.573171 0.026059 0.048780
15 0.021173 0.527439 0.035831 0.042683
