15 0.384170 0.690722 0.057915 0.082474
15 0.388031 0.595361 0.042471 0.067010
15 0.420849 0.497423 0.061776 0.077320
15 0.476834 0.559278 0.042471 0.056701
15 0.563707 0.561856 0.046332 0.051546
15 0.590734 0.458763 0.030888 0.051546
15 0.722008 0.548969 0.038610 0.056701
15 0.768340 0.440722 0.038610 0.067010
15 0.849421 0.445876 0.023166 0.046392
15 0.862934 0.384021 0.034749 0.046392
15 0.828185 0.322165 0.042471 0.046392
15 0.714286 0.296392 0.046332 0.046392
15 0.586873 0.296392 0.054054 0.046392
15 0.637066 0.270619 0.030888 0.036082
15 0.666023 0.242268 0.034749 0.030928
15 0.610039 0.234536 0.030888 0.046392
15 0.619691 0.203608 0.042471 0.036082
15 0.573359 0.221649 0.042471 0.041237
15 0.799228 0.198454 0.038610 0.056701
15 0.839768 0.244845 0.042471 0.056701
15 0.905405 0.252577 0.042471 0.061856
15 0.980695 0.306701 0.038610 0.046392
15 0.940154 0.536082 0.034749 0.051546
15 0.974903 0.474227 0.050193 0.041237
15 0.870656 0.536082 0.042471 0.061856
15 0.837838 0.639175 0.038610 0.051546
15 0.806950 0.680412 0.038610 0.041237
15 0.953668 0.713918 0.023166 0.025773
15 0.959459 0.670103 0.027027 0.041237
15 0.971042 0.597938 0.019305 0.041237
15 0.920849 0.600515 0.019305 0.025773
15 0.870656 0.711340 0.034749 0.041237
15 0.918919 0.801546 0.030888 0.036082
15 0.880309 0.832474 0.046332 0.067010
15 0.801158 0.742268 0.050193 0.082474
15 0.669884 0.796392 0.073359 0.067010
15 0.615830 0.757732 0.034749 0.041237
15 0.527027 0.793814 0.088803 0.082474
15 0.610039 0.894330 0.069498 0.067010
15 0.536680 0.963918 0.061776 0.072165
15 0.386100 0.891753 0.046332 0.051546
15 0.361004 0.963918 0.104247 0.072165
15 0.264479 0.891753 0.073359 0.072165
15 0.220077 0.912371 0.046332 0.030928
15 0.210425 0.832474 0.034749 0.046392
15 0.252896 0.783505 0.081081 0.082474
15 0.227799 0.659794 0.069498 0.072165
15 0.125483 0.747423 0.065637 0.061856
15 0.071429 0.773196 0.034749 0.030928
15 0.079151 0.822165 0.027027 0.025773
15 0.123552 0.868557 0.023166 0.036082
15 0.071429 0.927835 0.073359 0.072165
15 0.038610 0.827320 0.030888 0.036082
15 0.113900 0.969072 0.042471 0.061856
15 0.121622 0.572165 0.042471 0.051546
15 0.108108 0.512887 0.069498 0.056701
15 0.189189 0.530928 0.054054 0.061856
15 0.243243 0.484536 0.054054 0.061856
15 0.249035 0.546392 0.034749 0.041237
15 0.293436 0.427835 0.046332 0.051546
15 0.281853 0.368557 0.038610 0.046392
15 0.320463 0.319588 0.023166 0.030928
15 0.362934 0.461340 0.054054 0.097938
15 0.401544 0.234536 0.046332 0.036082
15 0.434363 0.260309 0.034749 0.046392
15 0.440154 0.304124 0.100386 0.041237
15 0.445946 0.360825 0.065637 0.051546
15 0.434363 0.167526 0.027027 0.036082
15 0.426641 0.123711 0.027027 0.030928
15 0.459459 0.144330 0.023166 0.041237
15 0.521236 0.170103 0.038610 0.051546
15 0.675676 0.043814 0.054054 0.067010
15 0.766409 0.097938 0.034749 0.041237
15 0.816602 0.131443 0.027027 0.036082
15 0.859073 0.123711 0.027027 0.030928
15 0.868726 0.159794 0.030888 0.041237
15 0.889961 0.105670 0.042471 0.046392
15 0.971042 0.082474 0.027027 0.051546
15 0.164093 0.159794 0.027027 0.030928
15 0.111969 0.201031 0.046332 0.030928
15 0.305019 0.149485 0.030888 0.041237
15 0.270270 0.195876 0.046332 0.061856
15 0.289575 0.064433 0.038610 0.046392
15 0.314672 0.043814 0.042471 0.046392
15 0.372587 0.139175 0.057915 0.072165
15 0.405405 0.092784 0.038610 0.041237
15 0.451737 0.056701 0.046332 0.051546
15 0.409266 0.028351 0.038610 0.046392
15 0.125483 0.072165 0.042471 0.041237
15 0.071429 0.100515 0.034749 0.056701
15 0.138996 0.396907 0.030888 0.041237
15 0.098456 0.399485 0.034749 0.036082
15 0.210425 0.293814 0.027027 0.051546
15 0.185328 0.250000 0.030888 0.036082
15 0.231660 0.327320 0.038610 0.036082
15 0.258687 0.275773 0.030888 0.036082
15 0.650579 0.479381 0.050193 0.051546
