15 0.196484 0.478472 0.047656 0.054167
15 0.200391 0.380556 0.030469 0.052778
15 0.234766 0.441667 0.027344 0.030556
15 0.239063 0.229861 0.060937 0.065278
15 0.235156 0.127083 0.031250 0.045833
15 0.232813 0.549306 0.050000 0.093056
15 0.175781 0.547222 0.029687 0.044444
15 0.605078 0.537500 0.022656 0.036111
15 0.589453 0.572917 0.027344 0.034722
15 0.633203 0.660417 0.036719 0.037500
15 0.725781 0.639583 0.032813 0.040278
15 0.746875 0.534028 0.025000 0.043056
15 0.760156 0.527083 0.015625 0.051389
15 0.714844 0.452083 0.035937 0.056944
15 0.648047 0.438194 0.030469 0.031944
15 0.621875 0.432639 0.020313 0.029167
15 0.625781 0.342361 0.039062 0.051389
15 0.578906 0.201389 0.046875 0.047222
15 0.645703 0.261111 0.038281 0.052778
15 0.683984 0.259722 0.033594 0.041667
15 0.727344 0.218056 0.060937 0.061111
15 0.789062 0.240972 0.040625 0.054167
15 0.839453 0.277083 0.019531 0.045833
15 0.814453 0.129861 0.064844 0.073611
15 0.709375 0.131250 0.040625 0.051389
15 0.748828 0.068056 0.053906 0.044444
15 0.680078 0.051389 0.024219 0.025000
