15 0.451500 0.851124 0.029000 0.043071
15 0.465500 0.820225 0.029000 0.048689
15 0.478000 0.789326 0.022000 0.031835
15 0.505500 0.808052 0.019000 0.039326
15 0.552500 0.835206 0.033000 0.037453
15 0.544500 0.888577 0.021000 0.031835
15 0.490500 0.906367 0.037000 0.048689
15 0.554500 0.963483 0.031000 0.035581
15 0.628000 0.972846 0.028000 0.035581
15 0.659500 0.944757 0.021000 0.035581
15 0.659500 0.974719 0.013000 0.024345
15 0.681500 0.952247 0.019000 0.039326
15 0.693000 0.920412 0.020000 0.039326
15 0.712500 0.968165 0.015000 0.037453
15 0.636000 0.862360 0.028000 0.043071
15 0.687500 0.817416 0.017000 0.039326
15 0.601000 0.764045 0.034000 0.037453
15 0.614500 0.725655 0.029000 0.028090
15 0.636500 0.674157 0.025000 0.026217
15 0.475500 0.560861 0.019000 0.028090
15 0.451000 0.556180 0.024000 0.044944
15 0.444500 0.653558 0.021000 0.048689
15 0.453500 0.679775 0.019000 0.033708
15 0.503500 0.723783 0.017000 0.031835
15 0.535500 0.670412 0.013000 0.048689
15 0.541500 0.630150 0.017000 0.028090
15 0.565500 0.523408 0.015000 0.039326
15 0.519500 0.543071 0.033000 0.044944
15 0.522500 0.481273 0.041000 0.044944
15 0.623000 0.520599 0.022000 0.026217
15 0.628500 0.476592 0.021000 0.028090
15 0.566500 0.478464 0.017000 0.031835
15 0.551500 0.429775 0.017000 0.024345
15 0.573500 0.426966 0.017000 0.014981
15 0.593000 0.395131 0.018000 0.018727
15 0.619500 0.391386 0.015000 0.018727
15 0.632500 0.336142 0.017000 0.024345
15 0.649000 0.337079 0.018000 0.029963
15 0.703500 0.353933 0.017000 0.022472
15 0.716500 0.339888 0.017000 0.031835
15 0.707000 0.557116 0.016000 0.035581
15 0.703000 0.520599 0.024000 0.029963
15 0.762500 0.523408 0.023000 0.031835
15 0.786500 0.602996 0.011000 0.026217
15 0.753000 0.656367 0.014000 0.035581
15 0.733500 0.700375 0.009000 0.026217
15 0.724000 0.722846 0.022000 0.033708
15 0.771000 0.741573 0.008000 0.029963
15 0.786000 0.756554 0.012000 0.026217
15 0.814000 0.758427 0.012000 0.026217
15 0.792000 0.699438 0.016000 0.031835
15 0.798500 0.653558 0.023000 0.029963
15 0.814000 0.656367 0.014000 0.024345
15 0.835000 0.623596 0.026000 0.037453
15 0.831500 0.588951 0.023000 0.024345
15 0.834000 0.552434 0.026000 0.037453
15 0.828500 0.502809 0.029000 0.035581
15 0.852500 0.489700 0.019000 0.020599
15 0.863500 0.452247 0.011000 0.013109
15 0.869500 0.448502 0.015000 0.028090
15 0.845000 0.356742 0.026000 0.035581
15 0.870500 0.324906 0.015000 0.020599
15 0.892000 0.306180 0.012000 0.031835
15 0.881000 0.287453 0.016000 0.020599
15 0.885000 0.263109 0.012000 0.028090
15 0.893000 0.259363 0.010000 0.028090
15 0.907500 0.261236 0.013000 0.031835
15 0.937500 0.284644 0.013000 0.037453
15 0.960000 0.269663 0.020000 0.033708
15 0.851500 0.308052 0.007000 0.020599
15 0.836000 0.282772 0.008000 0.018727
15 0.826500 0.277154 0.017000 0.022472
15 0.793000 0.294007 0.020000 0.033708
15 0.773000 0.297753 0.012000 0.026217
15 0.757500 0.309925 0.015000 0.028090
15 0.732000 0.298689 0.016000 0.028090
15 0.711000 0.284644 0.016000 0.026217
15 0.685000 0.240637 0.012000 0.020599
15 0.688000 0.207865 0.012000 0.022472
15 0.706500 0.216292 0.013000 0.028090
15 0.714000 0.184457 0.010000 0.013109
15 0.726500 0.172285 0.011000 0.022472
15 0.742500 0.168539 0.007000 0.018727
15 0.755000 0.155431 0.010000 0.014981
15 0.758500 0.170412 0.009000 0.018727
15 0.773500 0.193820 0.017000 0.020599
15 0.808000 0.189139 0.014000 0.026217
15 0.827500 0.205056 0.017000 0.028090
15 0.854500 0.229401 0.017000 0.020599
15 0.897500 0.216292 0.017000 0.024345
15 0.404500 0.675094 0.017000 0.043071
15 0.330000 0.730337 0.036000 0.044944
15 0.352500 0.763109 0.023000 0.024345
15 0.346500 0.647940 0.017000 0.037453
15 0.367500 0.634831 0.023000 0.033708
15 0.379000 0.495318 0.020000 0.039326
15 0.414000 0.472846 0.020000 0.028090
15 0.404500 0.407303 0.019000 0.031835
15 0.442000 0.375468 0.016000 0.031835
15 0.504500 0.325843 0.015000 0.018727
15 0.516500 0.340824 0.017000 0.022472
15 0.537500 0.354869 0.021000 0.039326
15 0.557000 0.292135 0.024000 0.048689
15 0.334000 0.465356 0.020000 0.039326
15 0.320500 0.468165 0.009000 0.018727
15 0.300000 0.483146 0.012000 0.029963
15 0.302500 0.434457 0.019000 0.044944
15 0.313500 0.417603 0.019000 0.033708
15 0.279000 0.375468 0.024000 0.035581
15 0.263500 0.392322 0.015000 0.028090
15 0.221000 0.421348 0.022000 0.041199
15 0.238500 0.453184 0.025000 0.029963
15 0.256000 0.534644 0.028000 0.035581
15 0.194000 0.621723 0.024000 0.029963
15 0.215000 0.632022 0.020000 0.035581
15 0.281500 0.636704 0.015000 0.033708
15 0.304000 0.687266 0.018000 0.029963
15 0.290000 0.601124 0.012000 0.026217
15 0.161500 0.472846 0.023000 0.031835
15 0.089000 0.394195 0.018000 0.031835
15 0.041000 0.465356 0.018000 0.031835
15 0.063500 0.526217 0.017000 0.029963
15 0.084000 0.565543 0.020000 0.026217
15 0.112000 0.544944 0.018000 0.026217
15 0.248500 0.300562 0.019000 0.024345
15 0.258500 0.266854 0.021000 0.035581
15 0.232000 0.264981 0.024000 0.028090
15 0.314000 0.302434 0.012000 0.020599
15 0.298000 0.271536 0.022000 0.026217
15 0.353500 0.302434 0.021000 0.028090
15 0.369500 0.283708 0.023000 0.035581
15 0.375500 0.347378 0.019000 0.028090
15 0.396000 0.350187 0.014000 0.018727
15 0.405500 0.325843 0.021000 0.018727
15 0.429000 0.243446 0.012000 0.026217
15 0.408000 0.229401 0.020000 0.024345
15 0.418500 0.205993 0.021000 0.026217
15 0.446000 0.175094 0.030000 0.031835
15 0.481500 0.169476 0.015000 0.020599
15 0.495500 0.213483 0.023000 0.037453
15 0.365500 0.139513 0.021000 0.020599
15 0.412500 0.102996 0.015000 0.026217
15 0.419500 0.058052 0.029000 0.026217
15 0.474000 0.052434 0.020000 0.022472
15 0.497500 0.059925 0.017000 0.029963
15 0.501500 0.106742 0.017000 0.018727
15 0.557500 0.144195 0.029000 0.037453
15 0.611500 0.209738 0.021000 0.029963
15 0.624000 0.219101 0.010000 0.029963
15 0.678000 0.167603 0.016000 0.028090
15 0.685000 0.146067 0.016000 0.026217
15 0.708000 0.124532 0.022000 0.035581
15 0.737500 0.133895 0.021000 0.024345
15 0.772000 0.100187 0.018000 0.020599
15 0.789000 0.101124 0.010000 0.018727
15 0.801500 0.102060 0.007000 0.020599
15 0.624500 0.164794 0.009000 0.022472
15 0.640000 0.147940 0.010000 0.026217
15 0.649500 0.124532 0.013000 0.028090
15 0.605000 0.133895 0.022000 0.028090
15 0.623500 0.117041 0.015000 0.024345
15 0.595500 0.089888 0.015000 0.022472
15 0.621000 0.069288 0.018000 0.018727
15 0.652500 0.045880 0.021000 0.028090
15 0.689500 0.068352 0.013000 0.020599
15 0.561500 0.079588 0.011000 0.016854
15 0.534000 0.057116 0.018000 0.024345
15 0.731500 0.872659 0.019000 0.044944
15 0.792500 0.817416 0.029000 0.043071
15 0.756000 0.921348 0.016000 0.029963
15 0.091000 0.195693 0.024000 0.035581
15 0.099500 0.169476 0.017000 0.035581
15 0.123000 0.164794 0.016000 0.029963
15 0.159000 0.166667 0.030000 0.026217
15 0.203000 0.144195 0.014000 0.029963
15 0.225000 0.144195 0.012000 0.018727
15 0.245500 0.118914 0.009000 0.024345
15 0.259000 0.106742 0.008000 0.018727
15 0.251000 0.089888 0.014000 0.022472
15 0.219000 0.077715 0.016000 0.013109
15 0.211000 0.039326 0.012000 0.029963
15 0.201500 0.035581 0.019000 0.018727
15 0.190000 0.058989 0.016000 0.013109
15 0.145000 0.103933 0.014000 0.031835
15 0.079500 0.113296 0.023000 0.020599
15 0.125500 0.058052 0.017000 0.026217
15 0.101000 0.042135 0.020000 0.020599
15 0.043500 0.072097 0.015000 0.024345
15 0.033000 0.151685 0.018000 0.026217
15 0.014000 0.147004 0.016000 0.028090
15 0.012000 0.211610 0.020000 0.029963
15 0.044500 0.214419 0.021000 0.024345
15 0.012000 0.055243 0.022000 0.050562
