15 0.312175 0.748036 0.033408 0.043771
15 0.285449 0.819865 0.034892 0.041526
15 0.154788 0.698653 0.034892 0.041526
15 0.132517 0.602694 0.040831 0.044893
15 0.044172 0.660494 0.027468 0.043771
15 0.366741 0.456790 0.020787 0.038159
15 0.394952 0.377104 0.028211 0.049383
15 0.355234 0.241302 0.025984 0.035915
15 0.365999 0.212121 0.032665 0.040404
15 0.318486 0.204826 0.034150 0.030303
15 0.292502 0.160494 0.017817 0.020202
15 0.301039 0.117284 0.030438 0.030303
15 0.334818 0.116723 0.025241 0.029181
15 0.213066 0.296296 0.026726 0.040404
15 0.086488 0.372615 0.023014 0.026936
15 0.240535 0.054433 0.013363 0.025814
15 0.745731 0.352413 0.040831 0.038159
15 0.706385 0.595398 0.027468 0.032548
15 0.801782 0.662177 0.031180 0.047138
15 0.858946 0.540404 0.026726 0.039282
15 0.842984 0.617845 0.042316 0.043771
15 0.900891 0.635802 0.036377 0.043771
15 0.931700 0.845679 0.020787 0.039282
15 0.887528 0.787318 0.025984 0.037037
15 0.811433 0.831089 0.025241 0.034792
15 0.787305 0.771044 0.031923 0.031425
15 0.697476 0.822671 0.023014 0.049383
15 0.635857 0.840629 0.018560 0.020202
15 0.690423 0.728956 0.028211 0.052750
15 0.633259 0.571268 0.028211 0.042649
15 0.632888 0.485971 0.025984 0.033670
15 0.635115 0.468575 0.028953 0.028058
15 0.713808 0.512346 0.027468 0.034792
15 0.668894 0.165544 0.025241 0.030303
15 0.690423 0.122896 0.029696 0.043771
15 0.767632 0.139169 0.031180 0.035915
15 0.793244 0.108305 0.018560 0.030303
15 0.847439 0.212682 0.052710 0.061728
15 0.871195 0.164983 0.034892 0.035915
15 0.942094 0.106061 0.038604 0.030303
15 0.959540 0.043210 0.023014 0.021324
15 0.961024 0.515713 0.012621 0.032548
15 0.908686 0.983726 0.034150 0.032548
15 0.809948 0.979237 0.034150 0.032548
