15 0.585538 0.713528 0.035273 0.053050
15 0.843915 0.204244 0.022928 0.058355
15 0.831570 0.165782 0.040564 0.029178
15 0.794533 0.139257 0.037037 0.029178
15 0.942681 0.120690 0.029982 0.039788
15 0.970899 0.200265 0.012346 0.039788
15 0.941799 0.253316 0.031746 0.045093
15 0.977072 0.312997 0.017637 0.042440
15 0.372134 0.159151 0.024691 0.031830
15 0.344797 0.131300 0.019400 0.029178
15 0.327160 0.116711 0.029982 0.021220
15 0.475309 0.057029 0.022928 0.039788
15 0.648148 0.931034 0.012346 0.021220
15 0.626102 0.883289 0.021164 0.026525
15 0.710758 0.834218 0.028219 0.045093
15 0.745150 0.832891 0.019400 0.026525
15 0.636684 0.477454 0.021164 0.047745
15 0.656085 0.456233 0.021164 0.026525
15 0.574956 0.112732 0.028219 0.029178
15 0.709877 0.309019 0.029982 0.045093
15 0.875661 0.103448 0.022928 0.042440
15 0.721340 0.155172 0.031746 0.029178
15 0.746914 0.125995 0.029982 0.039788
15 0.051146 0.343501 0.063492 0.066313
