15 0.550521 0.625348 0.032292 0.038997
15 0.505729 0.667827 0.034375 0.029248
15 0.532813 0.731894 0.021875 0.020891
15 0.579167 0.716574 0.027083 0.032033
15 0.627604 0.653900 0.019792 0.023677
15 0.640625 0.624652 0.022917 0.043175
15 0.673438 0.683844 0.028125 0.036212
15 0.708854 0.614206 0.038542 0.041783
15 0.761979 0.653900 0.023958 0.037604
15 0.782813 0.718663 0.021875 0.033426
15 0.704167 0.772284 0.020833 0.043175
15 0.636458 0.809192 0.037500 0.038997
15 0.690625 0.803621 0.035417 0.030641
15 0.872917 0.771588 0.031250 0.038997
15 0.813542 0.799443 0.020833 0.038997
15 0.833333 0.577994 0.022917 0.025070
15 0.834896 0.521588 0.019792 0.037604
15 0.794271 0.515320 0.028125 0.030641
15 0.756250 0.486769 0.016667 0.029248
15 0.733854 0.504875 0.017708 0.020891
15 0.638021 0.438022 0.032292 0.032033
15 0.642708 0.405292 0.031250 0.013928
15 0.650521 0.371170 0.034375 0.018106
15 0.718229 0.380223 0.048958 0.036212
15 0.787500 0.357939 0.002083 0.002786
15 0.798438 0.365599 0.021875 0.029248
15 0.824479 0.352368 0.019792 0.019499
15 0.818750 0.335655 0.018750 0.019499
15 0.821354 0.316156 0.030208 0.027855
15 0.872396 0.327994 0.036458 0.034819
15 0.883854 0.348189 0.023958 0.033426
15 0.903646 0.421309 0.023958 0.040390
15 0.884375 0.474930 0.020833 0.030641
15 0.935937 0.483287 0.053125 0.041783
15 0.970833 0.444290 0.025000 0.036212
15 0.482812 0.402507 0.017708 0.038997
15 0.517188 0.394847 0.026042 0.026462
15 0.559896 0.453343 0.021875 0.029248
15 0.558854 0.428969 0.023958 0.022284
15 0.569271 0.399721 0.026042 0.030641
15 0.589063 0.364903 0.019792 0.030641
15 0.604167 0.394150 0.025000 0.016713
15 0.618750 0.328691 0.014583 0.022284
15 0.611979 0.301532 0.015625 0.020891
15 0.594271 0.282730 0.021875 0.027855
15 0.561458 0.297354 0.027083 0.034819
15 0.504167 0.288997 0.027083 0.029248
15 0.504167 0.325905 0.025000 0.030641
15 0.463542 0.322423 0.012500 0.023677
15 0.413021 0.336351 0.028125 0.032033
15 0.419792 0.390669 0.027083 0.032033
15 0.420833 0.553621 0.031250 0.045961
15 0.433854 0.612813 0.028125 0.038997
15 0.465625 0.708914 0.018750 0.022284
15 0.411458 0.666435 0.029167 0.034819
15 0.426563 0.752786 0.019792 0.026462
15 0.420312 0.715877 0.026042 0.030641
15 0.475521 0.798747 0.034375 0.043175
15 0.507812 0.782033 0.023958 0.029248
15 0.554167 0.883705 0.022917 0.051532
15 0.487500 0.911560 0.016667 0.023677
15 0.431771 0.881616 0.036458 0.036212
15 0.419271 0.936630 0.028125 0.018106
15 0.400000 0.836351 0.027083 0.023677
15 0.427604 0.833565 0.009375 0.023677
15 0.105208 0.915738 0.027083 0.015320
15 0.137500 0.816852 0.025000 0.026462
15 0.130729 0.797354 0.009375 0.009749
15 0.105729 0.782730 0.019792 0.016713
15 0.088542 0.744429 0.039583 0.032033
15 0.099479 0.696379 0.023958 0.030641
15 0.027083 0.820334 0.022917 0.033426
15 0.008854 0.772284 0.015625 0.034819
15 0.016146 0.603760 0.030208 0.051532
15 0.036458 0.530641 0.031250 0.066852
15 0.097396 0.519499 0.021875 0.036212
15 0.060937 0.493733 0.030208 0.051532
15 0.156250 0.449861 0.027083 0.027855
15 0.169792 0.483983 0.020833 0.029248
15 0.043750 0.229109 0.020833 0.032033
15 0.041667 0.186630 0.018750 0.025070
15 0.121354 0.188022 0.036458 0.041783
15 0.145313 0.167827 0.021875 0.026462
15 0.170833 0.201253 0.018750 0.026462
15 0.202604 0.196379 0.017708 0.030641
15 0.225000 0.189415 0.020833 0.027855
15 0.284375 0.192201 0.014583 0.033426
15 0.298438 0.197075 0.013542 0.026462
15 0.310417 0.216574 0.010417 0.020891
15 0.310417 0.153203 0.010417 0.019499
15 0.256771 0.127437 0.019792 0.034819
15 0.203646 0.111421 0.019792 0.019499
15 0.132292 0.110028 0.029167 0.041783
15 0.397396 0.182451 0.026042 0.033426
15 0.434375 0.153203 0.029167 0.033426
15 0.408854 0.105153 0.026042 0.029248
15 0.375000 0.137187 0.012500 0.015320
15 0.376042 0.094011 0.031250 0.023677
15 0.448958 0.057103 0.039583 0.027855
15 0.472917 0.091922 0.018750 0.027855
15 0.510417 0.071727 0.020833 0.032033
15 0.511979 0.104457 0.023958 0.022284
15 0.545312 0.103064 0.009375 0.025070
15 0.557813 0.093315 0.023958 0.030641
15 0.566146 0.132312 0.013542 0.030641
15 0.525000 0.162953 0.022917 0.016713
15 0.511458 0.182451 0.043750 0.036212
15 0.652083 0.266017 0.031250 0.033426
15 0.708854 0.270195 0.017708 0.025070
15 0.748958 0.241643 0.029167 0.034819
15 0.776563 0.216574 0.015625 0.032033
15 0.822396 0.194986 0.028125 0.027855
15 0.855729 0.212396 0.023958 0.032033
15 0.928125 0.267409 0.025000 0.033426
15 0.970833 0.291086 0.020833 0.030641
15 0.846354 0.922702 0.036458 0.040390
15 0.979167 0.900418 0.029167 0.026462
15 0.057292 0.119081 0.031250 0.032033
15 0.073958 0.103760 0.010417 0.018106
15 0.060417 0.064763 0.016667 0.026462
15 0.077604 0.046657 0.023958 0.029248
15 0.101042 0.055710 0.012500 0.019499
15 0.109375 0.020195 0.029167 0.023677
15 0.200000 0.023677 0.029167 0.030641
15 0.301563 0.075905 0.015625 0.032033
15 0.041667 0.059192 0.014583 0.029248
15 0.026042 0.041086 0.018750 0.026462
15 0.014063 0.102368 0.026042 0.026462
15 0.007812 0.073816 0.013542 0.016713
15 0.008854 0.038997 0.015625 0.022284
15 0.522917 0.022981 0.022917 0.020891
15 0.579167 0.062674 0.029167 0.027855
15 0.598437 0.042479 0.011458 0.020891
15 0.635938 0.075209 0.013542 0.025070
15 0.616667 0.023677 0.025000 0.027855
15 0.637500 0.013231 0.016667 0.018106
15 0.661979 0.020891 0.015625 0.019499
15 0.708854 0.063370 0.019792 0.020891
15 0.737500 0.065460 0.025000 0.025070
15 0.589583 0.486072 0.014583 0.033426
