15 0.229373 0.949257 0.046205 0.061881
15 0.241749 0.814356 0.054455 0.064356
15 0.289604 0.756188 0.031353 0.061881
15 0.226073 0.655941 0.049505 0.049505
15 0.299505 0.611386 0.041254 0.059406
15 0.223597 0.551980 0.044554 0.039604
15 0.320132 0.502475 0.042904 0.049505
15 0.371287 0.512376 0.049505 0.074257
15 0.429868 0.574257 0.051155 0.069307
15 0.582508 0.597772 0.036304 0.061881
15 0.579208 0.818069 0.052805 0.071782
15 0.619637 0.918317 0.061056 0.069307
15 0.673267 0.712871 0.033003 0.059406
15 0.741749 0.752475 0.047855 0.069307
15 0.792904 0.720297 0.037954 0.064356
15 0.724422 0.601485 0.049505 0.064356
15 0.784653 0.502475 0.067657 0.074257
15 0.849835 0.580446 0.049505 0.066832
15 0.862211 0.719059 0.037954 0.051980
15 0.945545 0.698020 0.036304 0.064356
15 0.951320 0.509901 0.037954 0.049505
15 0.811881 0.299505 0.056106 0.069307
15 0.861386 0.221535 0.059406 0.091584
15 0.863036 0.105198 0.085809 0.096535
15 0.714521 0.063119 0.069307 0.066832
15 0.765677 0.174505 0.075908 0.066832
15 0.676568 0.210396 0.042904 0.049505
15 0.675743 0.301980 0.044554 0.079208
15 0.719472 0.285891 0.039604 0.042079
15 0.725248 0.389851 0.034653 0.056931
15 0.660066 0.439356 0.049505 0.071782
15 0.615512 0.290842 0.052805 0.061881
15 0.626238 0.189356 0.061056 0.091584
15 0.440594 0.210396 0.042904 0.059406
15 0.417492 0.382426 0.062706 0.101485
15 0.334158 0.387376 0.054455 0.056931
15 0.264026 0.351485 0.052805 0.054455
15 0.262376 0.303218 0.029703 0.047030
15 0.182343 0.325495 0.061056 0.071782
15 0.199670 0.235149 0.042904 0.059406
15 0.272277 0.148515 0.029703 0.054455
15 0.264026 0.076733 0.042904 0.054455
15 0.319307 0.065594 0.034653 0.051980
15 0.358086 0.117574 0.046205 0.061881
15 0.378713 0.201733 0.054455 0.066832
15 0.415017 0.044554 0.037954 0.049505
15 0.563531 0.092822 0.031353 0.047030
15 0.363861 0.785891 0.051155 0.056931
15 0.862211 0.907178 0.051155 0.101485
15 0.765677 0.837871 0.062706 0.066832
15 0.717822 0.970297 0.066007 0.059406
15 0.562706 0.700495 0.062706 0.069307
