15 0.599121 0.492215 0.018555 0.043253
15 0.620117 0.463668 0.025391 0.034602
15 0.639160 0.435986 0.024414 0.038062
15 0.645996 0.400519 0.032227 0.036332
15 0.667969 0.440311 0.021484 0.043253
15 0.681641 0.473183 0.029297 0.046713
15 0.706543 0.422145 0.024414 0.041522
15 0.708008 0.349481 0.029297 0.044983
15 0.729492 0.340830 0.021484 0.038062
15 0.706543 0.282007 0.034180 0.044983
15 0.761230 0.293253 0.026367 0.053633
15 0.790039 0.282007 0.021484 0.044983
15 0.820312 0.208478 0.025391 0.050173
15 0.847656 0.222318 0.023438 0.064014
15 0.763672 0.155709 0.029297 0.048443
15 0.793945 0.101211 0.033203 0.053633
15 0.710449 0.089100 0.028320 0.050173
15 0.695312 0.157439 0.025391 0.041522
15 0.627441 0.114187 0.026367 0.051903
15 0.621094 0.085640 0.021484 0.046713
15 0.601074 0.141003 0.026367 0.043253
15 0.578125 0.214533 0.027344 0.058824
15 0.612793 0.259516 0.022461 0.051903
15 0.604980 0.305363 0.028320 0.050173
15 0.613281 0.319204 0.023438 0.046713
15 0.586426 0.364187 0.026367 0.043253
15 0.186035 0.820934 0.043945 0.064014
15 0.118164 0.777682 0.027344 0.046713
15 0.056152 0.866782 0.030273 0.044983
15 0.134277 0.544983 0.028320 0.058824
15 0.159180 0.486159 0.025391 0.041522
15 0.138672 0.463668 0.017578 0.034602
15 0.121094 0.349481 0.031250 0.062284
15 0.092773 0.333910 0.033203 0.058824
15 0.177246 0.378893 0.024414 0.041522
15 0.216797 0.407439 0.031250 0.053633
15 0.226562 0.501730 0.023438 0.044983
15 0.230469 0.544983 0.027344 0.048443
15 0.477539 0.733564 0.039062 0.041522
15 0.395020 0.776817 0.036133 0.051903
15 0.446289 0.784602 0.033203 0.032872
15 0.612793 0.771626 0.028320 0.041522
15 0.600098 0.672145 0.020508 0.036332
15 0.636719 0.641869 0.027344 0.048443
15 0.668945 0.678201 0.035156 0.062284
15 0.599121 0.602941 0.040039 0.043253
15 0.685059 0.602076 0.028320 0.051903
15 0.682129 0.544118 0.041992 0.043253
15 0.706543 0.513841 0.036133 0.041522
15 0.722168 0.586505 0.022461 0.048443
15 0.736816 0.655709 0.022461 0.041522
15 0.768555 0.666090 0.017578 0.055363
15 0.747070 0.811419 0.023438 0.051903
15 0.700684 0.829585 0.026367 0.039792
15 0.653320 0.843426 0.029297 0.060554
15 0.618652 0.874567 0.020508 0.046713
15 0.625977 0.972318 0.031250 0.034602
15 0.856445 0.835640 0.015625 0.038062
15 0.844727 0.729239 0.027344 0.050173
15 0.839355 0.687716 0.034180 0.043253
15 0.856934 0.636678 0.024414 0.041522
15 0.844727 0.580450 0.027344 0.046713
15 0.795410 0.580450 0.028320 0.036332
15 0.790039 0.514706 0.021484 0.046713
15 0.813477 0.513841 0.017578 0.034602
15 0.823242 0.443772 0.031250 0.064014
15 0.862793 0.442907 0.026367 0.044983
15 0.836426 0.398789 0.028320 0.043253
15 0.860352 0.375433 0.021484 0.041522
15 0.854004 0.330450 0.028320 0.041522
15 0.879395 0.312284 0.026367 0.039792
15 0.864746 0.293253 0.026367 0.029412
15 0.877930 0.250865 0.025391 0.041522
15 0.894043 0.275087 0.022461 0.044983
15 0.913086 0.296713 0.015625 0.029412
15 0.963379 0.305363 0.008789 0.032872
15 0.973145 0.260381 0.024414 0.036332
15 0.753418 0.494810 0.024414 0.038062
15 0.743652 0.454152 0.026367 0.039792
15 0.778809 0.421280 0.030273 0.050173
15 0.911621 0.674740 0.016602 0.034602
15 0.937012 0.584775 0.024414 0.048443
15 0.965820 0.618512 0.027344 0.050173
15 0.940918 0.794983 0.024414 0.057093
15 0.949219 0.155709 0.017578 0.034602
15 0.881836 0.189446 0.023438 0.036332
15 0.890625 0.163495 0.013672 0.025952
15 0.885254 0.121972 0.026367 0.050173
15 0.982422 0.151384 0.023438 0.043253
15 0.992676 0.107266 0.014648 0.027682
15 0.920410 0.067474 0.043945 0.048443
15 0.849121 0.029412 0.018555 0.031142
15 0.844727 0.071799 0.021484 0.032872
15 0.816406 0.050173 0.017578 0.031142
15 0.723633 0.029412 0.021484 0.027682
15 0.764160 0.032007 0.026367 0.036332
15 0.245605 0.207612 0.028320 0.031142
15 0.206543 0.262111 0.022461 0.032872
15 0.242188 0.281142 0.044922 0.032872
15 0.280273 0.331315 0.021484 0.043253
15 0.325684 0.222318 0.030273 0.032872
15 0.176270 0.207612 0.032227 0.034602
15 0.205078 0.193772 0.017578 0.038062
15 0.212891 0.153979 0.025391 0.038062
15 0.195312 0.125433 0.027344 0.039792
15 0.187500 0.061419 0.033203 0.053633
15 0.148438 0.077855 0.044922 0.062284
15 0.107910 0.115052 0.041992 0.053633
15 0.154297 0.155709 0.031250 0.055363
15 0.106934 0.194637 0.030273 0.036332
15 0.134766 0.288927 0.041016 0.069204
