15 0.242969 0.557870 0.021354 0.026852
15 0.249479 0.484722 0.017708 0.026852
15 0.236198 0.457407 0.029687 0.037037
15 0.497396 0.509259 0.025000 0.040741
15 0.493750 0.468056 0.035417 0.026852
15 0.566146 0.532870 0.035417 0.054630
15 0.645312 0.625463 0.043750 0.050926
15 0.703125 0.675000 0.033333 0.038889
15 0.748437 0.626389 0.043750 0.056481
15 0.817708 0.828241 0.040625 0.056481
15 0.697135 0.786574 0.039062 0.054630
15 0.567448 0.939352 0.052604 0.036111
15 0.643229 0.725463 0.044792 0.039815
15 0.971875 0.951389 0.051042 0.056481
15 0.487760 0.268519 0.026562 0.042593
15 0.546875 0.301389 0.032292 0.025000
15 0.642969 0.346296 0.046354 0.044444
15 0.708594 0.310185 0.030729 0.040741
15 0.415104 0.136574 0.022917 0.047222
15 0.282813 0.223148 0.032292 0.033333
15 0.299740 0.261574 0.025521 0.028704
