15 0.396226 0.767420 0.146751 0.167608
15 0.852201 0.542373 0.146751 0.150659
15 0.653564 0.253296 0.089099 0.088512
15 0.388365 0.419962 0.068134 0.105461
15 0.491090 0.442561 0.084906 0.116761
15 0.353774 0.333333 0.055556 0.075330
15 0.159853 0.601695 0.026205 0.043315
15 0.225367 0.911488 0.100629 0.101695
15 0.029874 0.790960 0.057652 0.124294
15 0.855870 0.152542 0.045073 0.060264
15 0.699161 0.816384 0.073375 0.069680
15 0.555031 0.620527 0.135220 0.175141
15 0.686059 0.438795 0.022013 0.045198
