15 0.228016 0.857955 0.108384 0.094697
15 0.042434 0.911932 0.082822 0.081439
15 0.008691 0.814394 0.015337 0.030303
15 0.040389 0.654356 0.078732 0.085227
15 0.027096 0.571023 0.052147 0.032197
15 0.107362 0.561553 0.087935 0.062500
15 0.029141 0.425189 0.056237 0.054924
15 0.163599 0.258523 0.071575 0.062500
15 0.245399 0.291667 0.071575 0.049242
15 0.247444 0.341856 0.126789 0.081439
15 0.331288 0.254735 0.075665 0.066288
15 0.556237 0.260417 0.112474 0.073864
15 0.663599 0.308712 0.075665 0.049242
15 0.675869 0.360795 0.139059 0.039773
15 0.744376 0.209280 0.102249 0.066288
15 0.627812 0.111742 0.047035 0.045455
15 0.578732 0.184659 0.065440 0.054924
15 0.674335 0.101326 0.060327 0.039773
15 0.710123 0.080492 0.054192 0.035985
15 0.748978 0.137311 0.088957 0.039773
15 0.844070 0.096591 0.140082 0.071970
15 0.842536 0.830492 0.038855 0.032197
15 0.941718 0.823864 0.085890 0.060606
15 0.744376 0.926136 0.075665 0.068182
15 0.817485 0.966856 0.062372 0.051136
15 0.926892 0.960227 0.091002 0.071970
15 0.481084 0.672348 0.080777 0.090909
15 0.637526 0.637311 0.064417 0.070076
15 0.483129 0.349432 0.080777 0.073864
15 0.455010 0.127841 0.067485 0.051136
15 0.400307 0.081439 0.033742 0.045455
