15 0.354167 0.709259 0.041667 0.048148
15 0.400000 0.723148 0.018750 0.038889
15 0.335938 0.562037 0.034375 0.038889
15 0.403646 0.520370 0.034375 0.044444
15 0.463542 0.406481 0.029167 0.035185
15 0.492188 0.425926 0.030208 0.055556
15 0.581771 0.345370 0.026042 0.042593
15 0.409375 0.253704 0.031250 0.048148
15 0.373437 0.244444 0.028125 0.033333
15 0.414062 0.104630 0.023958 0.050000
15 0.458854 0.126852 0.032292 0.046296
15 0.485938 0.144444 0.026042 0.044444
15 0.309896 0.362037 0.030208 0.053704
15 0.204687 0.239815 0.017708 0.038889
15 0.159375 0.196296 0.043750 0.055556
15 0.228125 0.034259 0.035417 0.046296
15 0.130208 0.025926 0.052083 0.048148
15 0.018229 0.296296 0.034375 0.092593
15 0.085417 0.688889 0.045833 0.040741
15 0.119271 0.754630 0.021875 0.035185
15 0.190625 0.785185 0.031250 0.040741
15 0.666146 0.799074 0.051042 0.057407
15 0.554688 0.895370 0.036458 0.053704
15 0.673958 0.894444 0.029167 0.048148
15 0.930208 0.831481 0.041667 0.051852
15 0.985938 0.457407 0.028125 0.051852
15 0.848958 0.281481 0.043750 0.051852
15 0.886458 0.240741 0.031250 0.051852
15 0.916146 0.258333 0.026042 0.038889
15 0.846354 0.106481 0.034375 0.061111
15 0.219792 0.519444 0.031250 0.057407
15 0.741667 0.850926 0.027083 0.046296
