15 0.361551 0.603659 0.049051 0.046341
15 0.282437 0.556098 0.064873 0.078049
15 0.245253 0.465854 0.053797 0.073171
15 0.164557 0.409756 0.041139 0.039024
15 0.159810 0.565854 0.037975 0.053659
15 0.213608 0.679268 0.044304 0.065854
15 0.187500 0.773171 0.045886 0.063415
15 0.144778 0.810976 0.055380 0.060976
15 0.219146 0.865854 0.045886 0.048780
15 0.174051 0.937805 0.056962 0.051220
15 0.263449 0.947561 0.045886 0.051220
15 0.371835 0.836585 0.047468 0.053659
15 0.506329 0.664634 0.047468 0.056098
15 0.571994 0.713415 0.042722 0.046341
15 0.540348 0.859756 0.036392 0.100000
15 0.665348 0.812195 0.017405 0.043902
15 0.674051 0.735366 0.028481 0.026829
15 0.722310 0.693902 0.030063 0.041463
15 0.601266 0.615854 0.037975 0.056098
15 0.569620 0.641463 0.022152 0.029268
15 0.532437 0.602439 0.052215 0.034146
15 0.526108 0.958537 0.052215 0.073171
15 0.723101 0.856098 0.060127 0.097561
15 0.867089 0.969512 0.041139 0.051220
15 0.365506 0.152439 0.034810 0.046341
15 0.438291 0.039024 0.031646 0.053659
15 0.585443 0.347561 0.047468 0.065854
15 0.555380 0.356098 0.028481 0.024390
15 0.694620 0.226829 0.041139 0.048780
15 0.701741 0.289024 0.036392 0.060976
15 0.771361 0.278049 0.030063 0.043902
15 0.798259 0.307317 0.036392 0.043902
15 0.832278 0.403659 0.031646 0.070732
15 0.785601 0.407317 0.030063 0.048780
15 0.797468 0.541463 0.041139 0.073171
15 0.843354 0.547561 0.031646 0.046341
15 0.978639 0.584146 0.042722 0.085366
15 0.857595 0.219512 0.047468 0.063415
15 0.924051 0.179268 0.028481 0.046341
15 0.884494 0.132927 0.025316 0.041463
15 0.779272 0.070732 0.026899 0.053659
15 0.808544 0.060976 0.012658 0.039024
15 0.844937 0.064634 0.034810 0.056098
15 0.924842 0.040244 0.030063 0.036585
15 0.580696 0.059756 0.056962 0.065854
15 0.533228 0.097561 0.028481 0.029268
15 0.542722 0.276829 0.037975 0.070732
