15 0.277344 0.736111 0.042969 0.083333
15 0.373047 0.719618 0.041016 0.057292
15 0.430176 0.750868 0.041992 0.060764
15 0.456055 0.652778 0.044922 0.059028
15 0.402344 0.599826 0.025391 0.046875
15 0.345215 0.598090 0.032227 0.046875
15 0.365723 0.542535 0.022461 0.043403
15 0.339844 0.527778 0.031250 0.045139
15 0.369629 0.448785 0.024414 0.050347
15 0.409180 0.464410 0.035156 0.057292
15 0.402344 0.509549 0.013672 0.022569
15 0.442383 0.532118 0.035156 0.057292
15 0.473633 0.554688 0.021484 0.053819
15 0.502930 0.565104 0.029297 0.067708
15 0.555176 0.572917 0.045898 0.090278
15 0.553711 0.421875 0.044922 0.093750
15 0.591309 0.388021 0.051758 0.081597
15 0.669922 0.548611 0.039062 0.059028
15 0.679688 0.512153 0.023438 0.048611
15 0.729004 0.526910 0.032227 0.057292
15 0.869141 0.590278 0.033203 0.052083
15 0.950684 0.531250 0.020508 0.041667
15 0.942383 0.782986 0.021484 0.041667
15 0.567383 0.880208 0.060547 0.052083
15 0.574219 0.750000 0.054688 0.079861
15 0.456055 0.324653 0.027344 0.055556
15 0.373047 0.342882 0.044922 0.074653
15 0.294434 0.358507 0.026367 0.032986
15 0.287598 0.457465 0.020508 0.053819
15 0.091309 0.480903 0.024414 0.048611
15 0.067383 0.635417 0.031250 0.062500
15 0.060547 0.894097 0.027344 0.048611
15 0.180176 0.940104 0.026367 0.043403
15 0.230469 0.950521 0.042969 0.050347
15 0.327637 0.875868 0.030273 0.043403
15 0.270508 0.255208 0.039062 0.062500
15 0.354004 0.149306 0.028320 0.038194
15 0.409180 0.103299 0.031250 0.064236
15 0.473633 0.135417 0.033203 0.045139
15 0.463379 0.018229 0.026367 0.032986
15 0.049805 0.068576 0.035156 0.046875
15 0.489258 0.253472 0.023438 0.031250
15 0.538086 0.262153 0.031250 0.041667
15 0.615723 0.236111 0.057617 0.059028
15 0.625977 0.169271 0.029297 0.043403
15 0.751465 0.180556 0.049805 0.062500
15 0.782227 0.206597 0.025391 0.041667
15 0.748047 0.077257 0.035156 0.050347
15 0.975098 0.157986 0.049805 0.083333
15 0.485352 0.806424 0.025391 0.039931
15 0.468262 0.762153 0.024414 0.038194
15 0.378906 0.919271 0.033203 0.067708
15 0.449219 0.960938 0.035156 0.029514
15 0.402832 0.868056 0.032227 0.045139
15 0.746582 0.838542 0.018555 0.034722
