15 0.451562 0.672131 0.054688 0.072600
15 0.381641 0.706674 0.058594 0.071429
15 0.320703 0.775176 0.071094 0.060890
15 0.230469 0.772248 0.084375 0.069087
15 0.380469 0.868852 0.046875 0.037471
15 0.456641 0.792740 0.055469 0.046838
15 0.497266 0.860070 0.039844 0.040984
15 0.539453 0.961944 0.050781 0.057377
15 0.623828 0.710773 0.022656 0.051522
15 0.677344 0.620609 0.029687 0.053864
15 0.726172 0.632319 0.049219 0.053864
15 0.692187 0.690867 0.070312 0.058548
15 0.505859 0.547424 0.030469 0.040984
15 0.451953 0.529274 0.024219 0.032787
15 0.400000 0.556792 0.025000 0.036300
15 0.354687 0.570843 0.040625 0.036300
15 0.319141 0.537471 0.028906 0.028103
15 0.297266 0.543326 0.030469 0.035129
15 0.254297 0.537471 0.035156 0.035129
15 0.219922 0.588407 0.047656 0.050351
15 0.154688 0.617096 0.042188 0.042155
15 0.166406 0.649883 0.054688 0.037471
15 0.095703 0.836651 0.044531 0.057377
15 0.015625 0.971897 0.029687 0.037471
15 0.135156 0.971311 0.035937 0.048009
15 0.023047 0.529274 0.044531 0.051522
15 0.106250 0.552693 0.056250 0.067916
15 0.177344 0.477752 0.037500 0.037471
15 0.137891 0.436768 0.021094 0.023419
15 0.128906 0.411593 0.023438 0.022248
15 0.169141 0.377049 0.017969 0.044496
15 0.186328 0.377635 0.016406 0.022248
15 0.209375 0.414520 0.028125 0.025761
15 0.236719 0.401639 0.015625 0.023419
15 0.240625 0.357143 0.031250 0.028103
15 0.234766 0.327283 0.014844 0.026932
15 0.214844 0.330796 0.014063 0.017564
15 0.115234 0.328454 0.025781 0.031616
15 0.129297 0.305621 0.025781 0.030445
15 0.135547 0.283958 0.019531 0.026932
15 0.186328 0.270492 0.019531 0.035129
15 0.197656 0.236534 0.015625 0.028103
15 0.172266 0.221311 0.024219 0.028103
15 0.245312 0.289227 0.021875 0.028103
15 0.278516 0.275176 0.019531 0.032787
15 0.305469 0.279274 0.023438 0.033958
15 0.328125 0.279274 0.014063 0.024590
15 0.383984 0.346604 0.030469 0.039813
15 0.389062 0.316745 0.029687 0.033958
15 0.466016 0.340164 0.055469 0.040984
15 0.502734 0.281616 0.030469 0.038642
15 0.476562 0.296253 0.025000 0.025761
15 0.533594 0.272834 0.034375 0.032787
15 0.573828 0.307963 0.028906 0.025761
15 0.510938 0.419204 0.028125 0.025761
15 0.526953 0.439110 0.017969 0.021077
15 0.569922 0.401054 0.030469 0.033958
15 0.628906 0.449063 0.028125 0.031616
15 0.664062 0.361241 0.032813 0.036300
15 0.439844 0.461358 0.021875 0.037471
15 0.412500 0.448478 0.029687 0.030445
15 0.416406 0.252342 0.026562 0.024590
15 0.391797 0.244145 0.016406 0.026932
15 0.363281 0.194379 0.015625 0.030445
15 0.378516 0.176230 0.011719 0.033958
15 0.394531 0.172717 0.026562 0.038642
15 0.347266 0.169789 0.035156 0.032787
15 0.317969 0.203747 0.020313 0.018735
15 0.317188 0.166862 0.018750 0.026932
15 0.290234 0.223653 0.025781 0.028103
15 0.284375 0.154567 0.026562 0.042155
15 0.247266 0.139344 0.035156 0.023419
15 0.279687 0.112412 0.029687 0.023419
15 0.524219 0.233607 0.020313 0.024590
15 0.519141 0.192623 0.028906 0.036300
15 0.499609 0.162763 0.036719 0.035129
15 0.655078 0.213115 0.032031 0.028103
15 0.588672 0.228337 0.030469 0.023419
15 0.642578 0.182084 0.027344 0.022248
15 0.599609 0.155152 0.032031 0.029274
15 0.589063 0.129391 0.035937 0.031616
15 0.661719 0.122951 0.029687 0.030445
15 0.698438 0.141686 0.040625 0.028103
15 0.688281 0.171546 0.025000 0.024590
15 0.711719 0.173888 0.020313 0.022248
15 0.794531 0.201405 0.032813 0.035129
15 0.828906 0.144028 0.048438 0.037471
15 0.793359 0.098361 0.033594 0.025761
15 0.842187 0.056792 0.021875 0.017564
15 0.926172 0.175059 0.030469 0.033958
15 0.803516 0.326698 0.035156 0.049180
15 0.837891 0.438525 0.025781 0.038642
15 0.884375 0.492389 0.021875 0.048009
15 0.965625 0.643443 0.026562 0.043326
15 0.990625 0.696136 0.018750 0.031616
15 0.912109 0.939696 0.030469 0.071429
15 0.354687 0.094262 0.026562 0.029274
15 0.150781 0.184426 0.017188 0.033958
15 0.124219 0.189696 0.021875 0.025761
15 0.100391 0.166862 0.017969 0.031616
15 0.074219 0.216628 0.018750 0.039813
15 0.023438 0.283372 0.029687 0.042155
15 0.049219 0.371780 0.020313 0.031616
15 0.019922 0.200234 0.016406 0.032787
15 0.026562 0.167447 0.025000 0.042155
15 0.042188 0.169204 0.010937 0.022248
15 0.050000 0.148712 0.017188 0.046838
15 0.018750 0.132319 0.017188 0.028103
15 0.054688 0.125293 0.018750 0.028103
15 0.065625 0.107728 0.015625 0.028103
15 0.095312 0.110656 0.020313 0.033958
15 0.086328 0.077283 0.025781 0.030445
15 0.148828 0.057963 0.016406 0.022248
15 0.167187 0.074356 0.018750 0.022248
