15 0.010000 0.048315 0.017500 0.051685
15 0.023125 0.056180 0.016250 0.040449
15 0.035625 0.075281 0.013750 0.042697
15 0.058125 0.082022 0.021250 0.042697
15 0.081875 0.058427 0.016250 0.040449
15 0.101875 0.076404 0.033750 0.040449
15 0.105625 0.026966 0.016250 0.026966
15 0.201250 0.029213 0.025000 0.031461
15 0.207500 0.160674 0.025000 0.056180
15 0.141875 0.158427 0.026250 0.047191
15 0.157500 0.223596 0.027500 0.047191
15 0.172500 0.287640 0.025000 0.044944
15 0.208750 0.256180 0.020000 0.040449
15 0.230625 0.244944 0.016250 0.044944
15 0.271250 0.247191 0.027500 0.040449
15 0.298750 0.253933 0.012500 0.035955
15 0.309375 0.287640 0.016250 0.022472
15 0.325625 0.241573 0.016250 0.029213
15 0.305625 0.201124 0.021250 0.029213
15 0.262500 0.177528 0.042500 0.049438
15 0.265000 0.114607 0.030000 0.031461
15 0.298125 0.107865 0.026250 0.044944
15 0.368750 0.132584 0.030000 0.031461
15 0.383125 0.189888 0.018750 0.033708
15 0.401250 0.141573 0.027500 0.031461
15 0.412500 0.168539 0.017500 0.026966
15 0.430625 0.211236 0.016250 0.035955
15 0.443750 0.198876 0.022500 0.033708
15 0.413125 0.240449 0.018750 0.044944
15 0.397500 0.258427 0.030000 0.035955
15 0.469375 0.157303 0.016250 0.031461
15 0.470625 0.125843 0.016250 0.026966
15 0.451875 0.080899 0.026250 0.049438
15 0.509375 0.096629 0.028750 0.031461
15 0.516250 0.144944 0.025000 0.038202
15 0.521250 0.214607 0.012500 0.033708
15 0.500625 0.234831 0.026250 0.024719
15 0.563125 0.179775 0.026250 0.031461
15 0.551250 0.144944 0.020000 0.029213
15 0.550625 0.115730 0.013750 0.020225
15 0.535625 0.019101 0.026250 0.029213
15 0.578750 0.083146 0.017500 0.031461
15 0.597500 0.059551 0.020000 0.029213
15 0.605625 0.028090 0.016250 0.029213
15 0.622500 0.033708 0.012500 0.035955
15 0.639375 0.022472 0.011250 0.022472
15 0.665000 0.026966 0.015000 0.026966
15 0.711875 0.082022 0.013750 0.029213
15 0.710000 0.108989 0.017500 0.024719
15 0.742500 0.088764 0.027500 0.038202
15 0.638125 0.102247 0.021250 0.029213
15 0.622500 0.166292 0.025000 0.040449
15 0.646250 0.350562 0.012500 0.049438
15 0.666250 0.319101 0.027500 0.035955
15 0.706875 0.356180 0.031250 0.033708
15 0.753125 0.328090 0.018750 0.031461
15 0.783125 0.297753 0.028750 0.029213
15 0.830000 0.259551 0.025000 0.038202
15 0.856250 0.292135 0.025000 0.044944
15 0.924375 0.360674 0.028750 0.042697
15 0.976250 0.395506 0.027500 0.044944
15 0.993750 0.375281 0.010000 0.017978
15 0.880625 0.437079 0.023750 0.060674
15 0.888750 0.471910 0.015000 0.035955
15 0.900000 0.558427 0.015000 0.038202
15 0.971250 0.600000 0.022500 0.049438
15 0.946875 0.658427 0.043750 0.067416
15 0.885625 0.641573 0.028750 0.042697
15 0.815625 0.534831 0.028750 0.040449
15 0.795625 0.493258 0.021250 0.029213
15 0.826250 0.474157 0.022500 0.040449
15 0.817500 0.446067 0.030000 0.038202
15 0.825000 0.413483 0.022500 0.026966
15 0.766250 0.439326 0.042500 0.065169
15 0.716875 0.507865 0.036250 0.053933
15 0.656250 0.489888 0.027500 0.035955
15 0.644375 0.523596 0.023750 0.040449
15 0.635000 0.586517 0.020000 0.026966
15 0.595000 0.529213 0.030000 0.042697
15 0.627500 0.452809 0.017500 0.047191
15 0.607500 0.407865 0.017500 0.029213
15 0.599375 0.374157 0.021250 0.038202
15 0.556250 0.403371 0.030000 0.051685
15 0.506875 0.387640 0.013750 0.042697
15 0.501250 0.440449 0.022500 0.035955
15 0.466250 0.431461 0.027500 0.035955
15 0.521875 0.530337 0.026250 0.044944
15 0.559375 0.578652 0.028750 0.033708
15 0.561875 0.611236 0.031250 0.044944
15 0.589375 0.642697 0.018750 0.031461
15 0.728750 0.691011 0.017500 0.029213
15 0.746875 0.660674 0.018750 0.031461
15 0.793125 0.688764 0.016250 0.047191
15 0.824375 0.706742 0.013750 0.042697
15 0.827500 0.779775 0.022500 0.035955
15 0.711250 0.819101 0.030000 0.038202
15 0.763125 0.875281 0.023750 0.047191
15 0.781875 0.958427 0.018750 0.033708
15 0.683125 0.924719 0.018750 0.038202
15 0.651875 0.857303 0.026250 0.042697
15 0.636875 0.882022 0.023750 0.047191
15 0.551875 0.831461 0.031250 0.044944
15 0.518125 0.893258 0.026250 0.038202
15 0.543750 0.987640 0.020000 0.024719
15 0.583750 0.975281 0.025000 0.049438
15 0.471250 0.951685 0.015000 0.029213
15 0.435000 0.824719 0.015000 0.035955
15 0.405000 0.888764 0.027500 0.038202
15 0.409375 0.724719 0.031250 0.074157
15 0.415625 0.514607 0.026250 0.058427
15 0.413125 0.446067 0.023750 0.047191
15 0.390625 0.461798 0.016250 0.042697
15 0.160625 0.619101 0.016250 0.083146
15 0.237500 0.544944 0.025000 0.047191
15 0.095000 0.695506 0.035000 0.047191
15 0.053750 0.650562 0.040000 0.051685
15 0.040000 0.701124 0.035000 0.053933
15 0.022500 0.813483 0.042500 0.080899
15 0.102500 0.912360 0.052500 0.067416
15 0.043750 0.246067 0.020000 0.042697
15 0.059375 0.167416 0.036250 0.051685
15 0.076250 0.140449 0.022500 0.033708
15 0.117500 0.242697 0.030000 0.062921
