15 0.623656 0.850000 0.064516 0.088889
15 0.381720 0.641667 0.075269 0.083333
15 0.451613 0.697222 0.064516 0.072222
15 0.222222 0.577778 0.050179 0.066667
15 0.245520 0.675000 0.053763 0.072222
15 0.163082 0.536111 0.053763 0.072222
15 0.139785 0.455556 0.057348 0.066667
15 0.087814 0.411111 0.060932 0.055556
15 0.086022 0.316667 0.043011 0.044444
15 0.227599 0.191667 0.075269 0.094444
15 0.390681 0.186111 0.057348 0.061111
15 0.582437 0.308333 0.060932 0.083333
15 0.677419 0.358333 0.028674 0.038889
15 0.693548 0.180556 0.039427 0.061111
15 0.602151 0.100000 0.064516 0.055556
15 0.431900 0.061111 0.039427 0.044444
15 0.299283 0.047222 0.053763 0.061111
15 0.080645 0.063889 0.060932 0.050000
