15 0.224852 0.914716 0.177515 0.090301
15 0.730769 0.894649 0.289941 0.096990
15 0.168639 0.755853 0.242604 0.127090
15 0.050296 0.928094 0.088757 0.083612
15 0.668639 0.620401 0.284024 0.137124
15 0.366864 0.600334 0.153846 0.076923
15 0.236686 0.586957 0.106509 0.110368
15 0.109467 0.560201 0.088757 0.123746
15 0.636095 0.376254 0.183432 0.110368
15 0.810651 0.341137 0.224852 0.093645
15 0.550296 0.173913 0.106509 0.060201
15 0.301775 0.150502 0.142012 0.053512
15 0.150888 0.235786 0.112426 0.070234
15 0.056213 0.252508 0.100592 0.096990
15 0.893491 0.110368 0.213018 0.107023
15 0.920118 0.040134 0.112426 0.073579
15 0.248521 0.020067 0.165680 0.033445
