15 0.514085 0.655367 0.049296 0.079096
15 0.404930 0.683616 0.056338 0.079096
15 0.508803 0.819209 0.038732 0.079096
15 0.459507 0.878531 0.031690 0.050847
15 0.225352 0.836158 0.056338 0.067797
15 0.153169 0.920904 0.052817 0.045198
15 0.179577 0.714689 0.042254 0.050847
15 0.320423 0.500000 0.042254 0.062147
15 0.320423 0.440678 0.035211 0.045198
15 0.325704 0.341808 0.031690 0.039548
15 0.357394 0.378531 0.038732 0.056497
15 0.404930 0.355932 0.042254 0.045198
15 0.364437 0.466102 0.045775 0.062147
15 0.406690 0.477401 0.024648 0.050847
15 0.455986 0.471751 0.031690 0.062147
15 0.489437 0.483051 0.021127 0.062147
15 0.468310 0.409605 0.021127 0.028249
15 0.508803 0.358757 0.024648 0.039548
15 0.570423 0.392655 0.035211 0.050847
15 0.582746 0.451977 0.031690 0.056497
15 0.614437 0.494350 0.024648 0.050847
15 0.676056 0.500000 0.035211 0.062147
15 0.716549 0.497175 0.038732 0.079096
15 0.700704 0.550847 0.028169 0.039548
15 0.705986 0.601695 0.031690 0.039548
15 0.679577 0.621469 0.028169 0.045198
15 0.764085 0.615819 0.028169 0.045198
15 0.815141 0.615819 0.031690 0.045198
15 0.822183 0.669492 0.038732 0.039548
15 0.862676 0.596045 0.035211 0.062147
15 0.838028 0.556497 0.028169 0.039548
15 0.827465 0.502825 0.042254 0.033898
15 0.845070 0.437853 0.028169 0.062147
15 0.818662 0.415254 0.045775 0.039548
15 0.896127 0.412429 0.038732 0.045198
15 0.929577 0.553672 0.042254 0.056497
15 0.970070 0.596045 0.031690 0.062147
15 0.272887 0.415254 0.024648 0.039548
15 0.207746 0.435028 0.028169 0.033898
15 0.227113 0.403955 0.024648 0.050847
15 0.193662 0.398305 0.035211 0.039548
15 0.165493 0.406780 0.021127 0.033898
15 0.161972 0.375706 0.049296 0.039548
