15 0.429412 0.789562 0.352941 0.111111
15 0.335294 0.560606 0.070588 0.023569
15 0.429412 0.520202 0.105882 0.057239
15 0.408824 0.493266 0.100000 0.030303
15 0.582353 0.476431 0.094118 0.037037
15 0.679412 0.574074 0.100000 0.037037
15 0.170588 0.409091 0.129412 0.043771
15 0.050000 0.461279 0.088235 0.040404
15 0.332353 0.335017 0.147059 0.050505
15 0.247059 0.230640 0.117647 0.043771
15 0.320588 0.173401 0.100000 0.037037
15 0.176471 0.171717 0.117647 0.033670
15 0.123529 0.141414 0.105882 0.033670
15 0.132353 0.057239 0.088235 0.033670
15 0.200000 0.047138 0.105882 0.033670
15 0.823529 0.026936 0.035294 0.033670
15 0.920588 0.306397 0.100000 0.053872
15 0.855882 0.252525 0.076471 0.040404
15 0.785294 0.203704 0.052941 0.030303
